/*--------------------------------*- C++ -*----------------------------------*\
| =========                 |                                                 |
| \\      /  F ield         | OpenFOAM: The Open Source CFD Toolbox           |
|  \\    /   O peration     | Version:  2.4.x                                 |
|   \\  /    A nd           | Web:      www.OpenFOAM.org                      |
|    \\/     M anipulation  |                                                 |
\*---------------------------------------------------------------------------*/
FoamFile
{
    version     2.0;
    format      ascii;
    class       surfaceScalarField;
    location    "0.09";
    object      phi;
}
// * * * * * * * * * * * * * * * * * * * * * * * * * * * * * * * * * * * * * //

dimensions      [1 0 -1 0 0 0 0];

internalField   nonuniform List<scalar> 
2425
(
1.06635e-06
-1.55492e-08
1.03591e-06
3.04543e-08
9.77191e-07
5.87224e-08
9.10544e-07
6.66526e-08
8.44557e-07
6.59913e-08
7.8239e-07
6.21708e-08
7.28295e-07
5.40991e-08
6.7848e-07
4.98182e-08
6.3241e-07
4.60737e-08
5.87727e-07
4.46867e-08
5.47257e-07
4.04724e-08
5.12411e-07
3.4848e-08
4.79777e-07
3.26363e-08
4.51118e-07
2.86612e-08
4.24736e-07
2.6384e-08
4.01303e-07
2.34349e-08
3.80075e-07
2.12293e-08
3.61435e-07
1.86407e-08
3.44073e-07
1.73635e-08
3.27939e-07
1.6134e-08
3.13376e-07
1.45624e-08
2.99715e-07
1.36609e-08
2.87142e-07
1.25738e-08
2.75711e-07
1.14327e-08
2.64195e-07
1.15178e-08
2.53536e-07
1.06616e-08
2.43649e-07
9.88761e-09
2.34613e-07
9.03549e-09
2.26201e-07
8.41211e-09
2.1849e-07
7.71139e-09
2.11337e-07
7.1537e-09
2.04703e-07
6.63539e-09
1.98644e-07
6.06074e-09
1.93026e-07
5.62128e-09
1.87768e-07
5.26008e-09
1.82828e-07
4.94346e-09
1.78187e-07
4.64545e-09
1.73748e-07
4.43995e-09
1.69551e-07
4.20415e-09
1.65449e-07
4.10148e-09
1.61356e-07
4.09457e-09
1.57251e-07
4.1173e-09
1.5275e-07
4.47885e-09
1.4762e-07
5.1606e-09
1.41466e-07
6.23256e-09
1.32032e-07
9.494e-09
1.20398e-07
1.29256e-08
1.10654e-07
1.41161e-08
1.13969e-07
1.23334e-08
2.42973e-08
3.21216e-06
-7.53914e-08
3.07422e-06
1.68426e-07
2.87674e-06
2.56218e-07
2.67208e-06
2.71328e-07
2.47425e-06
2.63833e-07
2.29568e-06
2.40757e-07
2.13646e-06
2.13329e-07
1.98909e-06
1.97195e-07
1.84782e-06
1.87351e-07
1.71949e-06
1.73029e-07
1.60416e-06
1.55814e-07
1.50162e-06
1.37393e-07
1.40898e-06
1.25284e-07
1.32558e-06
1.12067e-07
1.25044e-06
1.01529e-07
1.18197e-06
9.19121e-08
1.12123e-06
8.19685e-08
1.06648e-06
7.33968e-08
1.01642e-06
6.74282e-08
9.70137e-07
6.24152e-08
9.27171e-07
5.75264e-08
8.87536e-07
5.32939e-08
8.51259e-07
4.8851e-08
8.17844e-07
4.48536e-08
7.85061e-07
4.43091e-08
7.53552e-07
4.21751e-08
7.24737e-07
3.87039e-08
6.98016e-07
3.57558e-08
6.73433e-07
3.29941e-08
6.5056e-07
3.0585e-08
6.29447e-07
2.82695e-08
6.09881e-07
2.62039e-08
5.91921e-07
2.40262e-08
5.75393e-07
2.21589e-08
5.59848e-07
2.08121e-08
5.45295e-07
1.9508e-08
5.31566e-07
1.83875e-08
5.18473e-07
1.7535e-08
5.06077e-07
1.66216e-08
4.93961e-07
1.62163e-08
4.8187e-07
1.61894e-08
4.69712e-07
1.63126e-08
4.56406e-07
1.77198e-08
4.41245e-07
2.04143e-08
4.23058e-07
2.46656e-08
3.95713e-07
3.70224e-08
3.61607e-07
5.08764e-08
3.34624e-07
5.41783e-08
3.44059e-07
4.99215e-08
9.18641e-08
5.25947e-06
-8.03439e-08
4.91774e-06
5.10193e-07
4.54324e-06
6.30748e-07
4.20013e-06
6.14455e-07
3.89402e-06
5.69974e-07
3.61951e-06
5.1528e-07
3.35741e-06
4.75442e-07
3.11506e-06
4.39564e-07
2.89933e-06
4.03097e-07
2.70632e-06
3.66055e-07
2.53294e-06
3.29208e-07
2.37777e-06
2.92569e-07
2.23821e-06
2.64859e-07
2.11191e-06
2.38379e-07
1.99729e-06
2.16147e-07
1.89339e-06
1.95831e-07
1.80016e-06
1.752e-07
1.71578e-06
1.57781e-07
1.63825e-06
1.44963e-07
1.56631e-06
1.34354e-07
1.49962e-06
1.24213e-07
1.43788e-06
1.15029e-07
1.38137e-06
1.05367e-07
1.32986e-06
9.63668e-08
1.27983e-06
9.43603e-08
1.23063e-06
9.13792e-08
1.18469e-06
8.46497e-08
1.14223e-06
7.82132e-08
1.1029e-06
7.23195e-08
1.06637e-06
6.71119e-08
1.03249e-06
6.21596e-08
1.00096e-06
5.77342e-08
9.72055e-07
5.29404e-08
9.45528e-07
4.87026e-08
9.20633e-07
4.57191e-08
8.97223e-07
4.29373e-08
8.75149e-07
4.04833e-08
8.54077e-07
3.86115e-08
8.34082e-07
3.66523e-08
8.14502e-07
3.57926e-08
7.94966e-07
3.57361e-08
7.75297e-07
3.60395e-08
7.53685e-07
3.92293e-08
7.2917e-07
4.50924e-08
6.99716e-07
5.45694e-08
6.56084e-07
8.10751e-08
6.01959e-07
1.11304e-07
5.59683e-07
1.18143e-07
5.76254e-07
1.12126e-07
2.02527e-07
6.93636e-06
3.42231e-07
6.23822e-06
1.20838e-06
5.70276e-06
1.16624e-06
5.2779e-06
1.03935e-06
4.8846e-06
9.63306e-07
4.52399e-06
8.75916e-07
4.20841e-06
7.91041e-07
3.93029e-06
7.17698e-07
3.68141e-06
6.51997e-07
3.45807e-06
5.89414e-07
3.25729e-06
5.30006e-07
3.07569e-06
4.74191e-07
2.9099e-06
4.30663e-07
2.75855e-06
3.89744e-07
2.62074e-06
3.53962e-07
2.49524e-06
3.21349e-07
2.38145e-06
2.89001e-07
2.27704e-06
2.62196e-07
2.18027e-06
2.41742e-07
2.09026e-06
2.24359e-07
2.0065e-06
2.07964e-07
1.9288e-06
1.92735e-07
1.85756e-06
1.76604e-07
1.79215e-06
1.61785e-07
1.73134e-06
1.55198e-07
1.67091e-06
1.51815e-07
1.61087e-06
1.44688e-07
1.55535e-06
1.33737e-07
1.50373e-06
1.23935e-07
1.45577e-06
1.15075e-07
1.41125e-06
1.0668e-07
1.3697e-06
9.9289e-08
1.3312e-06
9.1451e-08
1.29589e-06
8.40321e-08
1.263e-06
7.86329e-08
1.232e-06
7.39633e-08
1.20274e-06
6.97729e-08
1.17475e-06
6.66034e-08
1.14814e-06
6.33106e-08
1.12204e-06
6.18913e-08
1.09599e-06
6.1813e-08
1.06964e-06
6.24679e-08
1.04057e-06
6.81782e-08
1.00766e-06
7.8253e-08
9.68163e-07
9.47617e-08
9.10583e-07
1.39252e-07
8.39395e-07
1.9206e-07
7.83765e-07
2.05953e-07
8.10173e-07
1.97317e-07
3.54322e-07
7.1044e-06
2.70141e-06
6.29917e-06
2.01366e-06
5.88741e-06
1.57803e-06
5.49722e-06
1.42958e-06
5.16867e-06
1.2919e-06
4.87775e-06
1.16687e-06
4.6105e-06
1.05831e-06
4.36456e-06
9.63658e-07
4.13618e-06
8.80412e-07
3.92669e-06
7.9893e-07
3.73452e-06
7.22192e-07
3.55594e-06
6.52792e-07
3.39082e-06
5.9581e-07
3.23724e-06
5.43337e-07
3.09377e-06
4.9744e-07
2.96172e-06
4.53415e-07
2.84081e-06
4.09929e-07
2.72793e-06
3.75085e-07
2.62261e-06
3.47071e-07
2.52395e-06
3.23018e-07
2.43165e-06
3.00256e-07
2.34537e-06
2.79007e-07
2.26567e-06
2.56307e-07
2.19198e-06
2.35489e-07
2.12318e-06
2.24027e-07
2.05823e-06
2.16785e-07
1.99258e-06
2.10343e-07
1.92739e-06
1.98921e-07
1.86689e-06
1.84439e-07
1.81049e-06
1.71468e-07
1.75783e-06
1.5934e-07
1.70862e-06
1.48506e-07
1.66246e-06
1.37627e-07
1.61997e-06
1.26553e-07
1.58091e-06
1.17716e-07
1.54404e-06
1.10868e-07
1.50912e-06
1.04719e-07
1.47565e-06
1.001e-07
1.4437e-06
9.53147e-08
1.41228e-06
9.33169e-08
1.38091e-06
9.32312e-08
1.34894e-06
9.4516e-08
1.31356e-06
1.03446e-07
1.27361e-06
1.18554e-07
1.22559e-06
1.43523e-07
1.15677e-06
2.09201e-07
1.07205e-06
2.89908e-07
1.00609e-06
3.15146e-07
1.04561e-06
3.05871e-07
5.48443e-07
3.30829e-06
-3.27941e-09
4.34745e-06
9.74539e-07
4.69991e-06
1.22561e-06
4.76471e-06
1.36482e-06
4.72674e-06
1.32992e-06
4.63179e-06
1.26186e-06
4.50485e-06
1.18529e-06
4.36518e-06
1.10336e-06
4.22413e-06
1.02149e-06
4.08625e-06
9.36838e-07
3.95051e-06
8.57951e-07
3.8144e-06
7.88933e-07
3.67665e-06
7.33591e-07
3.53841e-06
6.81599e-07
3.40632e-06
6.29531e-07
3.2832e-06
5.76565e-07
3.1688e-06
5.24358e-07
3.05988e-06
4.84019e-07
2.95666e-06
4.5029e-07
2.85899e-06
4.20688e-07
2.76673e-06
3.92503e-07
2.67961e-06
3.66128e-07
2.59795e-06
3.37964e-07
2.52174e-06
3.11721e-07
2.45012e-06
2.95684e-07
2.38275e-06
2.84178e-07
2.31774e-06
2.75377e-07
2.25126e-06
2.65397e-07
2.1853e-06
2.50387e-07
2.1238e-06
2.32965e-07
2.06647e-06
2.16676e-07
2.0126e-06
2.02384e-07
1.96166e-06
1.88586e-07
1.91382e-06
1.74412e-07
1.86979e-06
1.61774e-07
1.82899e-06
1.51712e-07
1.7902e-06
1.43555e-07
1.75287e-06
1.37454e-07
1.7172e-06
1.31058e-07
1.68191e-06
1.28619e-07
1.64661e-06
1.2861e-07
1.61029e-06
1.30932e-07
1.56997e-06
1.43701e-07
1.52454e-06
1.64453e-07
1.4697e-06
1.99206e-07
1.3923e-06
2.88322e-07
1.29795e-06
4.01308e-07
1.22571e-06
4.43947e-07
1.28264e-06
4.30003e-07
7.84558e-07
1.51703e-06
-8.06963e-07
2.61708e-06
-1.25474e-07
3.33842e-06
5.04318e-07
3.76237e-06
9.40928e-07
3.98847e-06
1.10386e-06
4.09127e-06
1.1591e-06
4.12162e-06
1.15497e-06
4.10473e-06
1.12029e-06
4.06058e-06
1.06568e-06
4.00054e-06
9.96903e-07
3.92794e-06
9.30579e-07
3.84571e-06
8.71195e-07
3.75853e-06
8.20814e-07
3.66733e-06
7.72822e-07
3.56932e-06
7.27543e-07
3.46782e-06
6.78094e-07
3.3704e-06
6.21821e-07
3.27574e-06
5.78702e-07
3.18416e-06
5.41867e-07
3.09617e-06
5.08666e-07
3.01171e-06
4.76959e-07
2.93018e-06
4.47647e-07
2.85227e-06
4.1588e-07
2.77899e-06
3.8503e-07
2.70978e-06
3.64929e-07
2.64387e-06
3.50123e-07
2.58115e-06
3.38115e-07
2.51905e-06
3.27515e-07
2.45514e-06
3.14293e-07
2.39232e-06
2.95774e-07
2.33336e-06
2.7564e-07
2.27769e-06
2.58062e-07
2.22485e-06
2.41435e-07
2.17463e-06
2.24673e-07
2.12758e-06
2.0886e-07
2.08417e-06
1.95177e-07
2.04338e-06
1.84393e-07
2.00404e-06
1.76846e-07
1.96622e-06
1.68956e-07
1.92857e-06
1.66317e-07
1.89085e-06
1.66463e-07
1.85159e-06
1.703e-07
1.80787e-06
1.87436e-07
1.75875e-06
2.14211e-07
1.69885e-06
2.60227e-07
1.61539e-06
3.74662e-07
1.51608e-06
5.23594e-07
1.44264e-06
5.88111e-07
1.52192e-06
5.72672e-07
1.06747e-06
9.36598e-07
-9.20394e-07
1.58932e-06
-7.78147e-07
2.29661e-06
-2.0293e-07
2.84677e-06
3.90826e-07
3.22181e-06
7.2886e-07
3.46101e-06
9.19952e-07
3.61258e-06
1.00344e-06
3.70116e-06
1.03174e-06
3.74846e-06
1.01842e-06
3.76662e-06
9.7877e-07
3.76048e-06
9.3675e-07
3.73616e-06
8.95557e-07
3.69939e-06
8.57616e-07
3.65375e-06
8.18489e-07
3.60192e-06
7.7939e-07
3.53814e-06
7.41908e-07
3.46543e-06
6.9458e-07
3.39214e-06
6.52013e-07
3.31863e-06
6.15376e-07
3.24546e-06
5.81827e-07
3.17315e-06
5.4926e-07
3.10221e-06
5.18577e-07
3.03266e-06
4.85435e-07
2.96623e-06
4.51489e-07
2.90364e-06
4.27561e-07
2.84356e-06
4.10235e-07
2.7858e-06
3.95891e-07
2.73012e-06
3.83217e-07
2.67314e-06
3.71283e-07
2.61414e-06
3.54756e-07
2.55712e-06
3.32665e-07
2.50286e-06
3.12328e-07
2.45086e-06
2.9346e-07
2.40107e-06
2.74498e-07
2.35348e-06
2.56518e-07
2.3088e-06
2.39943e-07
2.26742e-06
2.25839e-07
2.22793e-06
2.16413e-07
2.18974e-06
2.07251e-07
2.15144e-06
2.04693e-07
2.11289e-06
2.05201e-07
2.07209e-06
2.11269e-07
2.02668e-06
2.33051e-07
1.97554e-06
2.6619e-07
1.91211e-06
3.2521e-07
1.82532e-06
4.65924e-07
1.72572e-06
6.51707e-07
1.65624e-06
7.43982e-07
1.76407e-06
7.26734e-07
1.40158e-06
7.96031e-07
-7.83486e-07
1.04964e-06
-1.03172e-06
1.60048e-06
-7.53736e-07
2.13975e-06
-1.48405e-07
2.5615e-06
3.07153e-07
2.8752e-06
6.06295e-07
3.10176e-06
7.76914e-07
3.26465e-06
8.68884e-07
3.38154e-06
9.01573e-07
3.46276e-06
8.97582e-07
3.51361e-06
8.8593e-07
3.54136e-06
8.67846e-07
3.55149e-06
8.4752e-07
3.5478e-06
8.22205e-07
3.53336e-06
7.9385e-07
3.50716e-06
7.68153e-07
3.46781e-06
7.33972e-07
3.41972e-06
7.0014e-07
3.36816e-06
6.66936e-07
3.31436e-06
6.35611e-07
3.2592e-06
6.04403e-07
3.20325e-06
5.74523e-07
3.14625e-06
5.42435e-07
3.09066e-06
5.07102e-07
3.0381e-06
4.80157e-07
2.98689e-06
4.61477e-07
2.93713e-06
4.45665e-07
2.88861e-06
4.31736e-07
2.84121e-06
4.18701e-07
2.79084e-06
4.05099e-07
2.73836e-06
3.85135e-07
2.6883e-06
3.62403e-07
2.63984e-06
3.41948e-07
2.59308e-06
3.21321e-07
2.54805e-06
3.01627e-07
2.50451e-06
2.83611e-07
2.46328e-06
2.67231e-07
2.42464e-06
2.55169e-07
2.38765e-06
2.44388e-07
2.35022e-06
2.4228e-07
2.31235e-06
2.43367e-07
2.27139e-06
2.52482e-07
2.22602e-06
2.7891e-07
2.17446e-06
3.18897e-07
2.10921e-06
3.92793e-07
2.02207e-06
5.62233e-07
1.92674e-06
7.8332e-07
1.86628e-06
9.08406e-07
2.00899e-06
8.7763e-07
1.78703e-06
9.55188e-07
-6.96009e-07
9.75988e-07
-1.0525e-06
1.2739e-06
-1.05166e-06
1.67913e-06
-5.53626e-07
2.06727e-06
-8.0955e-08
2.39099e-06
2.82599e-07
2.65116e-06
5.16775e-07
2.8523e-06
6.67772e-07
3.00348e-06
7.50423e-07
3.11549e-06
7.85609e-07
3.19938e-06
8.02072e-07
3.26079e-06
8.06469e-07
3.30478e-06
8.03569e-07
3.33563e-06
7.91376e-07
3.35937e-06
7.70135e-07
3.37454e-06
7.53046e-07
3.37421e-06
7.3438e-07
3.35905e-06
7.1533e-07
3.33569e-06
6.90289e-07
3.30707e-06
6.64222e-07
3.27453e-06
6.36922e-07
3.23942e-06
6.09634e-07
3.20154e-06
5.80317e-07
3.16148e-06
5.47166e-07
3.12121e-06
5.2045e-07
3.08102e-06
5.01677e-07
3.04126e-06
4.85422e-07
3.00203e-06
4.70961e-07
2.96316e-06
4.5756e-07
2.92301e-06
4.45252e-07
2.88019e-06
4.27939e-07
2.83669e-06
4.05911e-07
2.79406e-06
3.84631e-07
2.75226e-06
3.63194e-07
2.71165e-06
3.42368e-07
2.67213e-06
3.23305e-07
2.63364e-06
3.0595e-07
2.59636e-06
2.9276e-07
2.56112e-06
2.7986e-07
2.52608e-06
2.77605e-07
2.49031e-06
2.79566e-07
2.45063e-06
2.92605e-07
2.40688e-06
3.23424e-07
2.35643e-06
3.709e-07
2.29301e-06
4.59518e-07
2.20846e-06
6.59535e-07
2.11974e-06
9.14096e-07
2.07219e-06
1.08008e-06
2.25686e-06
1.03321e-06
2.21688e-06
1.81811e-06
-1.49045e-07
1.53132e-06
-7.6567e-07
1.41635e-06
-9.3674e-07
1.56757e-06
-7.04877e-07
1.8516e-06
-3.65002e-07
2.14751e-06
-1.33113e-08
2.41375e-06
2.50543e-07
2.64293e-06
4.38621e-07
2.83286e-06
5.60515e-07
2.97776e-06
6.40737e-07
3.08752e-06
6.92339e-07
3.17431e-06
7.19703e-07
3.24309e-06
7.34824e-07
3.2973e-06
7.37184e-07
3.34633e-06
7.21133e-07
3.39028e-06
7.09149e-07
3.42047e-06
7.04246e-07
3.43627e-06
6.99549e-07
3.44162e-06
6.84935e-07
3.4389e-06
6.66925e-07
3.42961e-06
6.46198e-07
3.4152e-06
6.24038e-07
3.39584e-06
5.9966e-07
3.3713e-06
5.71701e-07
3.34368e-06
5.48062e-07
3.31497e-06
5.3037e-07
3.28558e-06
5.14783e-07
3.25555e-06
5.00954e-07
3.22507e-06
4.88005e-07
3.19418e-06
4.76118e-07
3.16019e-06
4.61916e-07
3.12335e-06
4.42772e-07
3.08651e-06
4.21538e-07
3.04978e-06
4.00052e-07
3.01356e-06
3.7878e-07
2.97789e-06
3.59243e-07
2.9428e-06
3.41395e-07
2.90815e-06
3.27903e-07
2.87414e-06
3.14437e-07
2.83956e-06
3.12912e-07
2.80472e-06
3.15078e-07
2.76565e-06
3.32475e-07
2.72261e-06
3.67786e-07
2.67198e-06
4.23795e-07
2.60924e-06
5.2861e-07
2.52545e-06
7.61845e-07
2.4426e-06
1.04924e-06
2.41079e-06
1.26797e-06
2.65696e-06
1.20023e-06
2.72301e-06
2.75291e-06
3.39894e-08
2.41583e-06
-4.28486e-07
2.05581e-06
-5.76741e-07
1.90431e-06
-5.53462e-07
1.96962e-06
-4.30446e-07
2.16074e-06
-2.04516e-07
2.39368e-06
1.75751e-08
2.62534e-06
2.0695e-07
2.83295e-06
3.52904e-07
3.01526e-06
4.58446e-07
3.1717e-06
5.3592e-07
3.30304e-06
5.88382e-07
3.41361e-06
6.24276e-07
3.50622e-06
6.44595e-07
3.57901e-06
6.48358e-07
3.63201e-06
6.56132e-07
3.67361e-06
6.6265e-07
3.70981e-06
6.63357e-07
3.7386e-06
6.56127e-07
3.75897e-06
6.46511e-07
3.77176e-06
6.33362e-07
3.77778e-06
6.17962e-07
3.77743e-06
5.99946e-07
3.77032e-06
5.78756e-07
3.75822e-06
5.60103e-07
3.7433e-06
5.45205e-07
3.7263e-06
5.31689e-07
3.70775e-06
5.194e-07
3.68785e-06
5.0782e-07
3.66715e-06
4.96767e-07
3.64302e-06
4.86034e-07
3.61489e-06
4.70947e-07
3.58556e-06
4.50999e-07
3.55527e-06
4.30563e-07
3.52471e-06
4.09685e-07
3.49387e-06
3.90532e-07
3.46303e-06
3.72856e-07
3.43211e-06
3.59607e-07
3.40093e-06
3.46581e-07
3.36847e-06
3.46545e-07
3.33446e-06
3.50524e-07
3.29499e-06
3.73776e-07
3.25215e-06
4.13657e-07
3.20113e-06
4.79227e-07
3.1371e-06
6.02335e-07
3.05168e-06
8.77428e-07
2.97479e-06
1.19694e-06
2.96694e-06
1.47834e-06
3.31568e-06
1.37988e-06
3.33404e-06
3.58278e-06
1.00522e-07
3.31482e-06
-1.60335e-07
2.99367e-06
-2.55511e-07
2.70998e-06
-2.69825e-07
2.53231e-06
-2.52956e-07
2.49836e-06
-1.70759e-07
2.57766e-06
-6.18907e-08
2.72577e-06
5.87437e-08
2.90317e-06
1.75444e-07
3.08382e-06
2.77763e-07
3.25155e-06
3.68164e-07
3.40199e-06
4.37937e-07
3.53733e-06
4.88934e-07
3.65709e-06
5.24821e-07
3.75933e-06
5.46104e-07
3.84663e-06
5.68802e-07
3.92265e-06
5.86606e-07
3.98797e-06
5.97989e-07
4.04196e-06
6.02056e-07
4.08567e-06
6.02679e-07
4.1201e-06
5.9878e-07
4.14631e-06
5.91581e-07
4.16468e-06
5.8137e-07
4.17593e-06
5.67275e-07
4.18298e-06
5.52857e-07
4.18687e-06
5.41095e-07
4.18733e-06
5.31005e-07
4.18517e-06
5.21347e-07
4.18076e-06
5.12061e-07
4.17447e-06
5.02952e-07
4.16433e-06
4.96154e-07
4.14967e-06
4.85708e-07
4.13282e-06
4.68107e-07
4.11419e-06
4.49625e-07
4.09408e-06
4.30405e-07
4.07287e-06
4.12551e-07
4.05082e-06
3.95977e-07
4.02777e-06
3.83997e-07
4.00357e-06
3.7243e-07
3.97736e-06
3.74721e-07
3.94847e-06
3.8179e-07
3.91296e-06
4.12505e-07
3.87367e-06
4.57585e-07
3.82407e-06
5.35457e-07
3.76217e-06
6.79369e-07
3.68022e-06
1.00231e-06
3.61805e-06
1.36126e-06
3.6507e-06
1.7244e-06
4.15502e-06
1.55916e-06
4.08739e-06
4.53345e-06
1.08647e-07
4.36295e-06
1.04629e-08
4.12483e-06
-1.71934e-08
3.86792e-06
-1.28221e-08
3.60972e-06
5.19587e-09
3.39846e-06
4.03574e-08
3.26217e-06
7.41987e-08
3.21353e-06
1.07138e-07
3.23975e-06
1.48991e-07
3.31974e-06
1.97579e-07
3.43361e-06
2.54138e-07
3.56199e-06
3.09433e-07
3.69476e-06
3.56068e-07
3.82303e-06
3.96454e-07
3.93941e-06
4.29581e-07
4.0472e-06
4.60836e-07
4.14752e-06
4.86136e-07
4.23823e-06
5.07098e-07
4.31891e-06
5.21145e-07
4.38991e-06
5.31379e-07
4.45168e-06
5.36637e-07
4.50477e-06
5.3805e-07
4.54915e-06
5.36495e-07
4.58575e-06
5.30144e-07
4.61725e-06
5.2085e-07
4.64472e-06
5.1313e-07
4.66806e-06
5.07186e-07
4.68761e-06
5.01365e-07
4.70406e-06
4.95301e-07
4.71569e-06
4.91154e-07
4.72332e-06
4.88576e-07
4.72843e-06
4.80859e-07
4.73034e-06
4.66759e-07
4.72943e-06
4.51389e-07
4.726e-06
4.35006e-07
4.72017e-06
4.19896e-07
4.71231e-06
4.05699e-07
4.70266e-06
3.96023e-07
4.69029e-06
3.87597e-07
4.6754e-06
3.93071e-07
4.65694e-06
4.04239e-07
4.63038e-06
4.44501e-07
4.59861e-06
4.96642e-07
4.55349e-06
5.91207e-07
4.50019e-06
7.57319e-07
4.43167e-06
1.1329e-06
4.39823e-06
1.53927e-06
4.49872e-06
2.02279e-06
5.24947e-06
1.70515e-06
4.94354e-06
5.66772e-06
9.92062e-08
5.56542e-06
1.13166e-07
5.40257e-06
1.45993e-07
5.21004e-06
1.79938e-07
4.99865e-06
2.16713e-07
4.78025e-06
2.58748e-07
4.56403e-06
2.90279e-07
4.36407e-06
3.06812e-07
4.20118e-06
3.11471e-07
4.09173e-06
3.06574e-07
4.04204e-06
3.03376e-07
4.05198e-06
2.99083e-07
4.10365e-06
3.03997e-07
4.17934e-06
3.20348e-07
4.26997e-06
3.38467e-07
4.36878e-06
3.6148e-07
4.46995e-06
3.84447e-07
4.56793e-06
4.08566e-07
4.6586e-06
4.29771e-07
4.74296e-06
4.46149e-07
4.8224e-06
4.56185e-07
4.89592e-06
4.63411e-07
4.96293e-06
4.68268e-07
5.02506e-06
4.66732e-07
5.08296e-06
4.61811e-07
5.13535e-06
4.59621e-07
5.18306e-06
4.58447e-07
5.22507e-06
4.58566e-07
5.26191e-06
4.57915e-07
5.29604e-06
4.56841e-07
5.32919e-06
4.55702e-07
5.3602e-06
4.50551e-07
5.38752e-06
4.40694e-07
5.41083e-06
4.29749e-07
5.43041e-06
4.17656e-07
5.447e-06
4.06137e-07
5.46049e-06
3.95775e-07
5.47122e-06
3.89569e-07
5.47742e-06
3.86389e-07
5.47986e-06
3.9654e-07
5.47762e-06
4.13406e-07
5.46656e-06
4.64528e-07
5.44782e-06
5.27321e-07
5.41252e-06
6.45176e-07
5.37633e-06
8.32864e-07
5.33499e-06
1.264e-06
5.35061e-06
1.73691e-06
5.55714e-06
2.37906e-06
6.67507e-06
1.82209e-06
5.90626e-06
7.06527e-06
9.06064e-08
7.00789e-06
1.71073e-07
6.90836e-06
2.45993e-07
6.77633e-06
3.12345e-07
6.61833e-06
3.7497e-07
6.44848e-06
4.28729e-07
6.26619e-06
4.72536e-07
6.06626e-06
5.06484e-07
5.85632e-06
5.20968e-07
5.64217e-06
5.2007e-07
5.43848e-06
5.06272e-07
5.2637e-06
4.729e-07
5.13004e-06
4.36539e-07
5.04418e-06
4.04931e-07
5.0082e-06
3.72972e-07
5.01411e-06
3.53945e-07
5.04871e-06
3.48184e-07
5.10534e-06
3.50147e-07
5.17628e-06
3.56753e-07
5.25481e-06
3.65297e-07
5.3365e-06
3.71915e-07
5.41731e-06
3.79806e-07
5.49621e-06
3.86543e-07
5.57137e-06
3.88685e-07
5.64098e-06
3.89347e-07
5.7063e-06
3.91596e-07
5.7694e-06
3.93134e-07
5.8323e-06
3.94067e-07
5.89486e-06
3.9459e-07
5.95707e-06
3.94725e-07
6.01945e-06
3.94274e-07
6.07959e-06
3.92265e-07
6.13678e-06
3.8619e-07
6.19038e-06
3.79687e-07
6.24014e-06
3.72432e-07
6.28552e-06
3.66137e-07
6.32595e-06
3.61506e-07
6.36304e-06
3.59803e-07
6.39574e-06
3.62471e-07
6.42262e-06
3.79578e-07
6.44201e-06
4.05859e-07
6.45207e-06
4.69628e-07
6.45405e-06
5.45059e-07
6.44005e-06
6.91062e-07
6.43124e-06
9.08615e-07
6.41892e-06
1.41132e-06
6.51335e-06
1.98074e-06
6.89512e-06
2.80072e-06
8.58014e-06
1.98003e-06
6.8179e-06
8.81398e-06
8.53466e-08
8.78628e-06
1.99449e-07
8.73095e-06
3.01941e-07
8.65033e-06
3.93481e-07
8.54742e-06
4.78269e-07
8.42361e-06
5.52744e-07
8.28161e-06
6.14515e-07
8.12778e-06
6.60059e-07
7.95763e-06
6.90528e-07
7.76546e-06
7.11235e-07
7.55801e-06
7.12554e-07
7.33398e-06
6.95211e-07
7.10085e-06
6.67408e-07
6.87572e-06
6.27086e-07
6.669e-06
5.75951e-07
6.49249e-06
5.25953e-07
6.352e-06
4.83601e-07
6.25345e-06
4.42902e-07
6.19827e-06
4.05452e-07
6.17989e-06
3.76614e-07
6.19055e-06
3.54169e-07
6.22253e-06
3.40392e-07
6.27008e-06
3.31554e-07
6.32781e-06
3.23714e-07
6.39236e-06
3.17945e-07
6.46335e-06
3.14668e-07
6.53922e-06
3.1278e-07
6.62009e-06
3.10468e-07
6.70524e-06
3.08638e-07
6.79359e-06
3.07311e-07
6.88359e-06
3.06891e-07
6.97344e-06
3.06753e-07
7.06185e-06
3.03485e-07
7.14697e-06
3.01714e-07
7.22866e-06
2.99392e-07
7.30629e-06
2.98144e-07
7.37915e-06
2.9952e-07
7.44753e-06
3.03837e-07
7.50963e-06
3.14136e-07
7.5653e-06
3.39735e-07
7.61165e-06
3.7943e-07
7.64527e-06
4.60692e-07
7.67134e-06
5.52414e-07
7.68525e-06
7.32564e-07
7.70206e-06
9.98408e-07
7.74031e-06
1.58761e-06
8.00179e-06
2.2488e-06
8.68055e-06
3.33647e-06
1.1215e-05
2.24732e-06
7.57486e-06
1.10101e-05
8.01812e-08
1.10023e-05
2.08065e-07
1.09791e-05
3.25943e-07
1.09391e-05
4.34182e-07
1.08827e-05
5.35177e-07
1.08084e-05
6.27378e-07
1.07142e-05
7.08668e-07
1.05989e-05
7.7505e-07
1.04631e-05
8.2532e-07
1.03175e-05
8.55787e-07
1.01589e-05
8.6947e-07
9.97696e-06
8.74373e-07
9.77427e-06
8.66158e-07
9.5555e-06
8.40677e-07
9.31928e-06
8.05116e-07
9.07064e-06
7.65239e-07
8.81975e-06
7.2276e-07
8.5779e-06
6.70287e-07
8.35778e-06
6.0886e-07
8.16457e-06
5.50749e-07
8.00337e-06
4.94471e-07
7.87945e-06
4.42488e-07
7.796e-06
3.93633e-07
7.74862e-06
3.50838e-07
7.73172e-06
3.16209e-07
7.74216e-06
2.88507e-07
7.77736e-06
2.66187e-07
7.83449e-06
2.46691e-07
7.90998e-06
2.30859e-07
7.99996e-06
2.18708e-07
8.09949e-06
2.11693e-07
8.2043e-06
2.08781e-07
8.31147e-06
2.05389e-07
8.41927e-06
2.04547e-07
8.52643e-06
2.04641e-07
8.63024e-06
2.08315e-07
8.73024e-06
2.14681e-07
8.82637e-06
2.24704e-07
8.91585e-06
2.43713e-07
8.99941e-06
2.78975e-07
9.07177e-06
3.37764e-07
9.12924e-06
4.42825e-07
9.18001e-06
5.57607e-07
9.22118e-06
7.84064e-07
9.27941e-06
1.11333e-06
9.44687e-06
1.79585e-06
1.00355e-05
2.53547e-06
1.13667e-05
3.943e-06
1.49322e-05
2.89288e-06
8.28243e-06
1.3766e-05
7.30809e-08
1.37735e-05
2.0167e-07
1.37756e-05
3.24862e-07
1.37686e-05
4.42065e-07
1.37507e-05
5.53752e-07
1.37201e-05
6.58395e-07
1.36744e-05
7.54541e-07
1.36102e-05
8.38808e-07
1.3527e-05
9.07953e-07
1.34225e-05
9.58852e-07
1.32957e-05
9.93689e-07
1.31537e-05
1.01225e-06
1.30014e-05
1.013e-06
1.28332e-05
1.00107e-06
1.26454e-05
9.8178e-07
1.24379e-05
9.57429e-07
1.22189e-05
9.21399e-07
1.19896e-05
8.7628e-07
1.17408e-05
8.26779e-07
1.14806e-05
7.72324e-07
1.12155e-05
7.12761e-07
1.09565e-05
6.47789e-07
1.07164e-05
5.76162e-07
1.05038e-05
5.04389e-07
1.03254e-05
4.35886e-07
1.01901e-05
3.70694e-07
1.01026e-05
3.1042e-07
1.00617e-05
2.55163e-07
1.00601e-05
2.08924e-07
1.00889e-05
1.73808e-07
1.01404e-05
1.49672e-07
1.02082e-05
1.34827e-07
1.02865e-05
1.24498e-07
1.03719e-05
1.1956e-07
1.04612e-05
1.18718e-07
1.05532e-05
1.22408e-07
1.0646e-05
1.30971e-07
1.07385e-05
1.45041e-07
1.08295e-05
1.70833e-07
1.09167e-05
2.18532e-07
1.10014e-05
2.96073e-07
1.10753e-05
4.3579e-07
1.11368e-05
5.90834e-07
1.11966e-05
8.8913e-07
1.1315e-05
1.31331e-06
1.17189e-05
2.11979e-06
1.29489e-05
2.82132e-06
1.58146e-05
4.49748e-06
2.074e-05
3.4711e-06
7.97239e-06
1.72237e-05
6.32294e-08
1.72439e-05
1.82807e-07
1.72672e-05
3.0284e-07
1.72887e-05
4.21755e-07
1.7305e-05
5.38377e-07
1.73135e-05
6.50567e-07
1.73127e-05
7.55626e-07
1.73007e-05
8.51051e-07
1.72736e-05
9.34672e-07
1.72268e-05
1.00425e-06
1.71587e-05
1.05913e-06
1.70698e-05
1.09655e-06
1.69596e-05
1.1159e-06
1.68297e-05
1.12013e-06
1.66861e-05
1.10963e-06
1.65417e-05
1.08204e-06
1.63946e-05
1.046e-06
1.62326e-05
1.00658e-06
1.60503e-05
9.65594e-07
1.5846e-05
9.18459e-07
1.56231e-05
8.6256e-07
1.5378e-05
8.00977e-07
1.51114e-05
7.32939e-07
1.48363e-05
6.55684e-07
1.45631e-05
5.74466e-07
1.43026e-05
4.8795e-07
1.40717e-05
4.01045e-07
1.38835e-05
3.1714e-07
1.3732e-05
2.4614e-07
1.36128e-05
1.89145e-07
1.35249e-05
1.45678e-07
1.34648e-05
1.12929e-07
1.34288e-05
8.9219e-08
1.34125e-05
7.36938e-08
1.34145e-05
6.46145e-08
1.34367e-05
6.39532e-08
1.34717e-05
7.18502e-08
1.35165e-05
8.88765e-08
1.35692e-05
1.24191e-07
1.3628e-05
1.90481e-07
1.36962e-05
2.97716e-07
1.37711e-05
4.83753e-07
1.38443e-05
7.02985e-07
1.3959e-05
1.11483e-06
1.43471e-05
1.62808e-06
1.52977e-05
2.64474e-06
1.78262e-05
3.23894e-06
2.28604e-05
5.19063e-06
2.86049e-05
4.04002e-06
6.84872e-06
2.15621e-05
5.04948e-08
2.15933e-05
1.53368e-07
2.16349e-05
2.62915e-07
2.1682e-05
3.76379e-07
2.17308e-05
4.91264e-07
2.1778e-05
6.04732e-07
2.18211e-05
7.13703e-07
2.18574e-05
8.15443e-07
2.18846e-05
9.07595e-07
2.19003e-05
9.87707e-07
2.19027e-05
1.05454e-06
2.18884e-05
1.10662e-06
2.18548e-05
1.14233e-06
2.18024e-05
1.16144e-06
2.17346e-05
1.1606e-06
2.16579e-05
1.14099e-06
2.15658e-05
1.11123e-06
2.14611e-05
1.07237e-06
2.13548e-05
1.02336e-06
2.12379e-05
9.67101e-07
2.10982e-05
9.0925e-07
2.09315e-05
8.45506e-07
2.07341e-05
7.75985e-07
2.05155e-05
6.97161e-07
2.02694e-05
6.13546e-07
1.99944e-05
5.26803e-07
1.96976e-05
4.3945e-07
1.93984e-05
3.52931e-07
1.91082e-05
2.7978e-07
1.88316e-05
2.20744e-07
1.85756e-05
1.73209e-07
1.83443e-05
1.34948e-07
1.81405e-05
1.05069e-07
1.79661e-05
8.41629e-08
1.78204e-05
7.09258e-08
1.7707e-05
6.7176e-08
1.76194e-05
7.76623e-08
1.75581e-05
1.02021e-07
1.75375e-05
1.66004e-07
1.7561e-05
2.51488e-07
1.76307e-05
4.10508e-07
1.77362e-05
6.53839e-07
1.79561e-05
9.67767e-07
1.84653e-05
1.52157e-06
1.96759e-05
2.10402e-06
2.22416e-05
3.17789e-06
2.71976e-05
3.59502e-06
3.36185e-05
4.98684e-06
3.8344e-05
3.5586e-06
5.73397e-06
2.70071e-05
3.51919e-08
2.70473e-05
1.15511e-07
2.71044e-05
2.08189e-07
2.7174e-05
3.09085e-07
2.72527e-05
4.14752e-07
2.73377e-05
5.21813e-07
2.74262e-05
6.27081e-07
2.75157e-05
7.27529e-07
2.7604e-05
8.20323e-07
2.76889e-05
9.03029e-07
2.77686e-05
9.73874e-07
2.78414e-05
1.03112e-06
2.7906e-05
1.0724e-06
2.79672e-05
1.09653e-06
2.80176e-05
1.10239e-06
2.8051e-05
1.09379e-06
2.80673e-05
1.07218e-06
2.80673e-05
1.03685e-06
2.80491e-05
9.88301e-07
2.80099e-05
9.28761e-07
2.79447e-05
8.64658e-07
2.78682e-05
7.91037e-07
2.77697e-05
7.13745e-07
2.76186e-05
6.36586e-07
2.7408e-05
5.61288e-07
2.71384e-05
4.86928e-07
2.68119e-05
4.16011e-07
2.64447e-05
3.48295e-07
2.60586e-05
2.92712e-07
2.56712e-05
2.49219e-07
2.52953e-05
2.14339e-07
2.4942e-05
1.85655e-07
2.46201e-05
1.63097e-07
2.43347e-05
1.49741e-07
2.40928e-05
1.42707e-07
2.38981e-05
1.48541e-07
2.37538e-05
1.76283e-07
2.36637e-05
2.24557e-07
2.36549e-05
3.2613e-07
2.37626e-05
4.89825e-07
2.39886e-05
6.85075e-07
2.44824e-05
1.00013e-06
2.54703e-05
1.40959e-06
2.72184e-05
2.04504e-06
3.02427e-05
2.58371e-06
3.513e-05
3.44808e-06
4.13582e-05
3.6809e-06
4.65101e-05
4.28815e-06
4.94518e-05
2.76731e-06
4.27682e-06
3.3841e-05
1.9746e-08
3.38865e-05
7.29937e-08
3.39548e-05
1.42826e-07
3.40442e-05
2.22721e-07
3.41529e-05
3.09086e-07
3.4279e-05
3.98648e-07
3.44201e-05
4.88904e-07
3.45734e-05
5.76976e-07
3.47371e-05
6.59038e-07
3.49094e-05
7.3275e-07
3.5088e-05
7.96474e-07
3.52739e-05
8.49122e-07
3.54621e-05
8.87454e-07
3.56493e-05
9.1098e-07
3.58326e-05
9.18174e-07
3.60092e-05
9.11633e-07
3.61763e-05
8.92394e-07
3.63298e-05
8.59081e-07
3.64654e-05
8.11846e-07
3.65899e-05
7.55969e-07
3.66818e-05
6.93194e-07
3.67194e-05
6.30321e-07
3.66859e-05
5.69313e-07
3.65679e-05
5.1578e-07
3.63651e-05
4.64779e-07
3.60969e-05
4.17306e-07
3.5757e-05
3.70428e-07
3.53612e-05
3.3293e-07
3.4942e-05
3.0485e-07
3.45221e-05
2.86977e-07
3.4122e-05
2.73721e-07
3.37592e-05
2.65398e-07
3.34505e-05
2.60687e-07
3.32103e-05
2.6599e-07
3.30511e-05
2.77911e-07
3.2991e-05
3.02828e-07
3.30634e-05
3.56215e-07
3.32619e-05
4.39516e-07
3.3613e-05
5.60678e-07
3.43063e-05
7.62761e-07
3.5459e-05
9.66488e-07
3.722e-05
1.25169e-06
3.97534e-05
1.6522e-06
4.32795e-05
2.15197e-06
4.80884e-05
2.61086e-06
5.32576e-05
2.97213e-06
5.75072e-05
2.83443e-06
6.06494e-05
3.05704e-06
6.24089e-05
1.86399e-06
2.806e-06
4.24217e-05
6.24771e-09
4.24678e-05
3.07062e-08
4.25464e-05
6.80061e-08
4.2659e-05
1.14057e-07
4.28059e-05
1.66215e-07
4.2986e-05
2.22626e-07
4.31968e-05
2.82265e-07
4.34333e-05
3.45829e-07
4.36941e-05
4.0409e-07
4.39797e-05
4.53526e-07
4.42878e-05
4.95356e-07
4.46141e-05
5.30472e-07
4.49538e-05
5.56032e-07
4.53016e-05
5.71755e-07
4.56529e-05
5.75261e-07
4.60049e-05
5.66407e-07
4.63562e-05
5.44086e-07
4.67126e-05
5.08714e-07
4.70561e-05
4.63337e-07
4.73715e-05
4.1764e-07
4.76359e-05
3.77508e-07
4.78233e-05
3.51397e-07
4.79117e-05
3.36337e-07
4.78926e-05
3.29119e-07
4.77696e-05
3.22146e-07
4.75616e-05
3.15647e-07
4.72862e-05
3.06086e-07
4.69693e-05
3.02243e-07
4.66493e-05
3.02128e-07
4.6357e-05
3.05695e-07
4.61209e-05
3.1338e-07
4.59685e-05
3.23098e-07
4.59261e-05
3.36359e-07
4.60253e-05
3.55076e-07
4.62939e-05
3.80071e-07
4.67067e-05
4.14887e-07
4.73442e-05
4.62062e-07
4.83753e-05
5.39005e-07
4.97546e-05
6.23632e-07
5.16119e-05
7.20902e-07
5.42311e-05
8.45921e-07
5.74922e-05
9.91759e-07
6.12288e-05
1.17019e-06
6.51681e-05
1.40235e-06
6.9027e-05
1.45693e-06
7.2347e-05
1.59532e-06
7.50628e-05
1.27065e-06
7.71363e-05
1.55825e-06
7.82964e-05
9.46913e-07
1.36369e-06
5.31961e-05
5.32316e-05
5.33045e-05
5.34236e-05
5.3595e-05
5.38231e-05
5.41114e-05
5.44638e-05
5.48752e-05
5.5337e-05
5.58419e-05
5.63839e-05
5.69547e-05
5.75451e-05
5.81417e-05
5.87323e-05
5.9303e-05
5.98368e-05
6.03206e-05
6.07505e-05
6.11273e-05
6.14606e-05
6.17589e-05
6.20309e-05
6.22827e-05
6.25269e-05
6.27758e-05
6.30524e-05
6.33864e-05
6.38084e-05
6.43462e-05
6.50222e-05
6.58569e-05
6.68728e-05
6.8087e-05
6.95135e-05
7.11643e-05
7.30336e-05
7.50965e-05
7.72998e-05
7.95963e-05
8.19236e-05
8.42366e-05
8.65349e-05
8.86232e-05
9.06231e-05
9.21542e-05
9.38294e-05
9.48105e-05
)
;

boundaryField
{
    AXIS
    {
        type            empty;
        value           nonuniform 0();
    }
    OUTLET
    {
        type            calculated;
        value           nonuniform List<scalar> 
25
(
1.27141e-07
3.88776e-07
6.5239e-07
9.19032e-07
1.18917e-06
1.46435e-06
1.74555e-06
2.03562e-06
2.33438e-06
2.64326e-06
3.14303e-06
3.9711e-06
5.04997e-06
6.49306e-06
8.39991e-06
1.09649e-05
1.44652e-05
1.89304e-05
2.51025e-05
3.25827e-05
4.11197e-05
5.17114e-05
6.41856e-05
7.98203e-05
9.61843e-05
)
;
    }
    COFLOW
    {
        type            calculated;
        value           nonuniform List<scalar> 
15
(
-2.36493e-06
-2.93571e-06
-3.64903e-06
-4.54122e-06
-5.65783e-06
-7.0561e-06
-8.808e-06
-1.1004e-05
-1.37578e-05
-1.72124e-05
-2.15476e-05
-2.69895e-05
-3.38226e-05
-4.24045e-05
-5.31852e-05
)
;
    }
    PILOT
    {
        type            calculated;
        value           nonuniform List<scalar> 5(-6.03571e-07 -7.13327e-07 -8.23141e-07 -9.32921e-07 -1.0427e-06);
    }
    FUEL
    {
        type            calculated;
        value           nonuniform List<scalar> 5(-1.0508e-06 -3.1523e-06 -5.25447e-06 -7.35889e-06 -9.46353e-06);
    }
    WALL
    {
        type            calculated;
        value           uniform 0;
    }
    front
    {
        type            wedge;
        value           nonuniform List<scalar> 
1250
(
1.32622e-20
3.60881e-20
5.44814e-20
7.18037e-20
1.00359e-19
6.68789e-20
1.95456e-19
3.74138e-19
7.08604e-19
1.41639e-18
1.1964e-19
3.42895e-19
6.23518e-19
1.08902e-18
1.50304e-18
2.34202e-19
6.53779e-19
1.27047e-18
2.13544e-18
1.24069e-18
1.70634e-19
3.57918e-19
5.99625e-19
6.75491e-19
8.95156e-19
-1.95188e-20
-1.31859e-19
-7.06933e-19
-2.09719e-18
-5.13567e-19
-1.37238e-19
-3.26924e-19
-7.92289e-19
-1.34657e-18
-7.67684e-19
-1.15073e-19
-3.28925e-19
-5.72281e-19
-7.42725e-19
-5.99971e-19
-2.01335e-19
-4.23425e-19
-7.62126e-19
-1.055e-18
-1.22115e-18
-3.92695e-20
-7.78821e-20
2.78577e-21
3.29406e-19
8.26342e-19
-1.45012e-19
-4.49689e-19
-1.00999e-18
-2.3594e-18
-4.87001e-18
-2.51028e-19
-5.72707e-19
-1.29055e-18
-2.49515e-18
-4.10172e-18
-3.55985e-19
-1.02821e-18
-1.88836e-18
-2.91974e-18
-3.83483e-18
-1.69287e-19
-3.34758e-19
-5.13582e-19
-7.51565e-19
-2.1109e-18
-4.14579e-19
-1.3556e-18
-3.33764e-18
-6.81354e-18
-4.29547e-18
-1.37714e-18
-2.95348e-18
-5.62617e-18
-8.02725e-18
-6.72853e-18
-2.07462e-19
-4.41566e-19
7.68458e-20
2.07474e-18
-1.53061e-18
-1.27744e-18
-2.35106e-18
-2.77507e-18
-2.2664e-18
-3.50341e-18
2.83335e-18
6.28723e-18
5.93582e-18
3.90485e-18
2.17561e-18
-1.42237e-17
-2.11453e-17
-1.58839e-17
-8.2308e-18
-6.26709e-18
-5.97438e-18
-9.02157e-18
-7.16509e-18
-9.07893e-19
-3.39902e-18
-1.76796e-18
-3.94776e-18
-3.57773e-18
-2.01785e-18
-4.29201e-18
-1.34363e-18
-3.62375e-18
-5.28006e-18
-6.30588e-18
8.94419e-19
-6.8109e-19
-1.36307e-18
-2.1298e-18
-3.18875e-18
-5.36431e-18
-1.23081e-18
-3.68766e-18
-7.34755e-18
-1.23793e-17
-8.37207e-18
-1.70924e-18
-3.57841e-18
-6.4483e-18
-8.67649e-18
-7.79364e-18
-1.31414e-18
-3.63124e-18
-5.7358e-18
-7.12622e-18
-7.3388e-18
-1.25856e-18
-2.57784e-18
-4.31714e-18
-5.45355e-18
-5.84298e-18
-1.06527e-18
-2.91909e-18
-4.49377e-18
-5.37628e-18
-5.31506e-18
-4.75544e-19
-9.3517e-19
-1.38201e-18
-1.70504e-18
-3.01518e-18
-9.53598e-19
-2.82816e-18
-5.70544e-18
-9.19036e-18
-4.44938e-18
-1.63023e-18
-4.48602e-18
-7.64366e-18
-1.0216e-17
-9.93644e-18
-9.61608e-19
-1.87673e-18
-2.44382e-18
-2.29246e-18
-1.20293e-17
-5.60484e-19
-1.36599e-18
-2.05553e-18
-3.14071e-18
-6.98031e-18
-4.09017e-19
-1.29378e-18
-4.30114e-18
-9.42751e-18
-5.94831e-18
-4.86315e-18
-1.01628e-17
-1.4353e-17
-1.7882e-17
-2.05843e-17
1.97227e-17
1.12115e-17
3.89757e-18
-4.67368e-18
-4.62435e-18
1.29063e-17
2.27992e-17
2.51303e-17
1.84369e-17
1.99886e-17
-4.55215e-17
-4.70413e-17
-5.37684e-17
-4.37215e-17
-3.54294e-17
-1.45919e-17
-2.44039e-17
-3.34521e-17
-3.42284e-17
-3.14046e-17
-7.8987e-18
-1.57091e-17
-2.42118e-17
-2.79506e-17
-2.81213e-17
-3.59677e-18
-7.3277e-18
-1.297e-17
-1.72543e-17
-1.95418e-17
-9.33256e-18
-2.06148e-17
-2.62648e-17
-2.5988e-17
-2.4321e-17
3.76519e-17
4.39838e-17
3.0016e-17
2.60789e-18
-1.03604e-17
8.52263e-18
1.97738e-17
2.36287e-17
2.2367e-17
8.32401e-18
3.17802e-18
8.45525e-18
1.12268e-17
1.08372e-17
6.92806e-18
4.7464e-19
1.17551e-18
8.2862e-19
-7.22902e-20
3.2283e-18
-1.05365e-19
-3.04544e-19
-5.60723e-19
-8.41329e-19
-8.96874e-19
7.75237e-19
1.61485e-18
2.94634e-18
4.37285e-18
5.87329e-18
-2.44609e-18
-6.28432e-18
-5.56931e-18
-2.55396e-18
1.49192e-18
2.04e-19
6.44884e-19
1.28147e-18
8.72336e-19
1.70087e-19
2.37414e-18
1.85667e-18
1.61963e-18
1.06276e-18
5.23144e-19
1.8512e-18
1.73274e-18
1.4746e-18
1.11421e-18
7.39118e-19
1.61786e-18
2.16127e-18
2.8549e-18
1.88682e-18
1.15837e-18
1.20315e-18
1.0534e-18
1.54562e-19
-6.49382e-19
1.08314e-20
1.2997e-19
-3.71933e-19
-1.93663e-18
-2.37505e-18
-8.69976e-19
-5.21989e-19
-9.35172e-19
-1.92883e-18
-2.7251e-18
-1.34162e-18
-5.87356e-19
-9.07783e-19
-1.43791e-18
-1.83239e-18
-1.68716e-18
-1.29332e-18
-1.45977e-18
-1.71006e-18
-2.02549e-18
-2.49186e-18
6.32124e-19
2.97815e-19
-4.05409e-19
-1.04159e-18
-1.95424e-18
-4.6349e-18
-5.13946e-18
-3.84532e-18
-4.5915e-18
-3.53066e-18
-4.45059e-18
-4.99908e-18
-5.45093e-18
-7.14062e-18
-5.08472e-18
-4.37051e-18
-4.88913e-18
-5.40865e-18
-5.9055e-18
-5.0758e-18
-3.08074e-18
-3.55665e-18
-3.73906e-18
-4.14205e-18
-3.98144e-18
-3.81782e-18
-4.94633e-18
-7.04586e-18
-6.11057e-18
-5.04327e-18
-5.91452e-18
-5.95824e-18
-5.86364e-18
-3.20904e-18
-3.72109e-18
-2.83103e-18
-2.43095e-18
-5.40792e-19
-1.52582e-18
-2.57638e-18
-4.12187e-18
-3.74679e-18
-2.80318e-18
-2.80189e-18
-2.99348e-18
1.59864e-18
1.07738e-18
4.9188e-19
-2.0727e-19
-1.35017e-18
-8.81042e-18
-8.11428e-18
-6.34603e-18
-6.52414e-18
-3.95665e-18
-5.57989e-18
-5.01023e-18
-3.002e-18
-4.15863e-18
-4.85319e-18
-4.8472e-18
-4.13447e-18
-3.2138e-18
-4.23898e-18
-4.93968e-18
-2.06349e-18
-4.33244e-18
-5.42215e-18
-2.2805e-18
-3.37419e-18
-3.19134e-18
-2.81192e-18
-2.72642e-18
-2.25833e-18
-2.81152e-18
-5.85736e-18
-5.9254e-18
-7.71082e-18
-5.14171e-18
-4.13121e-18
-6.89465e-18
-6.79296e-18
-7.14157e-18
-6.41079e-18
-5.2635e-18
-7.0288e-18
-6.47752e-18
-5.21325e-18
-2.64548e-18
-3.54229e-18
-5.48241e-18
-4.20836e-18
-1.64019e-18
2.1262e-18
1.67989e-18
-4.55603e-18
-3.28027e-18
-1.64994e-18
-2.31389e-19
-6.20651e-19
-3.55735e-18
-3.03084e-18
-2.00874e-18
-1.70826e-18
-1.9872e-18
-1.5304e-18
-1.41208e-18
-3.12106e-18
-1.32593e-18
-5.08726e-19
-1.25205e-17
-1.2045e-17
-8.38883e-18
-5.38057e-18
-4.11559e-18
-1.13425e-17
-8.63962e-18
-4.43793e-18
-4.29493e-18
-4.31399e-18
-7.61192e-18
-6.22986e-18
-4.43757e-18
-4.75134e-18
-6.05492e-18
-6.2335e-18
-8.31663e-18
-1.11304e-17
-8.34649e-18
-5.96424e-18
-1.45724e-17
-9.68957e-18
-5.30303e-18
-4.15267e-18
-2.14574e-18
-3.83617e-18
-2.85674e-18
-4.15366e-18
-3.81264e-18
-6.58115e-18
1.79852e-17
1.29818e-17
6.0123e-18
4.24803e-18
1.98923e-18
-2.94671e-17
-2.53275e-17
-2.02344e-17
-1.3422e-17
-1.12234e-17
-2.73833e-17
-2.30443e-17
-1.83797e-17
-1.36488e-17
-9.8899e-18
-2.61348e-17
-2.30127e-17
-1.93769e-17
-1.56765e-17
-1.23251e-17
-1.98567e-17
-1.86273e-17
-1.64151e-17
-1.37489e-17
-1.10215e-17
-2.2479e-17
-2.06402e-17
-1.87091e-17
-1.64362e-17
-1.33507e-17
-1.46309e-17
-1.42064e-17
-1.08394e-17
-6.07439e-18
-8.1069e-18
-5.24932e-19
-4.55064e-18
-5.48186e-18
-4.8119e-18
-4.13894e-18
3.15566e-18
4.10763e-19
-1.2672e-18
-2.25935e-18
-2.89152e-18
1.15703e-18
-1.38931e-18
-3.51771e-18
-3.51532e-18
-3.21707e-18
-1.36272e-18
-1.90474e-18
-2.27793e-18
-2.24393e-18
-1.90976e-18
6.41682e-18
5.93553e-18
4.79815e-18
4.16971e-18
4.09388e-18
4.91453e-18
7.3718e-18
8.81891e-18
9.49036e-18
9.53878e-18
3.85253e-20
-9.06565e-20
-2.41711e-19
-1.11158e-19
-2.46283e-20
-2.8485e-20
-1.27761e-19
-9.13206e-20
3.00454e-19
-1.54691e-18
-6.11494e-19
1.85247e-19
3.28767e-19
-1.31107e-18
6.17686e-19
6.34805e-20
-4.7911e-19
-1.41537e-18
-4.15173e-19
1.67794e-20
-3.04475e-20
-5.5702e-19
-5.03448e-19
1.77614e-18
-2.18416e-18
-1.67862e-18
8.3451e-19
1.57303e-18
1.69936e-18
1.68935e-17
3.69861e-19
1.67526e-20
-2.23928e-19
4.05694e-19
7.18806e-19
4.08454e-19
-1.34685e-18
-2.02742e-18
1.18001e-18
-3.5903e-21
1.31131e-18
2.32255e-18
3.55819e-18
7.12918e-18
-1.13559e-17
7.50852e-19
6.6804e-19
1.29065e-18
2.90441e-18
2.93028e-18
2.81285e-18
1.56315e-18
1.65442e-18
2.38176e-18
2.44328e-18
5.58689e-18
4.39222e-18
6.29176e-18
2.013e-17
-1.20904e-18
6.25592e-19
1.71811e-18
5.24579e-18
1.39869e-17
8.13342e-18
7.96257e-18
5.37068e-18
6.86921e-18
4.43741e-18
4.56756e-18
7.829e-18
6.3768e-18
8.68007e-18
2.73011e-17
-2.48346e-17
6.38821e-19
3.49698e-18
1.17354e-17
1.12582e-17
9.20365e-18
1.10017e-17
7.2427e-18
6.81099e-18
5.62173e-18
6.39579e-18
1.18308e-17
8.18275e-18
9.77083e-18
1.92182e-17
-5.78902e-17
1.54414e-19
2.15811e-18
4.56706e-18
-4.17846e-19
5.73713e-18
8.19265e-18
7.17218e-18
6.70094e-18
6.21918e-18
7.11313e-18
1.21499e-17
8.94696e-18
1.0155e-17
1.37258e-17
-5.20736e-17
-2.14087e-18
-5.08966e-18
-5.75496e-18
-6.70797e-19
1.00252e-17
8.07647e-18
7.00568e-18
6.61555e-18
6.35546e-18
6.38038e-18
6.13087e-18
8.31009e-18
1.02562e-17
1.14567e-17
-4.60026e-17
-3.99076e-18
-8.22811e-18
-6.52382e-18
-2.20489e-18
4.68659e-18
6.27751e-18
6.51423e-18
6.55343e-18
6.45315e-18
5.58248e-18
5.55509e-18
7.71887e-18
1.05849e-17
1.48615e-17
-3.96112e-17
-3.27414e-18
-5.18362e-18
-5.05546e-18
-2.75359e-18
1.48761e-18
4.78011e-18
6.49134e-18
6.96185e-18
7.23044e-18
3.75042e-18
4.47727e-18
6.7091e-18
1.10036e-17
3.40498e-17
-3.21017e-17
-3.47736e-18
-4.17745e-18
-4.30552e-18
-2.93862e-18
2.89153e-18
2.08505e-17
1.09e-17
8.81161e-18
1.12478e-17
-1.64386e-18
2.13156e-18
4.49004e-18
7.66192e-18
4.98843e-17
-2.46038e-17
-3.95071e-18
-3.36882e-18
-1.74219e-18
3.89839e-18
4.7511e-18
1.28046e-17
1.04499e-17
8.33162e-18
6.50905e-18
-5.42429e-18
-4.73681e-19
4.40299e-19
-8.01548e-18
5.55737e-17
-1.77893e-17
-4.5017e-18
-4.53803e-18
-5.18992e-18
3.98139e-18
5.49509e-18
9.40937e-18
9.25341e-18
7.44704e-18
4.46444e-18
-2.65363e-18
-2.06313e-18
-3.59197e-18
-1.84674e-17
3.87788e-17
-1.60184e-17
-3.70174e-18
-3.34008e-18
-2.0961e-18
2.41685e-18
4.43473e-18
5.64202e-18
8.24943e-18
6.37343e-18
3.29514e-18
-1.69644e-18
-4.12346e-18
-6.75508e-18
-1.59802e-17
2.79458e-17
-3.89287e-17
-4.77559e-18
-5.67957e-18
-8.58636e-18
-6.39233e-18
2.14559e-18
1.75577e-17
-6.26585e-18
1.40405e-18
1.43633e-18
-2.66716e-18
-9.21999e-18
-1.1399e-17
-2.70721e-17
3.65663e-17
-4.10778e-18
-3.87522e-18
-3.61874e-18
-1.94311e-18
-2.04549e-18
2.62686e-18
1.18863e-17
1.33457e-18
1.11447e-18
3.02888e-19
-4.54919e-18
-2.54417e-17
-1.59504e-17
-2.16783e-17
2.39525e-18
-2.7402e-18
-3.33083e-18
-4.33279e-18
-6.52352e-18
-4.06548e-18
-2.35758e-18
-9.09329e-18
-3.1653e-18
-1.31148e-19
2.0459e-18
5.21816e-18
-1.61379e-17
-1.57115e-17
-1.50485e-17
2.81947e-17
9.10803e-20
-3.34739e-18
-3.98183e-18
-4.75481e-18
-3.90509e-18
-3.20666e-18
-5.35416e-18
-2.30951e-18
2.59189e-18
1.80593e-17
5.74548e-18
-1.03627e-17
-1.40528e-17
-1.14631e-17
2.28042e-17
2.58127e-18
-2.46518e-18
-3.63842e-18
-4.81113e-18
-5.64466e-18
-6.37403e-18
-9.38715e-18
-8.08703e-18
2.67542e-18
1.19671e-17
4.8273e-18
-7.28378e-18
-1.31028e-17
-1.27942e-17
1.72853e-17
4.71911e-18
-2.62271e-18
-2.42909e-18
-1.76994e-18
9.04957e-19
1.11276e-18
1.26299e-17
1.67106e-17
-9.91002e-18
4.37118e-18
2.7083e-18
-6.50218e-18
-1.60434e-17
-4.11629e-17
-2.54644e-17
3.92874e-18
-6.37915e-18
-4.91703e-18
-5.31019e-18
-1.41213e-18
-1.172e-18
-5.80746e-18
4.79722e-18
-5.40441e-18
-1.42322e-18
6.52628e-20
-6.93573e-18
-1.79666e-17
-4.0985e-17
-6.39667e-17
3.44456e-18
-6.00423e-18
-6.99244e-18
-9.61229e-18
-5.57099e-18
-2.69248e-18
-1.15277e-18
3.21303e-18
1.14907e-18
1.67577e-17
5.02584e-19
-7.13316e-18
-1.9045e-17
-4.06116e-17
-6.23978e-17
3.73967e-17
-4.29317e-18
-4.31053e-18
-2.50471e-18
-2.74269e-18
-4.98925e-18
-1.33776e-17
-4.22099e-18
1.13187e-18
1.77596e-17
4.9902e-17
3.94883e-17
-9.57649e-18
-3.40535e-17
-1.3991e-17
4.04288e-17
-3.52932e-18
-4.37075e-18
-5.9091e-18
-1.19126e-17
-8.43522e-18
-8.10619e-18
-3.26223e-18
4.2391e-18
2.37079e-17
4.39931e-17
3.50773e-17
-3.10571e-18
-2.52196e-17
-1.00395e-17
7.76255e-17
-4.34707e-18
-5.39842e-18
-7.37175e-18
-1.1042e-17
-1.29382e-17
-2.15349e-17
-1.03465e-17
-3.13499e-18
-8.15363e-18
2.11442e-17
2.53341e-17
-5.53565e-18
-6.21864e-17
-1.32388e-17
7.40069e-17
-4.4082e-18
-4.66159e-18
-5.59765e-18
-7.21856e-18
-1.03966e-17
-1.48079e-17
-9.39334e-18
1.18675e-19
5.55193e-18
6.14722e-17
2.91663e-17
-5.13042e-18
-5.06577e-17
-1.83158e-17
6.85446e-17
-7.57925e-18
-8.06985e-18
-1.02854e-17
-1.65346e-17
-1.42756e-17
-1.40561e-17
-1.27816e-17
-1.94779e-17
3.83728e-18
4.39443e-17
2.83571e-17
-1.02395e-18
-3.01685e-17
-1.42002e-18
6.33012e-17
-2.90004e-18
-6.36379e-18
-9.73472e-18
-1.37206e-17
-1.42735e-17
-1.42932e-17
-1.41481e-17
-1.56645e-17
9.27667e-19
2.99167e-17
2.34371e-17
-7.49813e-18
-8.3353e-17
-6.60619e-17
5.7386e-17
-2.80107e-18
-5.68375e-18
-8.67465e-18
-1.14921e-17
-1.30591e-17
-1.36051e-17
-1.30008e-17
-1.01607e-17
4.31064e-18
2.3455e-17
2.03413e-17
-1.19556e-18
-1.27983e-17
-4.75026e-17
1.25478e-16
-2.56566e-18
-3.89538e-18
-7.13056e-18
-1.10416e-17
-1.27925e-17
-1.35137e-17
-1.46209e-17
-1.69068e-17
-1.18798e-17
1.00814e-17
1.3447e-17
-6.99276e-18
-6.46434e-17
-4.41207e-17
1.17812e-16
-4.33869e-18
-1.03737e-17
-8.4076e-18
-4.46665e-18
-1.01582e-17
-1.413e-17
-1.12149e-17
7.59013e-18
3.56411e-17
1.80059e-17
1.18643e-17
-2.24067e-18
-1.99064e-18
-2.59672e-17
1.91357e-16
-4.98578e-18
-6.67792e-18
-5.78613e-18
-4.43383e-18
-4.71212e-18
5.41001e-19
-2.74962e-18
7.76346e-18
2.48288e-17
1.66459e-17
9.92003e-18
3.79928e-19
-1.48102e-18
-7.19392e-18
2.56133e-16
-5.06566e-18
-7.19237e-18
-1.09994e-17
-7.91629e-18
-5.83984e-18
-2.45963e-18
-9.89117e-19
7.2291e-18
2.12256e-17
2.60662e-17
1.58606e-17
4.98299e-18
2.14103e-18
1.32262e-17
3.13758e-16
-8.54843e-18
-1.25768e-17
-1.74408e-17
-1.03238e-17
-3.53413e-18
1.42585e-19
2.27294e-18
6.96282e-18
1.00807e-17
-2.08959e-17
-3.67906e-18
1.74212e-18
6.25886e-18
2.9155e-17
2.95276e-16
-3.56771e-18
-4.22895e-18
-1.31626e-17
-1.79415e-17
-2.1588e-17
-1.23801e-17
-4.17931e-18
1.16729e-18
1.29573e-18
3.44891e-18
4.14979e-17
1.20791e-17
4.63424e-18
3.85334e-17
2.75564e-16
9.37663e-20
1.73065e-18
1.10441e-18
2.86242e-18
-3.57642e-18
3.11572e-18
2.56688e-19
4.63189e-18
2.27271e-17
-3.60044e-17
4.69311e-18
7.01915e-18
4.86574e-17
4.804e-17
2.55432e-16
-1.02086e-17
-1.68041e-17
-1.75651e-17
-2.04516e-17
-6.13046e-18
-5.06346e-19
5.19359e-18
9.57468e-18
2.14703e-17
3.31697e-17
6.09261e-17
7.37472e-17
6.09616e-17
7.65527e-17
1.59724e-16
-2.26458e-19
-6.88706e-20
8.86846e-18
1.98402e-17
1.90369e-17
6.36425e-18
-1.33205e-17
2.26268e-18
1.6786e-17
3.05484e-17
4.49675e-17
2.17247e-17
4.78269e-17
6.65885e-18
1.47014e-16
-5.66176e-18
-4.11174e-19
5.67252e-18
9.22175e-18
-1.92181e-19
-9.11209e-18
-8.69269e-18
7.43932e-19
1.30318e-17
2.56825e-17
3.54224e-17
2.64679e-17
2.92013e-17
-9.24583e-17
4.97372e-17
-6.26629e-18
-3.22368e-18
-1.89334e-18
-6.03306e-18
-5.46653e-18
-7.38851e-18
-9.49508e-18
-2.15314e-18
9.31419e-18
2.08458e-17
2.92993e-17
2.5633e-17
3.14217e-18
-7.62494e-17
4.00907e-17
-9.93393e-18
-8.51578e-18
-8.17676e-18
-9.39708e-18
-8.56057e-18
-9.84416e-18
1.12311e-17
4.06576e-18
4.35607e-18
1.2523e-17
1.66361e-17
-2.47852e-18
8.4678e-17
-5.02611e-17
3.5267e-17
-8.74388e-18
-6.34796e-18
-2.75204e-18
2.45289e-18
-1.12473e-18
-2.39833e-18
6.26477e-18
1.21566e-17
3.20249e-17
2.07969e-17
1.59681e-17
6.78381e-18
4.33029e-17
-1.78785e-18
3.25659e-17
-1.08782e-17
-9.08048e-18
-8.07461e-18
-9.16466e-18
-4.45401e-18
-5.8291e-19
5.15559e-18
1.08277e-17
1.94156e-17
1.60759e-17
1.50241e-17
2.04637e-17
1.04688e-16
-6.03612e-17
1.94286e-17
-9.78158e-18
-1.09368e-17
-1.10028e-17
-1.06779e-17
-9.21922e-18
-6.29428e-18
7.13429e-21
1.17574e-17
3.58488e-17
4.57284e-17
3.5256e-17
4.17086e-17
1.29526e-16
-1.01973e-16
-7.30519e-17
-2.92716e-18
-1.12629e-18
-3.63711e-18
-6.1385e-18
8.93594e-18
2.52552e-17
3.37046e-17
3.67769e-17
3.53978e-17
2.88471e-17
3.38856e-17
5.42519e-17
1.29761e-16
5.17021e-17
-1.60311e-16
-3.6098e-18
-5.15063e-18
-8.52422e-18
-4.34891e-18
3.92385e-18
1.37717e-17
2.17245e-17
2.61907e-17
2.6658e-17
4.92557e-17
4.76818e-17
6.26456e-17
1.04305e-16
2.31324e-16
-1.5813e-16
-2.95497e-18
-2.53293e-18
-1.27392e-18
2.45024e-18
5.73493e-18
1.08414e-17
1.69473e-17
2.2758e-17
2.83952e-17
4.39476e-17
5.19756e-17
5.85651e-17
-9.24634e-18
1.55653e-16
-1.63376e-16
-1.38051e-18
-4.03843e-19
1.62398e-18
5.61975e-18
7.38182e-18
1.10894e-17
1.649e-17
2.35392e-17
3.29582e-17
4.79843e-17
6.10509e-17
6.38149e-17
3.22669e-17
1.54166e-16
-1.64587e-16
4.69228e-18
6.18373e-18
8.86983e-18
1.31868e-17
1.84788e-17
2.41012e-17
2.96896e-17
3.80388e-17
5.07027e-17
6.59046e-17
6.98624e-17
4.16189e-17
-1.13998e-17
3.78489e-17
-1.73261e-16
9.50522e-18
8.93817e-18
5.70417e-18
-3.74332e-18
-1.59542e-17
-9.46457e-18
5.57726e-17
6.23281e-17
6.79251e-17
6.40697e-17
4.84165e-18
1.23579e-16
1.08106e-16
1.36891e-16
-2.21827e-16
)
;
    }
    back
    {
        type            wedge;
        value           nonuniform List<scalar> 
1250
(
-1.32473e-20
-3.60639e-20
-5.44654e-20
-7.1919e-20
-1.00544e-19
-6.68909e-20
-1.95513e-19
-3.74214e-19
-7.08929e-19
-1.4166e-18
-1.1967e-19
-3.42994e-19
-6.23605e-19
-1.0894e-18
-1.50334e-18
-2.34234e-19
-6.53888e-19
-1.27056e-18
-2.1358e-18
-1.24094e-18
-1.7067e-19
-3.58036e-19
-5.99742e-19
-6.75814e-19
-8.95372e-19
1.94756e-20
1.31746e-19
7.06817e-19
2.09692e-18
5.13344e-19
1.37219e-19
3.26845e-19
7.9223e-19
1.34632e-18
7.67508e-19
1.15046e-19
3.28834e-19
5.72196e-19
7.42462e-19
5.99782e-19
2.01317e-19
4.23351e-19
7.62053e-19
1.05481e-18
1.22107e-18
3.92429e-20
7.78075e-20
-2.84867e-21
-3.29591e-19
-8.26479e-19
1.44986e-19
4.49623e-19
1.00992e-18
2.35921e-18
4.8699e-18
2.51018e-19
5.72652e-19
1.2905e-18
2.49499e-18
4.10162e-18
3.55969e-19
1.02816e-18
1.88831e-18
2.91958e-18
3.83472e-18
1.69277e-19
3.34715e-19
5.13547e-19
7.51427e-19
2.11082e-18
4.14565e-19
1.35556e-18
3.33759e-18
6.81342e-18
4.29539e-18
1.37713e-18
2.95345e-18
5.62615e-18
8.02714e-18
6.72847e-18
2.07452e-19
4.41532e-19
-7.68744e-20
-2.07485e-18
1.53055e-18
1.27743e-18
2.35104e-18
2.77505e-18
2.2663e-18
3.50334e-18
-2.83335e-18
-6.28725e-18
-5.93584e-18
-3.90494e-18
-2.17566e-18
1.42237e-17
2.11453e-17
1.58839e-17
8.23071e-18
6.26703e-18
5.97437e-18
9.02155e-18
7.16507e-18
9.0781e-19
3.39896e-18
1.76796e-18
3.94774e-18
3.57771e-18
2.01777e-18
4.29197e-18
1.34362e-18
3.62374e-18
5.28004e-18
6.30582e-18
-8.94463e-19
6.81087e-19
1.36305e-18
2.12978e-18
3.18869e-18
5.36427e-18
1.2308e-18
3.68764e-18
7.34753e-18
1.23793e-17
8.37204e-18
1.70923e-18
3.5784e-18
6.44828e-18
8.67644e-18
7.79362e-18
1.31414e-18
3.63122e-18
5.73579e-18
7.12617e-18
7.33876e-18
1.25856e-18
2.57782e-18
4.31713e-18
5.45351e-18
5.84296e-18
1.06527e-18
2.91908e-18
4.49376e-18
5.37624e-18
5.31503e-18
4.75541e-19
9.35157e-19
1.382e-18
1.70499e-18
3.01516e-18
9.53595e-19
2.82815e-18
5.70544e-18
9.19033e-18
4.44936e-18
1.63023e-18
4.48601e-18
7.64365e-18
1.0216e-17
9.93642e-18
9.61606e-19
1.87673e-18
2.44381e-18
2.29243e-18
1.20293e-17
5.60483e-19
1.36598e-18
2.05552e-18
3.14068e-18
6.98029e-18
4.09015e-19
1.29377e-18
4.30113e-18
9.42748e-18
5.94829e-18
4.86315e-18
1.01628e-17
1.4353e-17
1.78819e-17
2.05843e-17
-1.97227e-17
-1.12115e-17
-3.89757e-18
4.67365e-18
4.62433e-18
-1.29063e-17
-2.27992e-17
-2.51303e-17
-1.84369e-17
-1.99886e-17
4.55215e-17
4.70413e-17
5.37684e-17
4.37215e-17
3.54294e-17
1.45919e-17
2.44039e-17
3.34521e-17
3.42284e-17
3.14046e-17
7.8987e-18
1.57091e-17
2.42118e-17
2.79505e-17
2.81213e-17
3.59677e-18
7.32769e-18
1.297e-17
1.72542e-17
1.95418e-17
9.33256e-18
2.06148e-17
2.62648e-17
2.5988e-17
2.4321e-17
-3.76519e-17
-4.39838e-17
-3.0016e-17
-2.60792e-18
1.03604e-17
-8.52263e-18
-1.97738e-17
-2.36287e-17
-2.2367e-17
-8.32403e-18
-3.17802e-18
-8.45527e-18
-1.12268e-17
-1.08372e-17
-6.92809e-18
-4.74648e-19
-1.17554e-18
-8.2864e-19
7.2225e-20
-3.22834e-18
1.05358e-19
3.04521e-19
5.60703e-19
8.41265e-19
8.9682e-19
-7.75242e-19
-1.61487e-18
-2.94636e-18
-4.37291e-18
-5.87334e-18
2.44608e-18
6.28428e-18
5.56928e-18
2.55385e-18
-1.49199e-18
-2.04003e-19
-6.44839e-19
-1.28133e-18
-8.72247e-19
-1.70047e-19
-2.37416e-18
-1.85673e-18
-1.61953e-18
-1.06265e-18
-5.23075e-19
-1.8513e-18
-1.73292e-18
-1.47462e-18
-1.11412e-18
-7.39062e-19
-1.61793e-18
-2.16152e-18
-2.85504e-18
-1.88683e-18
-1.15835e-18
-1.20323e-18
-1.05369e-18
-1.54724e-19
6.49326e-19
-1.08382e-20
-1.30075e-19
3.71655e-19
1.93645e-18
2.37495e-18
8.69953e-19
5.21891e-19
9.3489e-19
1.92865e-18
2.72498e-18
1.34159e-18
5.87252e-19
9.07463e-19
1.43767e-18
1.83224e-18
1.68708e-18
1.29329e-18
1.45955e-18
1.7099e-18
2.02535e-18
2.49181e-18
-6.32193e-19
-2.98027e-19
4.05221e-19
1.04146e-18
1.95417e-18
4.63488e-18
5.13927e-18
3.84513e-18
4.5914e-18
3.5306e-18
4.45056e-18
4.9989e-18
5.45077e-18
7.14048e-18
5.08467e-18
4.37047e-18
4.88894e-18
5.40849e-18
5.90539e-18
5.07574e-18
3.0807e-18
3.55651e-18
3.73893e-18
4.14193e-18
3.98138e-18
3.81778e-18
4.94618e-18
7.04573e-18
6.11045e-18
5.04322e-18
5.9145e-18
5.95812e-18
5.8635e-18
3.20894e-18
3.72102e-18
2.83101e-18
2.43083e-18
5.40672e-19
1.52573e-18
2.57632e-18
4.12185e-18
3.74668e-18
2.80306e-18
2.80179e-18
2.99345e-18
-1.59868e-18
-1.07749e-18
-4.92009e-19
2.0718e-19
1.35012e-18
8.81039e-18
8.11419e-18
6.34593e-18
6.52406e-18
3.95661e-18
5.57986e-18
5.01013e-18
3.00191e-18
4.15855e-18
4.85315e-18
4.84717e-18
4.13439e-18
3.21371e-18
4.23891e-18
4.93965e-18
2.06347e-18
4.33235e-18
5.42207e-18
2.28039e-18
3.37415e-18
3.19133e-18
2.81184e-18
2.72634e-18
2.25827e-18
2.81148e-18
5.85734e-18
5.92533e-18
7.71075e-18
5.14165e-18
4.13117e-18
6.89464e-18
6.7929e-18
7.14151e-18
6.41072e-18
5.26347e-18
7.02879e-18
6.47746e-18
5.21318e-18
2.64542e-18
3.54226e-18
5.48239e-18
4.2083e-18
1.64013e-18
-2.12626e-18
-1.67992e-18
4.55602e-18
3.28022e-18
1.64988e-18
2.3133e-19
6.20625e-19
3.55734e-18
3.03078e-18
2.00868e-18
1.70821e-18
1.98718e-18
1.5304e-18
1.41204e-18
3.12101e-18
1.32589e-18
5.08696e-19
1.25205e-17
1.2045e-17
8.38878e-18
5.38053e-18
4.11556e-18
1.13425e-17
8.63957e-18
4.43788e-18
4.29488e-18
4.31396e-18
7.61191e-18
6.22982e-18
4.43753e-18
4.7513e-18
6.0549e-18
6.2335e-18
8.31659e-18
1.11303e-17
8.34645e-18
5.96422e-18
1.45724e-17
9.68954e-18
5.30299e-18
4.15263e-18
2.14572e-18
3.83617e-18
2.85671e-18
4.15363e-18
3.8126e-18
6.58113e-18
-1.79852e-17
-1.29818e-17
-6.01233e-18
-4.24806e-18
-1.98925e-18
2.94671e-17
2.53275e-17
2.02343e-17
1.34219e-17
1.12234e-17
2.73833e-17
2.30443e-17
1.83797e-17
1.36488e-17
9.88988e-18
2.61347e-17
2.30126e-17
1.93768e-17
1.56764e-17
1.23251e-17
1.98567e-17
1.86273e-17
1.64151e-17
1.37488e-17
1.10215e-17
2.2479e-17
2.06402e-17
1.8709e-17
1.64362e-17
1.33507e-17
1.46309e-17
1.42063e-17
1.08393e-17
6.07435e-18
8.10687e-18
5.24919e-19
4.55059e-18
5.48181e-18
4.81185e-18
4.13891e-18
-3.15568e-18
-4.1082e-19
1.26713e-18
2.25928e-18
2.89149e-18
-1.15705e-18
1.38921e-18
3.51761e-18
3.51523e-18
3.21701e-18
1.36269e-18
1.90464e-18
2.2778e-18
2.24382e-18
1.90972e-18
-6.41685e-18
-5.93563e-18
-4.79825e-18
-4.16982e-18
-4.09394e-18
-4.91454e-18
-7.37199e-18
-8.81913e-18
-9.49057e-18
-9.53888e-18
-3.85066e-20
9.06624e-20
2.41695e-19
1.11167e-19
2.45986e-20
2.84684e-20
1.27757e-19
9.13178e-20
-3.00463e-19
1.54691e-18
6.11485e-19
-1.8525e-19
-3.2877e-19
1.31107e-18
-6.17684e-19
-6.33907e-20
4.79166e-19
1.41541e-18
4.15168e-19
-1.6805e-20
3.04162e-20
5.5701e-19
5.03434e-19
-1.77617e-18
2.18416e-18
1.67859e-18
-8.34529e-19
-1.57305e-18
-1.69937e-18
-1.68935e-17
-3.69755e-19
-1.66898e-20
2.23996e-19
-4.05707e-19
-7.18833e-19
-4.08493e-19
1.34683e-18
2.0274e-18
-1.18005e-18
3.59095e-21
-1.31136e-18
-2.32258e-18
-3.55821e-18
-7.1292e-18
1.13559e-17
-7.50774e-19
-6.67988e-19
-1.29058e-18
-2.90442e-18
-2.93031e-18
-2.8129e-18
-1.56317e-18
-1.65445e-18
-2.38183e-18
-2.44327e-18
-5.58696e-18
-4.39227e-18
-6.2918e-18
-2.013e-17
1.20904e-18
-6.2556e-19
-1.71806e-18
-5.24571e-18
-1.39869e-17
-8.13345e-18
-7.96263e-18
-5.3707e-18
-6.86924e-18
-4.4375e-18
-4.56755e-18
-7.82912e-18
-6.37686e-18
-8.68012e-18
-2.73011e-17
2.48346e-17
-6.38833e-19
-3.49697e-18
-1.17354e-17
-1.12582e-17
-9.20368e-18
-1.10017e-17
-7.24272e-18
-6.81102e-18
-5.62181e-18
-6.39576e-18
-1.18309e-17
-8.18283e-18
-9.7709e-18
-1.92182e-17
5.78902e-17
-1.54451e-19
-2.15812e-18
-4.56704e-18
4.17842e-19
-5.73717e-18
-8.19274e-18
-7.17222e-18
-6.70099e-18
-6.21929e-18
-7.11312e-18
-1.21501e-17
-8.94702e-18
-1.0155e-17
-1.37258e-17
5.20736e-17
2.14083e-18
5.08963e-18
5.75494e-18
6.70801e-19
-1.00253e-17
-8.07655e-18
-7.00572e-18
-6.6156e-18
-6.35557e-18
-6.38035e-18
-6.13104e-18
-8.31018e-18
-1.02563e-17
-1.14568e-17
4.60026e-17
3.99072e-18
8.22807e-18
6.52378e-18
2.20491e-18
-4.68663e-18
-6.2776e-18
-6.51428e-18
-6.55347e-18
-6.45329e-18
-5.58244e-18
-5.55528e-18
-7.71896e-18
-1.0585e-17
-1.48615e-17
3.96112e-17
3.27406e-18
5.18356e-18
5.05539e-18
2.75361e-18
-1.48766e-18
-4.78019e-18
-6.49137e-18
-6.96191e-18
-7.23056e-18
-3.75039e-18
-4.47746e-18
-6.70923e-18
-1.10037e-17
-3.40499e-17
3.21018e-17
3.47728e-18
4.17739e-18
4.30542e-18
2.93866e-18
-2.89158e-18
-2.08506e-17
-1.09001e-17
-8.81167e-18
-1.12479e-17
1.6439e-18
-2.13177e-18
-4.49017e-18
-7.66203e-18
-4.98844e-17
2.46038e-17
3.95065e-18
3.36875e-18
1.7421e-18
-3.89835e-18
-4.75116e-18
-1.28047e-17
-1.04499e-17
-8.33169e-18
-6.50919e-18
5.4243e-18
4.73482e-19
-4.40426e-19
8.01532e-18
-5.55738e-17
1.77893e-17
4.50163e-18
4.53796e-18
5.18981e-18
-3.98134e-18
-5.49515e-18
-9.40944e-18
-9.25343e-18
-7.44709e-18
-4.46457e-18
2.65364e-18
2.06291e-18
3.59182e-18
1.84673e-17
-3.87789e-17
1.60184e-17
3.70169e-18
3.34001e-18
2.09598e-18
-2.41681e-18
-4.43479e-18
-5.64208e-18
-8.24945e-18
-6.37346e-18
-3.29528e-18
1.69648e-18
4.12327e-18
6.75491e-18
1.59801e-17
-2.79458e-17
3.89287e-17
4.77553e-18
5.67952e-18
8.58625e-18
6.39239e-18
-2.14565e-18
-1.75578e-17
6.26582e-18
-1.4041e-18
-1.43647e-18
2.66722e-18
9.21974e-18
1.13988e-17
2.70719e-17
-3.65664e-17
4.10779e-18
3.87516e-18
3.61868e-18
1.94299e-18
2.04554e-18
-2.62693e-18
-1.18864e-17
-1.33459e-18
-1.11452e-18
-3.0301e-19
4.54921e-18
2.54415e-17
1.59503e-17
2.16782e-17
-2.39533e-18
2.7402e-18
3.33077e-18
4.33272e-18
6.5234e-18
4.06553e-18
2.35751e-18
9.09322e-18
3.16529e-18
1.31124e-19
-2.04602e-18
-5.21811e-18
1.61377e-17
1.57113e-17
1.50484e-17
-2.81948e-17
-9.10769e-20
3.34733e-18
3.98175e-18
4.7547e-18
3.90516e-18
3.20658e-18
5.35408e-18
2.30949e-18
-2.5919e-18
-1.80595e-17
-5.74546e-18
1.03625e-17
1.40527e-17
1.14629e-17
-2.28043e-17
-2.58127e-18
2.46512e-18
3.63834e-18
4.81101e-18
5.64472e-18
6.37394e-18
9.38708e-18
8.08701e-18
-2.67544e-18
-1.19672e-17
-4.82729e-18
7.28357e-18
1.31026e-17
1.27941e-17
-1.72854e-17
-4.7191e-18
2.62264e-18
2.42903e-18
1.76982e-18
-9.04901e-19
-1.11285e-18
-1.263e-17
-1.67106e-17
9.90998e-18
-4.37129e-18
-2.70829e-18
6.50199e-18
1.60433e-17
4.11628e-17
2.54643e-17
-3.92873e-18
6.37909e-18
4.91696e-18
5.31007e-18
1.41219e-18
1.17191e-18
5.80737e-18
-4.79724e-18
5.40439e-18
1.42315e-18
-6.52413e-20
6.93556e-18
1.79665e-17
4.09848e-17
6.39667e-17
-3.44456e-18
6.00417e-18
6.99239e-18
9.61217e-18
5.57104e-18
2.69239e-18
1.15268e-18
-3.21306e-18
-1.14909e-18
-1.67578e-17
-5.02572e-19
7.13301e-18
1.90449e-17
4.06115e-17
6.23977e-17
-3.73967e-17
4.29313e-18
4.31048e-18
2.50459e-18
2.74275e-18
4.98915e-18
1.33775e-17
4.22097e-18
-1.13189e-18
-1.77597e-17
-4.99019e-17
-3.94885e-17
9.5764e-18
3.40535e-17
1.39909e-17
-4.04288e-17
3.52927e-18
4.37069e-18
5.90899e-18
1.19127e-17
8.43513e-18
8.10611e-18
3.26221e-18
-4.23911e-18
-2.3708e-17
-4.39931e-17
-3.50774e-17
3.10562e-18
2.52195e-17
1.00394e-17
-7.76255e-17
4.34703e-18
5.39836e-18
7.37165e-18
1.10421e-17
1.29381e-17
2.15349e-17
1.03465e-17
3.13497e-18
8.15358e-18
-2.11442e-17
-2.53342e-17
5.53557e-18
6.21864e-17
1.32387e-17
-7.40069e-17
4.40816e-18
4.66154e-18
5.59757e-18
7.21864e-18
1.03965e-17
1.48078e-17
9.39332e-18
-1.18696e-19
-5.55198e-18
-6.14722e-17
-2.91664e-17
5.13035e-18
5.06576e-17
1.83157e-17
-6.85446e-17
7.5792e-18
8.0698e-18
1.02853e-17
1.65347e-17
1.42755e-17
1.40561e-17
1.27815e-17
1.94779e-17
-3.83732e-18
-4.39443e-17
-2.83571e-17
1.0239e-18
3.01685e-17
1.41997e-18
-6.33012e-17
2.9e-18
6.36374e-18
9.73461e-18
1.37207e-17
1.42734e-17
1.42931e-17
1.4148e-17
1.56645e-17
-9.27689e-19
-2.99167e-17
-2.34372e-17
7.49809e-18
8.3353e-17
6.60619e-17
-5.7386e-17
2.80104e-18
5.68371e-18
8.67456e-18
1.14921e-17
1.3059e-17
1.3605e-17
1.30008e-17
1.01607e-17
-4.31067e-18
-2.3455e-17
-2.03413e-17
1.19553e-18
1.27982e-17
4.75025e-17
-1.25478e-16
2.56562e-18
3.89535e-18
7.13046e-18
1.10416e-17
1.27924e-17
1.35136e-17
1.46209e-17
1.69068e-17
1.18798e-17
-1.00814e-17
-1.3447e-17
6.99274e-18
6.46434e-17
4.41207e-17
-1.17812e-16
4.33865e-18
1.03737e-17
8.40751e-18
4.46671e-18
1.01581e-17
1.41299e-17
1.12149e-17
-7.59014e-18
-3.56411e-17
-1.80059e-17
-1.18643e-17
2.24065e-18
1.99061e-18
2.59672e-17
-1.91357e-16
4.98575e-18
6.67788e-18
5.78602e-18
4.43388e-18
4.71204e-18
-5.41089e-19
2.7496e-18
-7.76349e-18
-2.48289e-17
-1.66459e-17
-9.92006e-18
-3.79946e-19
1.48099e-18
7.19388e-18
-2.56133e-16
5.06562e-18
7.19232e-18
1.09993e-17
7.91634e-18
5.83975e-18
2.45955e-18
9.89089e-19
-7.22913e-18
-2.12256e-17
-2.60662e-17
-1.58606e-17
-4.98301e-18
-2.14106e-18
-1.32262e-17
-3.13758e-16
8.54838e-18
1.25768e-17
1.74407e-17
1.03239e-17
3.53405e-18
-1.42657e-19
-2.27297e-18
-6.96284e-18
-1.00808e-17
2.0896e-17
3.67905e-18
-1.74213e-18
-6.2589e-18
-2.91551e-17
-2.95276e-16
3.56768e-18
4.22892e-18
1.31626e-17
1.79415e-17
2.1588e-17
1.238e-17
4.17929e-18
-1.1673e-18
-1.29575e-18
-3.44891e-18
-4.14979e-17
-1.20791e-17
-4.63427e-18
-3.85335e-17
-2.75564e-16
-9.38011e-20
-1.73069e-18
-1.1045e-18
-2.86237e-18
3.57633e-18
-3.11581e-18
-2.56699e-19
-4.63191e-18
-2.27272e-17
3.60044e-17
-4.69312e-18
-7.01916e-18
-4.86575e-17
-4.804e-17
-2.55432e-16
1.02085e-17
1.6804e-17
1.7565e-17
2.04517e-17
6.13038e-18
5.06264e-19
-5.19359e-18
-9.5747e-18
-2.14703e-17
-3.31697e-17
-6.09261e-17
-7.37472e-17
-6.09616e-17
-7.65528e-17
-1.59724e-16
2.26431e-19
6.88383e-20
-8.86853e-18
-1.98402e-17
-1.9037e-17
-6.36431e-18
1.33205e-17
-2.2627e-18
-1.6786e-17
-3.05484e-17
-4.49675e-17
-2.17247e-17
-4.78269e-17
-6.65893e-18
-1.47014e-16
5.66173e-18
4.1114e-19
-5.6726e-18
-9.2217e-18
1.92117e-19
9.11202e-18
8.69267e-18
-7.43952e-19
-1.30319e-17
-2.56825e-17
-3.54224e-17
-2.64679e-17
-2.92013e-17
9.24582e-17
-4.97372e-17
6.26627e-18
3.22364e-18
1.89326e-18
6.0331e-18
5.46645e-18
7.38843e-18
9.49507e-18
2.15311e-18
-9.31423e-18
-2.08458e-17
-2.92993e-17
-2.5633e-17
-3.14227e-18
7.62493e-17
-4.00907e-17
9.93391e-18
8.51575e-18
8.17669e-18
9.39712e-18
8.56049e-18
9.84409e-18
-1.12311e-17
-4.06579e-18
-4.35612e-18
-1.2523e-17
-1.66362e-17
2.47845e-18
-8.46782e-17
5.0261e-17
-3.5267e-17
8.74385e-18
6.34793e-18
2.75196e-18
-2.45284e-18
1.12465e-18
2.39824e-18
-6.26479e-18
-1.21566e-17
-3.2025e-17
-2.07969e-17
-1.59682e-17
-6.78394e-18
-4.33031e-17
1.78766e-18
-3.25659e-17
1.08781e-17
9.08045e-18
8.07452e-18
9.16472e-18
4.45391e-18
5.82804e-19
-5.15562e-18
-1.08278e-17
-1.94157e-17
-1.60759e-17
-1.50243e-17
-2.04638e-17
-1.04688e-16
6.0361e-17
-1.94286e-17
9.78154e-18
1.09367e-17
1.10027e-17
1.06779e-17
9.21911e-18
6.29413e-18
-7.18326e-21
-1.17574e-17
-3.58489e-17
-4.57284e-17
-3.52562e-17
-4.17089e-17
-1.29526e-16
1.01973e-16
7.30519e-17
2.92712e-18
1.12624e-18
3.63699e-18
6.13857e-18
-8.93607e-18
-2.52553e-17
-3.37046e-17
-3.67769e-17
-3.53979e-17
-2.88471e-17
-3.38859e-17
-5.42522e-17
-1.29761e-16
-5.17023e-17
1.60311e-16
3.60972e-18
5.15053e-18
8.52404e-18
4.34903e-18
-3.92406e-18
-1.3772e-17
-2.17246e-17
-2.61909e-17
-2.66583e-17
-4.92556e-17
-4.76823e-17
-6.26461e-17
-1.04306e-16
-2.31324e-16
1.5813e-16
2.95487e-18
2.53287e-18
1.27371e-18
-2.45011e-18
-5.73517e-18
-1.08417e-17
-1.69475e-17
-2.27581e-17
-2.83955e-17
-4.39475e-17
-5.19763e-17
-5.85655e-17
9.24591e-18
-1.55653e-16
1.63376e-16
1.3804e-18
4.03686e-19
-1.62433e-18
-5.61954e-18
-7.38218e-18
-1.10899e-17
-1.64901e-17
-2.35395e-17
-3.29587e-17
-4.79842e-17
-6.10519e-17
-6.38155e-17
-3.22674e-17
-1.54167e-16
1.64587e-16
-4.69239e-18
-6.18384e-18
-8.87009e-18
-1.31866e-17
-1.84791e-17
-2.41016e-17
-2.96897e-17
-3.80389e-17
-5.07031e-17
-6.59045e-17
-6.98632e-17
-4.16193e-17
1.13994e-17
-3.7849e-17
1.73261e-16
-9.50546e-18
-8.93849e-18
-5.70481e-18
3.74387e-18
1.59533e-17
9.46317e-18
-5.5773e-17
-6.23285e-17
-6.79262e-17
-6.40697e-17
-4.84289e-18
-1.23579e-16
-1.08107e-16
-1.36891e-16
2.21827e-16
)
;
    }
}


// ************************************************************************* //
