/*--------------------------------*- C++ -*----------------------------------*\
| =========                 |                                                 |
| \\      /  F ield         | OpenFOAM: The Open Source CFD Toolbox           |
|  \\    /   O peration     | Version:  2.4.x                                 |
|   \\  /    A nd           | Web:      www.OpenFOAM.org                      |
|    \\/     M anipulation  |                                                 |
\*---------------------------------------------------------------------------*/
FoamFile
{
    version     2.0;
    format      ascii;
    class       volScalarField;
    location    "0.08";
    object      p;
}
// * * * * * * * * * * * * * * * * * * * * * * * * * * * * * * * * * * * * * //

dimensions      [1 -1 -2 0 0 0 0];

internalField   nonuniform List<scalar> 
1250
(
100115
100019
100009
100005
100003
100001
100002
100001
100001
100000
100000
100001
100000
100000
99999.9
100000
99999.8
100000
99999.8
99999.7
99999.8
99999.7
99999.6
99999.7
99999.6
99999.7
99999.5
99999.6
99999.5
99999.4
99999.4
99999.3
99999.2
99999.2
99999.2
99999.1
99999.1
99999.1
99999.1
99999.1
99999.2
99999.3
99999.5
100000
100000
100000
99999.1
100001
100000
100000
100112
100022
100008
100004
100002
100001
100000
100000
100000
100000
100000
99999.9
99999.9
99999.8
99999.8
99999.7
99999.7
99999.7
99999.7
99999.7
99999.6
99999.6
99999.6
99999.6
99999.6
99999.5
99999.5
99999.5
99999.4
99999.4
99999.3
99999.3
99999.2
99999.2
99999.1
99999.1
99999.1
99999.1
99999.1
99999.1
99999.1
99999.3
99999.5
99999.9
99999.9
100000
99999.1
100001
100000
100000
100125
100024
100008
100004
100002
100001
100001
100001
100000
100000
100000
100000
100000
99999.9
99999.9
99999.8
99999.7
99999.8
99999.7
99999.7
99999.7
99999.6
99999.6
99999.5
99999.6
99999.6
99999.5
99999.5
99999.4
99999.4
99999.3
99999.3
99999.2
99999.2
99999.2
99999.1
99999.1
99999.1
99999.1
99999.1
99999.2
99999.3
99999.5
99999.9
99999.9
100000
99999.2
100001
100000
100000
100160
100025
100006
100003
100002
100001
100001
100001
100000
100000
100000
100000
100000
99999.9
99999.9
99999.8
99999.8
99999.8
99999.7
99999.7
99999.7
99999.6
99999.6
99999.6
99999.6
99999.6
99999.5
99999.5
99999.4
99999.4
99999.3
99999.3
99999.2
99999.2
99999.2
99999.1
99999.1
99999.1
99999.1
99999.1
99999.1
99999.3
99999.5
99999.8
99999.8
100000
99999.3
100001
100000
100000
100183
100018
100003
100003
100002
100001
100001
100001
100000
100000
100000
100000
100000
100000
99999.9
99999.8
99999.8
99999.8
99999.8
99999.7
99999.7
99999.6
99999.6
99999.6
99999.6
99999.6
99999.5
99999.5
99999.4
99999.4
99999.4
99999.3
99999.2
99999.2
99999.2
99999.1
99999.1
99999.1
99999.1
99999.1
99999.1
99999.2
99999.4
99999.8
99999.8
100000
99999.4
100001
100000
100000
99981
99996.7
99999.9
100001
100001
100001
100001
100000
100000
100000
100000
100000
100000
100000
99999.9
99999.8
99999.8
99999.8
99999.8
99999.7
99999.7
99999.6
99999.6
99999.6
99999.6
99999.6
99999.5
99999.5
99999.5
99999.4
99999.4
99999.3
99999.3
99999.2
99999.2
99999.1
99999.1
99999.1
99999.1
99999.1
99999.1
99999.2
99999.4
99999.7
99999.7
100000
99999.5
100001
100000
100000
99983.3
99997.9
99999.9
100001
100001
100001
100001
100000
100000
100000
100000
100000
100000
100000
99999.9
99999.9
99999.8
99999.8
99999.8
99999.7
99999.7
99999.7
99999.6
99999.6
99999.6
99999.5
99999.5
99999.5
99999.5
99999.4
99999.4
99999.3
99999.3
99999.2
99999.2
99999.1
99999.1
99999.1
99999
99999.1
99999.1
99999.2
99999.4
99999.6
99999.7
100000
99999.5
100001
100000
100000
99991.9
99997.9
99999.3
100000
100000
100001
100000
100000
100000
100000
100000
100000
100000
100000
99999.9
99999.9
99999.9
99999.8
99999.8
99999.7
99999.7
99999.7
99999.6
99999.6
99999.6
99999.5
99999.5
99999.5
99999.5
99999.4
99999.4
99999.3
99999.3
99999.2
99999.2
99999.1
99999.1
99999.1
99999
99999.1
99999.1
99999.2
99999.3
99999.6
99999.6
99999.9
99999.6
100001
100000
100000
99994.9
99998.6
99999.5
100000
100000
100000
100000
100000
100000
100000
100000
100000
100000
100000
99999.9
99999.9
99999.9
99999.8
99999.8
99999.8
99999.7
99999.7
99999.6
99999.6
99999.6
99999.5
99999.5
99999.5
99999.4
99999.4
99999.4
99999.3
99999.3
99999.2
99999.2
99999.1
99999.1
99999
99999
99999
99999.1
99999.2
99999.3
99999.5
99999.6
99999.9
99999.7
100001
100000
100000
99997.2
99999
99999.8
100000
100000
100000
100000
100000
100000
100000
100000
100000
100000
100000
99999.9
99999.9
99999.9
99999.8
99999.8
99999.8
99999.7
99999.7
99999.6
99999.6
99999.6
99999.5
99999.5
99999.5
99999.4
99999.4
99999.4
99999.3
99999.3
99999.2
99999.2
99999.1
99999.1
99999
99999
99999
99999.1
99999.1
99999.3
99999.4
99999.5
99999.8
99999.7
100001
100000
100000
100002
99999.9
100000
100000
100000
100000
100000
100000
100000
100000
100000
100000
100000
100000
99999.9
99999.9
99999.9
99999.8
99999.8
99999.8
99999.7
99999.7
99999.6
99999.6
99999.6
99999.5
99999.5
99999.5
99999.4
99999.4
99999.4
99999.3
99999.3
99999.2
99999.2
99999.1
99999.1
99999
99999
99999
99999
99999.1
99999.2
99999.4
99999.5
99999.7
99999.9
100001
100000
100000
100003
100001
100001
100001
100001
100001
100000
100000
100000
100000
100000
100000
100000
100000
100000
99999.9
99999.9
99999.8
99999.8
99999.8
99999.7
99999.7
99999.6
99999.6
99999.6
99999.6
99999.5
99999.5
99999.4
99999.4
99999.4
99999.3
99999.3
99999.2
99999.2
99999.1
99999.1
99999
99999
99999
99999
99999.1
99999.2
99999.3
99999.4
99999.6
100000
100001
99999.9
100000
100002
100001
100001
100001
100001
100001
100000
100000
100000
100000
100000
100000
100000
100000
100000
99999.9
99999.9
99999.8
99999.8
99999.8
99999.7
99999.7
99999.7
99999.6
99999.6
99999.6
99999.5
99999.5
99999.4
99999.4
99999.4
99999.3
99999.3
99999.2
99999.2
99999.1
99999.1
99999
99999
99999
99999
99999.1
99999.1
99999.3
99999.4
99999.6
100000
100001
99999.9
100000
100001
100001
100001
100001
100001
100001
100001
100000
100000
100000
100000
100000
100000
100000
100000
99999.9
99999.9
99999.9
99999.8
99999.8
99999.7
99999.7
99999.7
99999.6
99999.6
99999.6
99999.5
99999.5
99999.4
99999.4
99999.4
99999.3
99999.3
99999.2
99999.2
99999.1
99999.1
99999
99999
99999
99999
99999
99999.1
99999.2
99999.4
99999.6
100000
100000
99999.9
100000
100001
100001
100001
100001
100001
100001
100001
100000
100000
100000
100000
100000
100000
100000
100000
100000
99999.9
99999.9
99999.8
99999.8
99999.7
99999.7
99999.7
99999.6
99999.6
99999.6
99999.5
99999.5
99999.4
99999.4
99999.4
99999.3
99999.3
99999.2
99999.2
99999.1
99999.1
99999
99999
99998.9
99999
99999
99999
99999.2
99999.3
99999.5
100000
100000
99999.9
100000
100001
100001
100001
100001
100001
100001
100000
100000
100000
100000
100000
100000
100000
100000
100000
100000
99999.9
99999.9
99999.8
99999.8
99999.7
99999.7
99999.7
99999.6
99999.6
99999.6
99999.5
99999.5
99999.4
99999.4
99999.4
99999.3
99999.3
99999.2
99999.2
99999.1
99999
99999
99999
99998.9
99998.9
99998.9
99999
99999.1
99999.3
99999.5
100000
100000
99999.9
100000
100001
100001
100001
100001
100001
100000
100000
100000
100000
100000
100000
100000
100000
100000
100000
100000
99999.9
99999.9
99999.8
99999.8
99999.8
99999.7
99999.7
99999.6
99999.6
99999.6
99999.5
99999.5
99999.5
99999.4
99999.4
99999.3
99999.3
99999.2
99999.2
99999.1
99999
99999
99998.9
99998.9
99998.9
99998.9
99998.9
99999
99999.2
99999.5
100000
100000
99999.9
100000
100001
100001
100001
100001
100000
100000
100000
100000
100000
100000
100000
100000
100000
100000
100000
100000
99999.9
99999.9
99999.9
99999.8
99999.8
99999.7
99999.7
99999.7
99999.6
99999.6
99999.5
99999.5
99999.5
99999.4
99999.4
99999.3
99999.3
99999.2
99999.1
99999.1
99999
99999
99998.9
99998.9
99998.9
99998.8
99998.9
99999
99999
99999.6
100000
99999.9
99999.9
100000
100000
100000
100000
100000
100000
100000
100000
100000
100000
100000
100000
100000
100000
100000
100000
100000
99999.9
99999.9
99999.9
99999.8
99999.8
99999.7
99999.7
99999.7
99999.6
99999.6
99999.5
99999.5
99999.5
99999.4
99999.4
99999.3
99999.3
99999.2
99999.1
99999.1
99999
99999
99998.9
99998.9
99998.8
99998.8
99998.9
99998.9
99998.9
99999.5
99999.7
99999.8
99999.9
100000
100000
100000
100000
100000
100000
100000
100000
100000
100000
100000
100000
100000
100000
100000
100000
100000
99999.9
99999.9
99999.8
99999.8
99999.8
99999.7
99999.7
99999.6
99999.6
99999.6
99999.5
99999.5
99999.5
99999.4
99999.4
99999.3
99999.3
99999.2
99999.1
99999.1
99999
99998.9
99998.9
99998.8
99998.8
99998.8
99998.8
99998.8
99998.6
99999.5
99999.6
99999.8
99999.9
100000
100000
100000
100000
100000
100000
100000
100000
100000
100000
100000
100000
100000
100000
100000
100000
100000
99999.9
99999.9
99999.8
99999.8
99999.8
99999.7
99999.7
99999.6
99999.6
99999.6
99999.5
99999.5
99999.5
99999.4
99999.4
99999.3
99999.3
99999.2
99999.1
99999.1
99999
99998.9
99998.9
99998.8
99998.8
99998.8
99998.9
99999
99999.1
99999.2
99999.6
99999.7
99999.8
100000
100000
100000
100000
100000
100000
100000
100000
100000
100000
100000
100000
100000
100000
100000
100000
100000
99999.9
99999.9
99999.8
99999.8
99999.8
99999.7
99999.7
99999.6
99999.6
99999.6
99999.5
99999.5
99999.4
99999.4
99999.4
99999.3
99999.3
99999.2
99999.1
99999.1
99999
99998.9
99998.9
99998.8
99998.8
99998.8
99998.9
99999.1
99999.1
99999.3
99999.6
99999.7
99999.8
100000
100000
100000
100000
100000
100000
100000
100000
100000
100000
100000
100000
100000
100000
100000
100000
100000
99999.9
99999.9
99999.8
99999.8
99999.8
99999.7
99999.7
99999.6
99999.6
99999.6
99999.5
99999.5
99999.4
99999.4
99999.4
99999.3
99999.3
99999.2
99999.2
99999.1
99999
99998.9
99998.9
99998.8
99998.5
99998.9
99999
99999.1
99999.3
99999.4
99999.6
99999.7
99999.8
100000
100000
100000
100000
100000
100000
100000
100000
100000
100000
100000
100000
100000
100000
100000
100000
100000
99999.9
99999.9
99999.8
99999.8
99999.8
99999.7
99999.7
99999.6
99999.6
99999.6
99999.5
99999.5
99999.4
99999.4
99999.4
99999.3
99999.3
99999.2
99999.2
99999.1
99999
99999
99998.9
99998.9
99998.8
99998.9
99999
99999.2
99999.3
99999.5
99999.6
99999.7
99999.9
100000
100000
100000
100000
100000
100000
100000
100000
100000
100000
100000
100000
100000
100000
100000
100000
100000
100000
99999.9
99999.9
99999.8
99999.8
99999.7
99999.7
99999.6
99999.6
99999.6
99999.5
99999.5
99999.5
99999.4
99999.4
99999.3
99999.3
99999.3
99999.2
99999.1
99999.1
99999
99999
99998.9
99998.9
99999
99999.1
99999.2
99999.4
99999.5
99999.7
99999.8
99999.9
100000
)
;

boundaryField
{
    AXIS
    {
        type            empty;
    }
    OUTLET
    {
        type            fixedValue;
        value           uniform 100000;
    }
    COFLOW
    {
        type            zeroGradient;
    }
    PILOT
    {
        type            zeroGradient;
    }
    FUEL
    {
        type            zeroGradient;
    }
    WALL
    {
        type            zeroGradient;
    }
    front
    {
        type            wedge;
    }
    back
    {
        type            wedge;
    }
}


// ************************************************************************* //
