/*--------------------------------*- C++ -*----------------------------------*\
| =========                 |                                                 |
| \\      /  F ield         | OpenFOAM: The Open Source CFD Toolbox           |
|  \\    /   O peration     | Version:  2.4.x                                 |
|   \\  /    A nd           | Web:      www.OpenFOAM.org                      |
|    \\/     M anipulation  |                                                 |
\*---------------------------------------------------------------------------*/
FoamFile
{
    version     2.0;
    format      ascii;
    class       surfaceScalarField;
    location    "0.08";
    object      phi;
}
// * * * * * * * * * * * * * * * * * * * * * * * * * * * * * * * * * * * * * //

dimensions      [1 0 -1 0 0 0 0];

internalField   nonuniform List<scalar> 
2425
(
1.06635e-06
-1.55477e-08
1.03592e-06
3.04531e-08
9.7721e-07
5.87216e-08
9.10563e-07
6.66588e-08
8.44578e-07
6.59937e-08
7.8241e-07
6.21756e-08
7.28316e-07
5.41011e-08
6.78515e-07
4.98083e-08
6.32446e-07
4.60765e-08
5.87823e-07
4.46289e-08
5.4743e-07
4.03999e-08
5.12521e-07
3.49149e-08
4.79896e-07
3.26294e-08
4.51219e-07
2.86793e-08
4.24841e-07
2.63799e-08
4.01408e-07
2.34349e-08
3.8019e-07
2.12219e-08
3.61539e-07
1.86548e-08
3.44161e-07
1.73809e-08
3.28059e-07
1.61041e-08
3.13488e-07
1.45731e-08
2.99868e-07
1.36214e-08
2.8734e-07
1.25309e-08
2.75782e-07
1.15623e-08
2.64214e-07
1.15692e-08
2.53589e-07
1.06283e-08
2.43741e-07
9.84944e-09
2.34759e-07
8.98658e-09
2.26389e-07
8.3735e-09
2.18711e-07
7.68225e-09
2.1158e-07
7.13584e-09
2.04991e-07
6.59438e-09
1.98928e-07
6.07091e-09
1.93339e-07
5.59864e-09
1.88004e-07
5.34125e-09
1.82998e-07
5.02063e-09
1.78121e-07
4.87837e-09
1.73299e-07
4.83087e-09
1.68487e-07
4.82786e-09
1.6318e-07
5.27783e-09
1.57377e-07
5.86968e-09
1.50403e-07
7.03684e-09
1.40018e-07
1.03894e-08
1.25867e-07
1.54766e-08
1.14153e-07
1.6294e-08
1.15839e-07
1.57216e-08
1.42982e-07
9.57779e-09
1.85047e-07
1.50276e-08
2.04421e-07
7.81635e-09
3.99873e-09
3.21217e-06
-7.53878e-08
3.07425e-06
1.68422e-07
2.8768e-06
2.5621e-07
2.67215e-06
2.71348e-07
2.47433e-06
2.6384e-07
2.29575e-06
2.40775e-07
2.13654e-06
2.13332e-07
1.98922e-06
1.9715e-07
1.84797e-06
1.87353e-07
1.71975e-06
1.72869e-07
1.6046e-06
1.55568e-07
1.50198e-06
1.3755e-07
1.4094e-06
1.25224e-07
1.32598e-06
1.12109e-07
1.2508e-06
1.0156e-07
1.18234e-06
9.19034e-08
1.12161e-06
8.19609e-08
1.06684e-06
7.34365e-08
1.01676e-06
6.74656e-08
9.70562e-07
6.2313e-08
9.27587e-07
5.75532e-08
8.88012e-07
5.32013e-08
8.5183e-07
4.87211e-08
8.18126e-07
4.52789e-08
7.85178e-07
4.45217e-08
7.53754e-07
4.20579e-08
7.25052e-07
3.85576e-08
6.98476e-07
3.55728e-08
6.74e-07
3.28591e-08
6.51249e-07
3.04445e-08
6.3023e-07
2.81696e-08
6.10714e-07
2.61258e-08
5.92876e-07
2.39341e-08
5.76322e-07
2.21807e-08
5.60627e-07
2.10544e-08
5.45853e-07
1.98394e-08
5.31468e-07
1.92665e-08
5.17257e-07
1.90717e-08
5.03027e-07
1.91046e-08
4.87424e-07
2.07953e-08
4.70279e-07
2.32126e-08
4.49823e-07
2.7694e-08
4.19683e-07
4.05471e-08
3.78762e-07
6.03624e-08
3.45368e-07
6.33525e-08
3.51912e-07
6.12763e-08
4.31771e-07
4.01568e-08
5.57613e-07
6.0222e-08
6.14399e-07
3.23436e-08
1.63814e-08
5.25948e-06
-8.0331e-08
4.91779e-06
5.10183e-07
4.54336e-06
6.30705e-07
4.20027e-06
6.1449e-07
3.89417e-06
5.69983e-07
3.61967e-06
5.1531e-07
3.35759e-06
4.75448e-07
3.11531e-06
4.39466e-07
2.89962e-06
4.03076e-07
2.70662e-06
3.65898e-07
2.5334e-06
3.28811e-07
2.37838e-06
2.92606e-07
2.23889e-06
2.64729e-07
2.11263e-06
2.38389e-07
1.99786e-06
2.16332e-07
1.89399e-06
1.95787e-07
1.80084e-06
1.75122e-07
1.71648e-06
1.57813e-07
1.63896e-06
1.45003e-07
1.56708e-06
1.34203e-07
1.50039e-06
1.24251e-07
1.43865e-06
1.1495e-07
1.38219e-06
1.052e-07
1.33048e-06
9.70089e-08
1.28025e-06
9.47702e-08
1.23106e-06
9.12505e-08
1.18528e-06
8.43552e-08
1.14301e-06
7.78518e-08
1.10387e-06
7.20226e-08
1.06752e-06
6.68057e-08
1.03382e-06
6.19006e-08
1.00244e-06
5.75245e-08
9.73665e-07
5.27566e-08
9.4716e-07
4.87302e-08
9.2199e-07
4.62574e-08
8.98216e-07
4.36864e-08
8.75066e-07
4.24217e-08
8.52175e-07
4.20153e-08
8.29188e-07
4.21645e-08
8.03893e-07
4.59587e-08
7.76153e-07
5.12842e-08
7.43018e-07
6.12142e-08
6.94911e-07
8.88105e-08
6.30136e-07
1.31654e-07
5.77826e-07
1.40367e-07
5.91127e-07
1.34966e-07
7.25043e-07
9.44993e-08
9.3314e-07
1.36266e-07
1.02553e-06
7.41207e-08
3.72453e-08
6.93636e-06
3.42273e-07
6.23829e-06
1.20836e-06
5.70297e-06
1.1661e-06
5.27813e-06
1.0394e-06
4.88486e-06
9.63311e-07
4.52428e-06
8.75934e-07
4.20873e-06
7.91038e-07
3.93071e-06
7.17539e-07
3.68188e-06
6.5195e-07
3.45854e-06
5.8928e-07
3.25792e-06
5.29463e-07
3.0765e-06
4.74073e-07
2.9108e-06
4.30462e-07
2.75952e-06
3.89691e-07
2.62156e-06
3.54303e-07
2.49605e-06
3.21306e-07
2.38236e-06
2.88833e-07
2.27805e-06
2.62145e-07
2.18132e-06
2.41753e-07
2.09136e-06
2.24182e-07
2.00763e-06
2.07997e-07
1.92989e-06
1.92703e-07
1.85865e-06
1.76459e-07
1.79312e-06
1.62563e-07
1.73211e-06
1.55804e-07
1.67163e-06
1.51748e-07
1.61177e-06
1.4423e-07
1.55648e-06
1.33158e-07
1.50511e-06
1.23414e-07
1.4574e-06
1.14536e-07
1.41315e-06
1.06191e-07
1.37181e-06
9.89043e-08
1.33349e-06
9.11367e-08
1.2982e-06
8.40774e-08
1.26496e-06
7.95469e-08
1.23344e-06
7.53021e-08
1.2027e-06
7.3173e-08
1.17228e-06
7.25227e-08
1.14154e-06
7.29966e-08
1.10764e-06
7.97084e-08
1.07032e-06
8.90672e-08
1.02565e-06
1.06589e-07
9.61735e-07
1.52945e-07
8.76581e-07
2.26883e-07
8.09671e-07
2.41412e-07
8.32377e-07
2.36129e-07
1.0226e-06
1.73281e-07
1.31176e-06
2.42486e-07
1.43746e-06
1.32872e-07
6.64646e-08
7.1044e-06
2.70148e-06
6.29921e-06
2.01364e-06
5.88763e-06
1.57776e-06
5.49756e-06
1.42956e-06
5.16905e-06
1.2919e-06
4.87818e-06
1.16686e-06
4.61099e-06
1.05828e-06
4.36515e-06
9.63426e-07
4.13682e-06
8.80346e-07
3.92731e-06
7.98839e-07
3.73533e-06
7.21486e-07
3.55691e-06
6.52547e-07
3.39184e-06
5.9558e-07
3.23839e-06
5.43165e-07
3.09476e-06
4.97949e-07
2.96264e-06
4.53443e-07
2.84185e-06
4.09656e-07
2.72916e-06
3.74861e-07
2.62397e-06
3.46967e-07
2.52537e-06
3.22804e-07
2.4331e-06
3.00289e-07
2.34676e-06
2.79054e-07
2.26703e-06
2.56213e-07
2.19334e-06
2.36297e-07
2.12454e-06
2.24635e-07
2.05948e-06
2.16849e-07
1.99381e-06
2.09916e-07
1.9289e-06
1.98087e-07
1.8687e-06
1.8364e-07
1.81264e-06
1.70632e-07
1.76031e-06
1.58565e-07
1.7114e-06
1.47868e-07
1.66547e-06
1.37143e-07
1.62298e-06
1.26648e-07
1.58349e-06
1.19111e-07
1.54593e-06
1.12976e-07
1.50915e-06
1.09977e-07
1.47263e-06
1.09161e-07
1.43545e-06
1.10276e-07
1.39429e-06
1.20748e-07
1.34875e-06
1.35221e-07
1.294e-06
1.62155e-07
1.21712e-06
2.30518e-07
1.11586e-06
3.41774e-07
1.03908e-06
3.64786e-07
1.07456e-06
3.57793e-07
1.32492e-06
2.77188e-07
1.6942e-06
3.76703e-07
1.85011e-06
2.07904e-07
1.03782e-07
3.30831e-06
-3.20719e-09
4.34751e-06
9.74524e-07
4.70007e-06
1.22527e-06
4.76509e-06
1.36464e-06
4.72721e-06
1.32987e-06
4.63234e-06
1.2618e-06
4.50547e-06
1.18521e-06
4.36592e-06
1.10304e-06
4.22493e-06
1.02141e-06
4.08718e-06
9.36649e-07
3.95163e-06
8.57078e-07
3.81558e-06
7.88674e-07
3.67782e-06
7.33402e-07
3.53969e-06
6.81322e-07
3.40744e-06
6.30225e-07
3.28421e-06
5.76697e-07
3.16994e-06
5.23959e-07
3.06128e-06
4.83556e-07
2.95829e-06
4.49991e-07
2.86071e-06
4.20411e-07
2.76849e-06
3.92535e-07
2.68129e-06
3.66272e-07
2.5996e-06
3.37931e-07
2.52349e-06
3.12456e-07
2.45196e-06
2.96211e-07
2.38471e-06
2.84148e-07
2.3196e-06
2.75072e-07
2.25315e-06
2.64564e-07
2.18764e-06
2.49181e-07
2.12658e-06
2.31731e-07
2.06965e-06
2.15558e-07
2.01614e-06
2.01443e-07
1.96549e-06
1.87901e-07
1.91759e-06
1.74654e-07
1.87299e-06
1.63814e-07
1.83132e-06
1.54781e-07
1.79026e-06
1.51078e-07
1.74935e-06
1.50226e-07
1.70735e-06
1.52398e-07
1.66054e-06
1.67488e-07
1.6085e-06
1.88034e-07
1.54534e-06
2.26318e-07
1.45844e-06
3.19054e-07
1.34581e-06
4.72629e-07
1.2644e-06
5.07904e-07
1.31755e-06
5.01276e-07
1.63264e-06
4.07095e-07
2.08038e-06
5.35858e-07
2.26309e-06
2.97711e-07
1.48789e-07
1.51712e-06
-8.06942e-07
2.61728e-06
-1.25544e-07
3.33868e-06
5.03967e-07
3.76281e-06
9.40625e-07
3.98903e-06
1.10375e-06
4.09193e-06
1.15899e-06
4.12238e-06
1.15484e-06
4.10561e-06
1.11988e-06
4.06161e-06
1.06548e-06
4.00171e-06
9.96624e-07
3.92914e-06
9.29702e-07
3.847e-06
8.70894e-07
3.75984e-06
8.20634e-07
3.66875e-06
7.72452e-07
3.57049e-06
7.28516e-07
3.46893e-06
6.78301e-07
3.37169e-06
6.21237e-07
3.27733e-06
5.77953e-07
3.18603e-06
5.41323e-07
3.09816e-06
5.08318e-07
3.01371e-06
4.77009e-07
2.93213e-06
4.47879e-07
2.85423e-06
4.15868e-07
2.78109e-06
3.85649e-07
2.71201e-06
3.65345e-07
2.6463e-06
3.49905e-07
2.58386e-06
3.37576e-07
2.52176e-06
3.26728e-07
2.458e-06
3.12976e-07
2.39576e-06
2.94021e-07
2.33729e-06
2.74101e-07
2.28207e-06
2.56759e-07
2.22961e-06
2.40492e-07
2.17953e-06
2.24879e-07
2.13171e-06
2.1182e-07
2.08694e-06
1.99704e-07
2.04361e-06
1.94484e-07
2.00024e-06
1.93825e-07
1.95503e-06
1.97742e-07
1.90435e-06
2.18245e-07
1.84772e-06
2.45619e-07
1.77849e-06
2.96903e-07
1.68468e-06
4.17991e-07
1.56587e-06
6.16127e-07
1.48536e-06
6.66805e-07
1.5611e-06
6.57596e-07
1.94584e-06
5.59981e-07
2.46982e-06
7.15645e-07
2.67598e-06
3.99832e-07
2.00702e-07
9.36764e-07
-9.20508e-07
1.58966e-06
-7.7834e-07
2.297e-06
-2.03277e-07
2.84732e-06
3.90409e-07
3.22249e-06
7.28675e-07
3.4618e-06
9.19771e-07
3.61348e-06
1.00323e-06
3.70219e-06
1.03124e-06
3.74965e-06
1.01811e-06
3.76789e-06
9.78449e-07
3.76179e-06
9.3587e-07
3.73761e-06
8.95166e-07
3.70095e-06
8.57367e-07
3.65534e-06
8.18111e-07
3.60325e-06
7.80647e-07
3.5395e-06
7.42097e-07
3.46696e-06
6.93823e-07
3.39398e-06
6.50976e-07
3.32072e-06
6.14623e-07
3.24765e-06
5.81418e-07
3.17536e-06
5.49334e-07
3.10437e-06
5.189e-07
3.03487e-06
4.85402e-07
2.96865e-06
4.51926e-07
2.90621e-06
4.27842e-07
2.84635e-06
4.09818e-07
2.78898e-06
3.95014e-07
2.73375e-06
3.82019e-07
2.67697e-06
3.69835e-07
2.61829e-06
3.52761e-07
2.5619e-06
3.30588e-07
2.50819e-06
3.10588e-07
2.45664e-06
2.92212e-07
2.40705e-06
2.74659e-07
2.35916e-06
2.59962e-07
2.31281e-06
2.46333e-07
2.26794e-06
2.39657e-07
2.22383e-06
2.38224e-07
2.17707e-06
2.44706e-07
2.1244e-06
2.71191e-07
2.06517e-06
3.0609e-07
1.99343e-06
3.70617e-07
1.89603e-06
5.23244e-07
1.77476e-06
7.70081e-07
1.70065e-06
8.35433e-07
1.80546e-06
8.28198e-07
2.26542e-06
7.49788e-07
2.86282e-06
9.10566e-07
3.08909e-06
5.11275e-07
2.58827e-07
7.96191e-07
-7.83738e-07
1.05006e-06
-1.03212e-06
1.601e-06
-7.54152e-07
2.14046e-06
-1.48977e-07
2.56233e-06
3.06895e-07
2.87613e-06
6.06049e-07
3.10281e-06
7.76634e-07
3.26583e-06
8.68295e-07
3.38289e-06
9.01123e-07
3.46422e-06
8.97198e-07
3.51511e-06
8.85051e-07
3.54299e-06
8.67371e-07
3.55326e-06
8.47167e-07
3.54954e-06
8.2189e-07
3.53485e-06
7.95386e-07
3.50882e-06
7.68191e-07
3.46972e-06
7.32965e-07
3.42189e-06
6.98847e-07
3.37047e-06
6.6608e-07
3.3167e-06
6.35224e-07
3.26152e-06
6.04541e-07
3.20551e-06
5.74941e-07
3.14861e-06
5.42323e-07
3.09331e-06
5.07277e-07
3.04091e-06
4.80295e-07
2.99002e-06
4.60768e-07
2.94071e-06
4.4438e-07
2.89276e-06
4.30044e-07
2.84574e-06
4.16926e-07
2.79582e-06
4.02771e-07
2.74409e-06
3.82441e-07
2.69473e-06
3.60118e-07
2.64681e-06
3.40354e-07
2.60031e-06
3.21427e-07
2.55503e-06
3.05578e-07
2.51066e-06
2.91071e-07
2.46631e-06
2.84437e-07
2.42139e-06
2.83759e-07
2.37391e-06
2.92462e-07
2.3212e-06
3.2441e-07
2.26185e-06
3.67052e-07
2.19005e-06
4.46591e-07
2.0913e-06
6.34151e-07
1.97188e-06
9.28371e-07
1.91004e-06
1.01925e-06
2.05043e-06
1.01208e-06
2.59148e-06
9.67901e-07
3.25978e-06
1.11286e-06
3.50266e-06
6.29047e-07
3.22373e-07
9.55349e-07
-6.96435e-07
9.76453e-07
-1.05317e-06
1.27455e-06
-1.05229e-06
1.68004e-06
-5.54442e-07
2.06827e-06
-8.12821e-08
2.3921e-06
2.82279e-07
2.65236e-06
5.16445e-07
2.85362e-06
6.67102e-07
3.00499e-06
7.49815e-07
3.11711e-06
7.85145e-07
3.20106e-06
8.0117e-07
3.26261e-06
8.05901e-07
3.3068e-06
8.03055e-07
3.33754e-06
7.91206e-07
3.3614e-06
7.71586e-07
3.37731e-06
7.52365e-07
3.37698e-06
7.33374e-07
3.36184e-06
7.14029e-07
3.33847e-06
6.89513e-07
3.30978e-06
6.63947e-07
3.27723e-06
6.37124e-07
3.24205e-06
6.10151e-07
3.20403e-06
5.8037e-07
3.16409e-06
5.4724e-07
3.12415e-06
5.20264e-07
3.08444e-06
5.00529e-07
3.04522e-06
4.83648e-07
3.00665e-06
4.68683e-07
2.96858e-06
4.55077e-07
2.92913e-06
4.42333e-07
2.88703e-06
4.24706e-07
2.84436e-06
4.03026e-07
2.80239e-06
3.82617e-07
2.76094e-06
3.63235e-07
2.72008e-06
3.46901e-07
2.67971e-06
3.3193e-07
2.63882e-06
3.25948e-07
2.59637e-06
3.26995e-07
2.54999e-06
3.39597e-07
2.49884e-06
3.77014e-07
2.44156e-06
4.27162e-07
2.3703e-06
5.2351e-07
2.27102e-06
7.50303e-07
2.1587e-06
1.08481e-06
2.11417e-06
1.21061e-06
2.29536e-06
1.20437e-06
2.92297e-06
1.21857e-06
3.6591e-06
1.31355e-06
3.91667e-06
7.4881e-07
3.90368e-07
1.81847e-06
-1.49663e-07
1.53197e-06
-7.66626e-07
1.41725e-06
-9.37705e-07
1.56878e-06
-7.06057e-07
1.85282e-06
-3.65345e-07
2.14881e-06
-1.36877e-08
2.41524e-06
2.50052e-07
2.64455e-06
4.37844e-07
2.83466e-06
5.59758e-07
2.97972e-06
6.40142e-07
3.08957e-06
6.91369e-07
3.17651e-06
7.19016e-07
3.24547e-06
7.34146e-07
3.29947e-06
7.37248e-07
3.34871e-06
7.22412e-07
3.39349e-06
7.07653e-07
3.42366e-06
7.03265e-07
3.43937e-06
6.9835e-07
3.44468e-06
6.84234e-07
3.44188e-06
6.66765e-07
3.43255e-06
6.46469e-07
3.41809e-06
6.24621e-07
3.39862e-06
5.99838e-07
3.37419e-06
5.71663e-07
3.34695e-06
5.47514e-07
3.31874e-06
5.28758e-07
3.29008e-06
5.12348e-07
3.26105e-06
4.97781e-07
3.23162e-06
4.84606e-07
3.20179e-06
4.72326e-07
3.16885e-06
4.57888e-07
3.13309e-06
4.39117e-07
3.09706e-06
4.19073e-07
3.06087e-06
3.99944e-07
3.02458e-06
3.83844e-07
2.98785e-06
3.69407e-07
2.95019e-06
3.64517e-07
2.91009e-06
3.68189e-07
2.86492e-06
3.85966e-07
2.81458e-06
4.29611e-07
2.75672e-06
4.88774e-07
2.68304e-06
6.05276e-07
2.58051e-06
8.77473e-07
2.47502e-06
1.24858e-06
2.45132e-06
1.41739e-06
2.69324e-06
1.41059e-06
3.45649e-06
1.52791e-06
4.30485e-06
1.51332e-06
4.59154e-06
8.72898e-07
4.65822e-07
2.75332e-06
3.32068e-08
2.41669e-06
-4.29799e-07
2.0571e-06
-5.78215e-07
1.90603e-06
-5.55184e-07
1.97105e-06
-4.30567e-07
2.16228e-06
-2.0502e-07
2.39559e-06
1.66977e-08
2.62749e-06
2.05921e-07
2.83531e-06
3.51948e-07
3.01781e-06
4.57673e-07
3.17437e-06
5.34839e-07
3.30584e-06
5.87572e-07
3.4165e-06
6.23519e-07
3.5091e-06
6.44672e-07
3.58191e-06
6.49629e-07
3.63498e-06
6.54544e-07
3.67678e-06
6.6144e-07
3.71299e-06
6.62116e-07
3.74172e-06
6.55465e-07
3.76203e-06
6.46406e-07
3.77472e-06
6.33719e-07
3.78077e-06
6.18491e-07
3.78047e-06
6.00066e-07
3.77354e-06
5.78521e-07
3.76191e-06
5.59099e-07
3.7478e-06
5.42841e-07
3.73187e-06
5.28305e-07
3.71469e-06
5.15035e-07
3.69641e-06
5.03037e-07
3.67729e-06
4.91688e-07
3.6548e-06
4.80732e-07
3.62833e-06
4.66135e-07
3.60014e-06
4.47957e-07
3.57069e-06
4.30237e-07
3.54002e-06
4.1555e-07
3.50811e-06
4.02519e-07
3.47437e-06
3.99736e-07
3.43657e-06
4.07703e-07
3.39265e-06
4.31916e-07
3.34285e-06
4.82822e-07
3.28284e-06
5.54274e-07
3.20414e-06
6.97066e-07
3.09625e-06
1.01935e-06
2.9989e-06
1.42824e-06
3.00489e-06
1.649e-06
3.34982e-06
1.63777e-06
4.33736e-06
1.90167e-06
5.37634e-06
1.91523e-06
5.70383e-06
1.01318e-06
5.53911e-07
3.58319e-06
9.96036e-08
3.31577e-06
-1.61979e-07
2.99504e-06
-2.5735e-07
2.71139e-06
-2.71629e-07
2.53402e-06
-2.53437e-07
2.50075e-06
-1.72011e-07
2.58037e-06
-6.32041e-08
2.72874e-06
5.73479e-08
2.90634e-06
1.74202e-07
3.08721e-06
2.76743e-07
3.25505e-06
3.66926e-07
3.40555e-06
4.36999e-07
3.54088e-06
4.88135e-07
3.66096e-06
5.24545e-07
3.7633e-06
5.472e-07
3.85017e-06
5.67581e-07
3.92591e-06
5.8557e-07
3.991e-06
5.9687e-07
4.04472e-06
6.01536e-07
4.08811e-06
6.02781e-07
4.1223e-06
5.9925e-07
4.14843e-06
5.92061e-07
4.16676e-06
5.81422e-07
4.17868e-06
5.66315e-07
4.18684e-06
5.50751e-07
4.19206e-06
5.37505e-07
4.19439e-06
5.25959e-07
4.19448e-06
5.15064e-07
4.19248e-06
5.05295e-07
4.18881e-06
4.9581e-07
4.18111e-06
4.89124e-07
4.16871e-06
4.79455e-07
4.15374e-06
4.64114e-07
4.13621e-06
4.49213e-07
4.11635e-06
4.37079e-07
4.09382e-06
4.27052e-07
4.06811e-06
4.27831e-07
4.03711e-06
4.41473e-07
3.99854e-06
4.74194e-07
3.95259e-06
5.34048e-07
3.89222e-06
6.22995e-07
3.81121e-06
7.96974e-07
3.70431e-06
1.17531e-06
3.62716e-06
1.61827e-06
3.68242e-06
1.92531e-06
4.18454e-06
1.90621e-06
5.48199e-06
2.35915e-06
6.73382e-06
2.32941e-06
7.09404e-06
1.17416e-06
6.53776e-07
4.53379e-06
1.07752e-07
4.36395e-06
8.46619e-09
4.12607e-06
-1.90758e-08
3.8691e-06
-1.44616e-08
3.6123e-06
3.39024e-09
3.40194e-06
3.81508e-08
3.2659e-06
7.24225e-08
3.21766e-06
1.05066e-07
3.24416e-06
1.47179e-07
3.32432e-06
1.96161e-07
3.43823e-06
2.52635e-07
3.56668e-06
3.08182e-07
3.69936e-06
3.55134e-07
3.82771e-06
3.95881e-07
3.94417e-06
4.3035e-07
4.05134e-06
4.60014e-07
4.15095e-06
4.85497e-07
4.24103e-06
5.0628e-07
4.32107e-06
5.20908e-07
4.39156e-06
5.31622e-07
4.45288e-06
5.3723e-07
4.50564e-06
5.38555e-07
4.55e-06
5.36296e-07
4.58772e-06
5.2793e-07
4.62143e-06
5.16598e-07
4.6515e-06
5.07192e-07
4.67791e-06
4.9953e-07
4.70112e-06
4.9211e-07
4.72141e-06
4.85558e-07
4.73713e-06
4.81014e-07
4.74844e-06
4.79106e-07
4.75688e-06
4.7272e-07
4.76144e-06
4.61656e-07
4.76213e-06
4.51019e-07
4.75908e-06
4.42994e-07
4.75127e-06
4.38275e-07
4.73882e-06
4.44248e-07
4.72063e-06
4.64444e-07
4.6928e-06
5.08136e-07
4.65402e-06
5.81204e-07
4.59623e-06
6.94259e-07
4.51785e-06
9.04747e-07
4.42108e-06
1.34163e-06
4.3815e-06
1.8306e-06
4.51805e-06
2.2491e-06
5.26559e-06
2.20089e-06
6.97435e-06
2.86704e-06
8.45238e-06
2.72756e-06
8.83258e-06
1.35625e-06
7.6341e-07
5.66772e-06
9.87761e-08
5.56583e-06
1.11186e-07
5.4038e-06
1.43633e-07
5.21206e-06
1.77767e-07
5.0014e-06
2.14349e-07
4.78368e-06
2.55842e-07
4.5682e-06
2.87525e-07
4.36896e-06
3.03615e-07
4.2067e-06
3.08493e-07
4.09756e-06
3.04231e-07
4.04792e-06
3.01095e-07
4.05789e-06
2.97064e-07
4.10933e-06
3.02517e-07
4.18491e-06
3.19146e-07
4.27537e-06
3.38606e-07
4.37309e-06
3.60979e-07
4.47299e-06
3.8421e-07
4.56941e-06
4.08366e-07
4.65842e-06
4.30159e-07
4.74198e-06
4.46206e-07
4.8211e-06
4.56291e-07
4.89453e-06
4.633e-07
4.96252e-06
4.66625e-07
5.02699e-06
4.62146e-07
5.08824e-06
4.54442e-07
5.1452e-06
4.49809e-07
5.19852e-06
4.46308e-07
5.24677e-06
4.44527e-07
5.28988e-06
4.43718e-07
5.33036e-06
4.42467e-07
5.36891e-06
4.43141e-07
5.40464e-06
4.40298e-07
5.43544e-06
4.34682e-07
5.46152e-06
4.29436e-07
5.48242e-06
4.27237e-07
5.49715e-06
4.29307e-07
5.50464e-06
4.43294e-07
5.50383e-06
4.73328e-07
5.49188e-06
5.30275e-07
5.4644e-06
6.21727e-07
5.41466e-06
7.66877e-07
5.34618e-06
1.02274e-06
5.2713e-06
1.5198e-06
5.28893e-06
2.07546e-06
5.56163e-06
2.63018e-06
6.69802e-06
2.55225e-06
8.93814e-06
3.42991e-06
1.06266e-05
3.04432e-06
1.10049e-05
1.55822e-06
8.79166e-07
7.06601e-06
9.00295e-08
7.00909e-06
1.69193e-07
6.91019e-06
2.43486e-07
6.779e-06
3.09708e-07
6.6219e-06
3.71933e-07
6.45275e-06
4.25172e-07
6.27121e-06
4.68803e-07
6.0718e-06
5.02239e-07
5.86228e-06
5.16747e-07
5.64857e-06
5.16139e-07
5.44518e-06
5.02227e-07
5.27037e-06
4.69036e-07
5.13618e-06
4.33424e-07
5.04956e-06
4.02191e-07
5.0125e-06
3.71784e-07
5.01655e-06
3.52763e-07
5.04917e-06
3.47279e-07
5.10367e-06
3.4937e-07
5.17277e-06
3.5631e-07
5.25002e-06
3.64253e-07
5.33052e-06
3.7107e-07
5.4119e-06
3.77372e-07
5.49303e-06
3.81757e-07
5.57207e-06
3.80164e-07
5.64828e-06
3.76285e-07
5.72299e-06
3.74391e-07
5.79705e-06
3.72835e-07
5.8712e-06
3.72123e-07
5.94436e-06
3.73506e-07
6.01589e-06
3.75041e-07
6.08622e-06
3.77808e-07
6.15364e-06
3.78908e-07
6.2158e-06
3.79487e-07
6.27266e-06
3.80458e-07
6.32249e-06
3.86002e-07
6.36487e-06
3.96507e-07
6.39878e-06
4.20021e-07
6.42002e-06
4.65237e-07
6.42606e-06
5.40567e-07
6.41469e-06
6.55644e-07
6.38169e-06
8.39589e-07
6.32958e-06
1.15474e-06
6.28428e-06
1.72437e-06
6.39584e-06
2.37872e-06
6.91926e-06
3.04377e-06
8.66566e-06
3.01541e-06
1.15282e-05
4.07801e-06
1.33537e-05
3.22327e-06
1.37102e-05
1.7667e-06
9.91754e-07
8.815e-06
8.44911e-08
8.78814e-06
1.97451e-07
8.73357e-06
2.99307e-07
8.65375e-06
3.90546e-07
8.55152e-06
4.74869e-07
8.42821e-06
5.48738e-07
8.28671e-06
6.09944e-07
8.13318e-06
6.54824e-07
7.96294e-06
6.85147e-07
7.77109e-06
7.05001e-07
7.56425e-06
7.05513e-07
7.33989e-06
6.88286e-07
7.1055e-06
6.61167e-07
6.87831e-06
6.20879e-07
6.66888e-06
5.70885e-07
6.48763e-06
5.22061e-07
6.34253e-06
4.79323e-07
6.24066e-06
4.37178e-07
6.18387e-06
3.98915e-07
6.16608e-06
3.68756e-07
6.17766e-06
3.46801e-07
6.21244e-06
3.30827e-07
6.26629e-06
3.18011e-07
6.33447e-06
3.05029e-07
6.41412e-06
2.92721e-07
6.50323e-06
2.84262e-07
6.5982e-06
2.79486e-07
6.6973e-06
2.76887e-07
6.79856e-06
2.77994e-07
6.90011e-06
2.80996e-07
7.00053e-06
2.86361e-07
7.09849e-06
2.91202e-07
7.19148e-06
2.97949e-07
7.27891e-06
3.05092e-07
7.35889e-06
3.19025e-07
7.4301e-06
3.39615e-07
7.49021e-06
3.75588e-07
7.53353e-06
4.41353e-07
7.55914e-06
5.42001e-07
7.5639e-06
6.89766e-07
7.54442e-06
9.2421e-07
7.50055e-06
1.32268e-06
7.51881e-06
1.96825e-06
7.81216e-06
2.74864e-06
8.82768e-06
3.45216e-06
1.14862e-05
3.72852e-06
1.49035e-05
4.45208e-06
1.67407e-05
3.21667e-06
1.70737e-05
1.94592e-06
1.08349e-06
1.10111e-05
7.9185e-08
1.10044e-05
2.05946e-07
1.09821e-05
3.23226e-07
1.09429e-05
4.31096e-07
1.08872e-05
5.31562e-07
1.08132e-05
6.23132e-07
1.07193e-05
7.03542e-07
1.06037e-05
7.69073e-07
1.0468e-05
8.17987e-07
1.03228e-05
8.46937e-07
1.01638e-05
8.59288e-07
9.9807e-06
8.63444e-07
9.77638e-06
8.54268e-07
9.55499e-06
8.27782e-07
9.31239e-06
7.94105e-07
9.0542e-06
7.55784e-07
8.79443e-06
7.08873e-07
8.54518e-06
6.5238e-07
8.3186e-06
5.87943e-07
8.12264e-06
5.24818e-07
7.96562e-06
4.64637e-07
7.85425e-06
4.05749e-07
7.78946e-06
3.51586e-07
7.76853e-06
3.02779e-07
7.78512e-06
2.61147e-07
7.83177e-06
2.29588e-07
7.90074e-06
2.08045e-07
7.98601e-06
1.93263e-07
8.08214e-06
1.86687e-07
8.18616e-06
1.84168e-07
8.29376e-06
1.87726e-07
8.40244e-06
1.92856e-07
8.50836e-06
2.03381e-07
8.60995e-06
2.1582e-07
8.70536e-06
2.36894e-07
8.79202e-06
2.6798e-07
8.86434e-06
3.21068e-07
8.92093e-06
4.11057e-07
8.96205e-06
5.44701e-07
8.97488e-06
7.39829e-07
8.96012e-06
1.04839e-06
8.94977e-06
1.53828e-06
9.12273e-06
2.27959e-06
9.79724e-06
3.18901e-06
1.17346e-05
3.90304e-06
1.56105e-05
4.60284e-06
1.9404e-05
4.85949e-06
2.09985e-05
3.13559e-06
2.12755e-05
2.09791e-06
1.15285e-06
1.37672e-05
7.20592e-08
1.37758e-05
1.99597e-07
1.37788e-05
3.22275e-07
1.37726e-05
4.39127e-07
1.37552e-05
5.50248e-07
1.37249e-05
6.54187e-07
1.36791e-05
7.49203e-07
1.3615e-05
8.31733e-07
1.35318e-05
8.99023e-07
1.34265e-05
9.47903e-07
1.32982e-05
9.80287e-07
1.31545e-05
9.95745e-07
1.30003e-05
9.93696e-07
1.28275e-05
9.79529e-07
1.26312e-05
9.61173e-07
1.24145e-05
9.33195e-07
1.21881e-05
8.90876e-07
1.19415e-05
8.40704e-07
1.16737e-05
7.83161e-07
1.13984e-05
7.15916e-07
1.1127e-05
6.42998e-07
1.08748e-05
5.60311e-07
1.0654e-05
4.74668e-07
1.04796e-05
3.89525e-07
1.03572e-05
3.11e-07
1.02826e-05
2.45244e-07
1.0247e-05
1.95271e-07
1.02433e-05
1.57724e-07
1.02646e-05
1.33978e-07
1.03048e-05
1.1796e-07
1.03575e-05
1.1433e-07
1.04195e-05
1.14397e-07
1.04854e-05
1.24754e-07
1.05521e-05
1.40399e-07
1.06168e-05
1.68197e-07
1.0676e-05
2.11054e-07
1.07247e-05
2.8572e-07
1.07663e-05
4.04554e-07
1.08014e-05
5.83826e-07
1.08053e-05
8.47088e-07
1.08045e-05
1.25263e-06
1.09174e-05
1.8379e-06
1.14365e-05
2.72092e-06
1.29609e-05
3.66611e-06
1.65285e-05
4.55956e-06
2.15561e-05
5.07174e-06
2.50451e-05
4.70058e-06
2.62622e-05
3.04142e-06
2.65117e-05
2.17464e-06
1.18979e-06
1.7225e-05
6.23465e-08
1.72464e-05
1.81081e-07
1.72706e-05
3.00751e-07
1.72927e-05
4.1939e-07
1.73094e-05
5.35448e-07
1.73183e-05
6.4658e-07
1.73182e-05
7.50397e-07
1.73059e-05
8.43952e-07
1.7278e-05
9.25168e-07
1.723e-05
9.91861e-07
1.716e-05
1.04281e-06
1.70677e-05
1.07575e-06
1.69534e-05
1.08911e-06
1.68157e-05
1.08934e-06
1.66682e-05
1.06877e-06
1.65258e-05
1.03536e-06
1.63672e-05
9.92401e-07
1.61852e-05
9.44761e-07
1.59746e-05
8.91322e-07
1.57396e-05
8.22687e-07
1.54816e-05
7.49087e-07
1.52054e-05
6.62539e-07
1.49184e-05
5.69233e-07
1.46355e-05
4.69769e-07
1.43773e-05
3.72459e-07
1.41528e-05
2.87051e-07
1.39587e-05
2.19071e-07
1.37944e-05
1.66965e-07
1.36596e-05
1.27533e-07
1.35575e-05
1.00697e-07
1.34809e-05
8.60261e-08
1.34263e-05
7.98708e-08
1.33884e-05
8.78127e-08
1.33645e-05
1.0605e-07
1.3349e-05
1.43542e-07
1.33428e-05
2.01152e-07
1.33366e-05
3.08332e-07
1.33414e-05
4.69383e-07
1.33572e-05
7.16553e-07
1.33652e-05
1.07437e-06
1.34969e-05
1.57412e-06
1.40297e-05
2.28599e-06
1.54032e-05
3.2994e-06
1.87366e-05
4.15195e-06
2.41452e-05
5.01813e-06
2.93054e-05
5.11039e-06
3.19269e-05
4.28537e-06
3.27978e-05
2.91177e-06
3.30328e-05
2.16096e-06
1.18678e-06
2.15638e-05
4.98521e-08
2.15963e-05
1.5227e-07
2.16391e-05
2.61677e-07
2.1687e-05
3.75089e-07
2.17361e-05
4.89647e-07
2.17833e-05
6.02216e-07
2.1826e-05
7.09826e-07
2.18616e-05
8.09488e-07
2.18878e-05
8.98571e-07
2.19021e-05
9.74716e-07
2.19027e-05
1.03609e-06
2.18859e-05
1.0814e-06
2.18484e-05
1.10862e-06
2.17933e-05
1.11656e-06
2.17287e-05
1.10258e-06
2.16459e-05
1.07168e-06
2.15407e-05
1.02999e-06
2.14187e-05
9.71821e-07
2.12867e-05
9.07497e-07
2.11231e-05
8.31599e-07
2.09223e-05
7.52847e-07
2.06933e-05
6.64948e-07
2.0425e-05
5.71524e-07
2.01145e-05
4.77396e-07
1.97801e-05
3.86174e-07
1.94421e-05
3.06391e-07
1.91101e-05
2.42857e-07
1.87921e-05
1.9402e-07
1.84945e-05
1.55503e-07
1.82217e-05
1.29135e-07
1.7975e-05
1.15163e-07
1.77583e-05
1.09589e-07
1.75668e-05
1.24833e-07
1.74058e-05
1.49208e-07
1.72939e-05
2.0944e-07
1.72149e-05
2.95831e-07
1.7176e-05
4.43919e-07
1.71936e-05
6.80046e-07
1.72604e-05
1.01224e-06
1.75087e-05
1.47209e-06
1.82824e-05
2.0717e-06
1.99689e-05
2.85803e-06
2.33287e-05
3.83449e-06
2.87941e-05
4.60991e-06
3.46017e-05
5.18205e-06
3.83722e-05
4.47187e-06
4.01686e-05
3.73791e-06
4.08821e-05
2.62457e-06
4.11542e-05
2.02004e-06
1.12236e-06
2.70092e-05
3.49179e-08
2.7051e-05
1.1529e-07
2.71093e-05
2.08323e-07
2.71795e-05
3.09658e-07
2.72583e-05
4.15467e-07
2.73427e-05
5.22092e-07
2.74301e-05
6.26182e-07
2.75183e-05
7.24284e-07
2.76054e-05
8.13216e-07
2.76892e-05
8.90703e-07
2.77678e-05
9.5437e-07
2.78405e-05
1.00131e-06
2.79129e-05
1.03034e-06
2.79775e-05
1.03906e-06
2.80255e-05
1.03118e-06
2.80524e-05
1.00593e-06
2.80558e-05
9.65979e-07
2.8029e-05
9.08034e-07
2.79677e-05
8.38392e-07
2.78769e-05
7.63403e-07
2.77369e-05
6.77392e-07
2.75496e-05
5.97149e-07
2.7291e-05
5.15926e-07
2.69586e-05
4.42162e-07
2.65687e-05
3.73311e-07
2.61492e-05
3.17302e-07
2.57196e-05
2.73568e-07
2.52967e-05
2.42616e-07
2.48912e-05
2.21082e-07
2.45128e-05
2.09575e-07
2.41696e-05
2.093e-07
2.38679e-05
2.18535e-07
2.36134e-05
2.53283e-07
2.34095e-05
3.06791e-07
2.3277e-05
3.95233e-07
2.32833e-05
5.40113e-07
2.33981e-05
7.40198e-07
2.3672e-05
1.0473e-06
2.43559e-05
1.46382e-06
2.56505e-05
1.97646e-06
2.78828e-05
2.6134e-06
3.15363e-05
3.18831e-06
3.67245e-05
3.72385e-06
4.23614e-05
4.24356e-06
4.65422e-05
4.25061e-06
4.89598e-05
3.57442e-06
5.02827e-05
3.01505e-06
5.09284e-05
2.18791e-06
5.12755e-05
1.73988e-06
9.81481e-07
3.38437e-05
1.97792e-08
3.38917e-05
7.3497e-08
3.39619e-05
1.44479e-07
3.40522e-05
2.25582e-07
3.41612e-05
3.1276e-07
3.42867e-05
4.02726e-07
3.44264e-05
4.9248e-07
3.45782e-05
5.77932e-07
3.47411e-05
6.55137e-07
3.49135e-05
7.21871e-07
3.50975e-05
7.77284e-07
3.52865e-05
8.17681e-07
3.54775e-05
8.41862e-07
3.56666e-05
8.47565e-07
3.58501e-05
8.37296e-07
3.60219e-05
8.10653e-07
3.61761e-05
7.68568e-07
3.63147e-05
7.15777e-07
3.6408e-05
6.54522e-07
3.64302e-05
6.00195e-07
3.63604e-05
5.4453e-07
3.61904e-05
4.9788e-07
3.59196e-05
4.54013e-07
3.55644e-05
4.09596e-07
3.51609e-05
3.72428e-07
3.47244e-05
3.45563e-07
3.42817e-05
3.29843e-07
3.38559e-05
3.23745e-07
3.34671e-05
3.26007e-07
3.31327e-05
3.3656e-07
3.28692e-05
3.57116e-07
3.26919e-05
3.90576e-07
3.26269e-05
4.47155e-07
3.27116e-05
5.29352e-07
3.29418e-05
6.38727e-07
3.3402e-05
7.85158e-07
3.43056e-05
1.01905e-06
3.57196e-05
1.28736e-06
3.77988e-05
1.66824e-06
4.07373e-05
2.03107e-06
4.45308e-05
2.41035e-06
4.92897e-05
2.79408e-06
5.37748e-05
2.96546e-06
5.74147e-05
3.09547e-06
6.00498e-05
2.94983e-06
6.16996e-05
2.5227e-06
6.27823e-05
2.16923e-06
6.34432e-05
1.61328e-06
6.38963e-05
1.31681e-06
7.44953e-07
4.24255e-05
6.29764e-09
4.24754e-05
3.15223e-08
4.25573e-05
7.05848e-08
4.26727e-05
1.18353e-07
4.28218e-05
1.71941e-07
4.30044e-05
2.29542e-07
4.32154e-05
2.91399e-07
4.34512e-05
3.52595e-07
4.37143e-05
4.03241e-07
4.4003e-05
4.44977e-07
4.4313e-05
4.79676e-07
4.46396e-05
5.0385e-07
4.49781e-05
5.15751e-07
4.5323e-05
5.13514e-07
4.56707e-05
4.96748e-07
4.60244e-05
4.67067e-07
4.63656e-05
4.2532e-07
4.66769e-05
3.82722e-07
4.69315e-05
3.48478e-07
4.71013e-05
3.36631e-07
4.71576e-05
3.41726e-07
4.71001e-05
3.53554e-07
4.69424e-05
3.6184e-07
4.67069e-05
3.60589e-07
4.64192e-05
3.59405e-07
4.61169e-05
3.62909e-07
4.58348e-05
3.72182e-07
4.5604e-05
3.86156e-07
4.54619e-05
4.02763e-07
4.54363e-05
4.25484e-07
4.55602e-05
4.53413e-07
4.58644e-05
4.92941e-07
4.63358e-05
5.39236e-07
4.70602e-05
6.02323e-07
4.82044e-05
6.72196e-07
4.98614e-05
7.68887e-07
5.20633e-05
8.84528e-07
5.48699e-05
1.01738e-06
5.81933e-05
1.17602e-06
6.1799e-05
1.31382e-06
6.53428e-05
1.48332e-06
6.86463e-05
1.56419e-06
7.14312e-05
1.58379e-06
7.37404e-05
1.59538e-06
7.5559e-05
1.53349e-06
7.69421e-05
1.31893e-06
7.80362e-05
1.1511e-06
7.88014e-05
8.80307e-07
7.93925e-05
7.39438e-07
4.11678e-07
5.3201e-05
5.32424e-05
5.33232e-05
5.3452e-05
5.36347e-05
5.38757e-05
5.41791e-05
5.45446e-05
5.49618e-05
5.54224e-05
5.592e-05
5.6446e-05
5.69868e-05
5.75282e-05
5.80555e-05
5.85532e-05
5.90076e-05
5.94135e-05
5.97758e-05
6.01138e-05
6.04436e-05
6.07748e-05
6.11123e-05
6.146e-05
6.18325e-05
6.22559e-05
6.27606e-05
6.33705e-05
6.41067e-05
6.49949e-05
6.60559e-05
6.73099e-05
6.87648e-05
7.04243e-05
7.22858e-05
7.4319e-05
7.64825e-05
7.87222e-05
8.09896e-05
8.32044e-05
8.53701e-05
8.74057e-05
8.9295e-05
9.10907e-05
9.2724e-05
9.40883e-05
9.52673e-05
9.61655e-05
9.69148e-05
)
;

boundaryField
{
    AXIS
    {
        type            empty;
        value           nonuniform 0();
    }
    OUTLET
    {
        type            calculated;
        value           nonuniform List<scalar> 
25
(
2.06355e-07
6.1974e-07
1.03386e-06
1.44828e-06
1.8628e-06
2.27695e-06
2.69053e-06
3.1037e-06
3.51683e-06
3.93018e-06
4.60523e-06
5.71785e-06
7.10884e-06
8.84802e-06
1.10202e-05
1.37279e-05
1.71032e-05
2.13103e-05
2.6556e-05
3.30923e-05
4.12529e-05
5.14344e-05
6.41412e-05
7.97301e-05
9.733e-05
)
;
    }
    COFLOW
    {
        type            calculated;
        value           nonuniform List<scalar> 
15
(
-2.36492e-06
-2.93569e-06
-3.64901e-06
-4.5412e-06
-5.6578e-06
-7.05607e-06
-8.80796e-06
-1.10039e-05
-1.37577e-05
-1.72123e-05
-2.15475e-05
-2.69894e-05
-3.38224e-05
-4.24043e-05
-5.31849e-05
)
;
    }
    PILOT
    {
        type            calculated;
        value           nonuniform List<scalar> 5(-6.03568e-07 -7.13323e-07 -8.23137e-07 -9.32916e-07 -1.04269e-06);
    }
    FUEL
    {
        type            calculated;
        value           nonuniform List<scalar> 5(-1.05079e-06 -3.15228e-06 -5.25445e-06 -7.35885e-06 -9.46349e-06);
    }
    WALL
    {
        type            calculated;
        value           uniform 0;
    }
    front
    {
        type            wedge;
        value           nonuniform List<scalar> 
1250
(
1.29495e-20
3.53568e-20
5.31666e-20
6.91799e-20
9.61517e-20
6.59923e-20
1.91929e-19
3.61937e-19
6.68082e-19
1.38266e-18
1.19279e-19
3.41658e-19
6.202e-19
1.07578e-18
1.43815e-18
2.49236e-19
6.94529e-19
1.32877e-18
2.17254e-18
1.14792e-18
1.95596e-19
4.13696e-19
7.38899e-19
7.33836e-19
1.00203e-18
5.51233e-21
-5.57531e-20
-5.21614e-19
-1.58617e-18
-3.40992e-19
-1.07457e-19
-2.63698e-19
-6.70912e-19
-1.16144e-18
-6.48645e-19
-8.25996e-20
-2.40807e-19
-4.36407e-19
-5.77929e-19
-4.51324e-19
-1.67441e-19
-3.58325e-19
-6.65772e-19
-9.60309e-19
-1.16078e-18
-3.2861e-21
2.11427e-20
1.69104e-19
5.69402e-19
1.14243e-18
-1.28126e-19
-4.07423e-19
-9.80157e-19
-2.45875e-18
-5.47243e-18
-2.54987e-19
-5.85987e-19
-1.35904e-18
-2.70347e-18
-4.53831e-18
-3.93359e-19
-1.13685e-18
-2.09133e-18
-3.24544e-18
-4.28277e-18
-2.00217e-19
-4.00798e-19
-6.40691e-19
-9.80283e-19
-2.42955e-18
-4.62995e-19
-1.49324e-18
-3.52829e-18
-7.01089e-18
-4.60436e-18
-1.46432e-18
-3.12673e-18
-5.92084e-18
-8.37165e-18
-7.13539e-18
-3.04725e-19
-7.15326e-19
-3.75107e-19
1.62274e-18
-2.02127e-18
-1.3355e-18
-2.49841e-18
-3.03605e-18
-2.57436e-18
-3.739e-18
2.91999e-18
6.43886e-18
6.10769e-18
3.91062e-18
2.16522e-18
-1.29323e-17
-2.18298e-17
-1.74229e-17
-9.0666e-18
-6.7009e-18
-6.26069e-18
-9.52446e-18
-7.65535e-18
-3.10092e-19
-3.67523e-18
-1.70011e-18
-3.75918e-18
-3.18412e-18
-1.31513e-18
-3.89818e-18
-1.39495e-18
-3.83244e-18
-5.90788e-18
-7.84529e-18
5.069e-19
-9.62808e-19
-2.00181e-18
-3.4943e-18
-5.26553e-18
-6.86693e-18
-1.40822e-18
-4.16205e-18
-8.0173e-18
-1.26913e-17
-9.66264e-18
-1.82412e-18
-3.84505e-18
-6.84925e-18
-9.11886e-18
-8.41429e-18
-1.29895e-18
-3.59865e-18
-5.75794e-18
-7.23641e-18
-7.55913e-18
-1.26701e-18
-2.59088e-18
-4.34814e-18
-5.51159e-18
-5.9436e-18
-1.07516e-18
-2.94953e-18
-4.56471e-18
-5.49984e-18
-5.47366e-18
-4.65212e-19
-9.06877e-19
-1.29846e-18
-1.56274e-18
-2.97833e-18
-1.06178e-18
-3.05258e-18
-6.33235e-18
-1.07554e-17
-5.05814e-18
-1.91199e-18
-4.0511e-18
-7.40804e-18
-1.01631e-17
-1.01749e-17
-8.72515e-19
-2.2679e-18
-3.07059e-18
-3.6409e-18
-1.26864e-17
-6.06679e-19
-1.20834e-18
-1.95432e-18
-3.16857e-18
-6.9046e-18
-4.44807e-19
-1.55742e-18
-4.45496e-18
-9.0629e-18
-6.14867e-18
-5.48376e-18
-9.99918e-18
-1.45268e-17
-1.76077e-17
-1.95673e-17
1.93718e-17
1.53074e-17
6.20669e-18
-4.772e-18
-5.16391e-18
1.41651e-17
2.2752e-17
2.68795e-17
2.15986e-17
2.25858e-17
-4.69956e-17
-4.68089e-17
-5.19837e-17
-4.75326e-17
-4.07933e-17
-1.2713e-17
-2.91467e-17
-3.8142e-17
-3.94948e-17
-3.67896e-17
-8.25833e-18
-1.63577e-17
-2.52542e-17
-2.92011e-17
-2.9488e-17
-4.013e-18
-1.09265e-17
-1.67785e-17
-2.04989e-17
-2.1999e-17
-4.05621e-18
-1.09681e-17
-1.53526e-17
-1.79505e-17
-1.91036e-17
9.43911e-18
1.67467e-17
5.77366e-18
-1.58099e-18
-5.34934e-18
2.38975e-18
6.45631e-18
9.14349e-18
1.06151e-17
5.97132e-18
8.60737e-19
2.37341e-18
3.48211e-18
3.88995e-18
3.13848e-18
2.64637e-19
5.0679e-19
-1.33049e-19
-7.91569e-19
1.05539e-17
-3.84879e-18
-1.07691e-17
-1.69697e-17
-2.16877e-17
-2.34531e-17
1.3814e-17
3.67273e-17
5.74694e-17
7.82843e-17
1.02424e-16
-8.80444e-17
-1.00086e-16
-9.48852e-17
-5.48091e-17
-2.47288e-18
2.02364e-19
6.41751e-19
1.3457e-18
9.404e-19
1.80786e-19
2.15981e-18
1.94173e-18
1.61229e-18
1.07471e-18
5.30102e-19
1.77514e-18
1.68573e-18
1.44481e-18
1.10691e-18
7.34797e-19
1.59161e-18
2.14508e-18
2.72875e-18
1.90122e-18
1.16268e-18
1.2501e-18
1.08803e-18
2.26152e-19
-5.32438e-19
1.04643e-19
2.20591e-19
-2.70099e-19
-1.66874e-18
-2.21535e-18
-8.36657e-19
-4.47207e-19
-8.88446e-19
-1.90336e-18
-2.75966e-18
-1.41533e-18
-4.7822e-19
-8.50579e-19
-1.4361e-18
-1.88006e-18
-1.75603e-18
-1.2728e-18
-1.46408e-18
-1.73495e-18
-2.06434e-18
-2.52254e-18
9.35469e-19
4.66077e-19
-3.68068e-19
-1.07205e-18
-1.9855e-18
-5.28064e-18
-5.3538e-18
-3.8496e-18
-4.55113e-18
-3.42618e-18
-4.98355e-18
-5.34858e-18
-5.5802e-18
-7.00345e-18
-5.08543e-18
-4.85212e-18
-5.25929e-18
-5.64808e-18
-6.0526e-18
-5.1806e-18
-3.47057e-18
-3.95604e-18
-4.12522e-18
-4.40901e-18
-4.14359e-18
-4.09961e-18
-4.99232e-18
-6.83354e-18
-6.04564e-18
-5.12571e-18
-6.2977e-18
-6.25888e-18
-6.03549e-18
-3.47167e-18
-3.91424e-18
-3.16168e-18
-2.53496e-18
-3.83538e-19
-1.49864e-18
-2.63645e-18
-4.23552e-18
-3.70942e-18
-2.62396e-18
-2.66571e-18
-2.94131e-18
1.60745e-18
1.1382e-18
4.23463e-19
-3.76018e-19
-1.53457e-18
-8.76621e-18
-8.76447e-18
-6.39509e-18
-6.24423e-18
-3.68262e-18
-5.97112e-18
-5.29902e-18
-2.18788e-18
-3.91547e-18
-4.62566e-18
-4.71653e-18
-4.18178e-18
-3.23961e-18
-4.28499e-18
-5.0238e-18
-2.18315e-18
-4.38434e-18
-5.6577e-18
-2.74238e-18
-3.66011e-18
-4.50687e-18
-3.59674e-18
-3.21114e-18
-2.66596e-18
-3.12529e-18
-7.04686e-18
-6.65622e-18
-7.8529e-18
-5.4743e-18
-4.44069e-18
-7.40664e-18
-7.09325e-18
-7.23833e-18
-6.43136e-18
-5.4321e-18
-7.33637e-18
-6.94485e-18
-6.0899e-18
-4.37598e-18
-3.86233e-18
-5.64478e-18
-4.47689e-18
-2.08732e-18
1.59642e-18
1.72687e-18
-4.74235e-18
-3.4863e-18
-1.86189e-18
-4.08917e-19
-6.50154e-19
-3.57161e-18
-3.01638e-18
-1.96595e-18
-1.79132e-18
-2.21263e-18
-1.9e-18
-2.09184e-18
-4.1988e-18
-1.79946e-18
-3.28763e-19
-1.37784e-17
-1.24902e-17
-8.79851e-18
-5.55625e-18
-3.98421e-18
-1.20179e-17
-8.5906e-18
-3.84404e-18
-3.716e-18
-3.7239e-18
-7.29882e-18
-5.65977e-18
-3.75343e-18
-4.14651e-18
-5.60405e-18
-6.25593e-18
-7.95327e-18
-1.02135e-17
-7.7304e-18
-5.33571e-18
-1.40979e-17
-9.34685e-18
-4.89011e-18
-4.13709e-18
-2.36502e-18
-5.01696e-18
-4.21091e-18
-4.39695e-18
-3.48112e-18
-6.02034e-18
2.01888e-17
1.51426e-17
8.82602e-18
6.00823e-18
3.41116e-18
-3.41552e-17
-2.80347e-17
-2.24818e-17
-1.44597e-17
-1.25628e-17
-3.21921e-17
-2.7007e-17
-2.16108e-17
-1.61267e-17
-1.18487e-17
-2.74609e-17
-2.41802e-17
-2.03344e-17
-1.6434e-17
-1.29493e-17
-2.16669e-17
-2.00403e-17
-1.76256e-17
-1.48667e-17
-1.2083e-17
-1.90994e-17
-1.82674e-17
-1.6894e-17
-1.51216e-17
-1.29678e-17
-7.03224e-18
-7.15567e-18
-5.84239e-18
-3.98209e-18
-5.4499e-18
2.10461e-18
-8.12661e-20
-1.11145e-18
-1.47517e-18
-1.7075e-18
2.19642e-18
1.33278e-18
5.85818e-19
-1.43641e-19
-8.78187e-19
6.98647e-18
1.96713e-18
-3.87163e-18
-1.35086e-18
2.97029e-20
-2.45353e-17
-2.37149e-17
-2.08555e-17
-1.59487e-17
-1.05233e-17
1.00132e-16
8.41891e-17
5.52007e-17
3.84481e-17
3.03272e-17
2.5723e-17
3.67016e-17
3.76282e-17
3.47836e-17
3.08415e-17
4.15393e-20
-9.33923e-20
-2.37694e-19
-1.19142e-19
-3.09577e-20
-2.79203e-20
-1.23973e-19
-9.84345e-20
3.00174e-19
-1.62025e-18
-7.08482e-19
1.49917e-19
3.13803e-19
-1.23318e-18
6.10092e-19
5.80604e-20
-4.84842e-19
-1.27167e-18
-4.36748e-19
-1.02256e-20
-3.3384e-20
-5.61515e-19
-4.92238e-19
1.93596e-18
-2.546e-18
-2.11494e-18
7.23799e-19
1.50995e-18
1.65146e-18
1.77677e-17
3.54639e-19
-2.27232e-20
-2.85055e-19
3.00675e-19
6.37035e-19
3.66909e-19
-1.43285e-18
-1.82467e-18
1.10098e-18
-2.42285e-19
1.04542e-18
2.173e-18
3.45959e-18
7.09231e-18
-1.12375e-17
7.29045e-19
5.97251e-19
1.10331e-18
2.52534e-18
2.66105e-18
2.66098e-18
1.50508e-18
1.61058e-18
2.24554e-18
2.23963e-18
5.53247e-18
4.2231e-18
6.18083e-18
2.03858e-17
-2.02122e-18
5.64762e-19
1.49348e-18
4.53086e-18
1.23987e-17
7.32988e-18
7.56829e-18
5.21369e-18
6.75074e-18
4.29531e-18
4.36319e-18
7.52421e-18
6.17489e-18
8.53113e-18
2.69302e-17
-2.49234e-17
5.63361e-19
3.34504e-18
1.1627e-17
1.03603e-17
8.58614e-18
1.01817e-17
7.02628e-18
6.68821e-18
5.49187e-18
6.19809e-18
1.13768e-17
7.96207e-18
9.58604e-18
1.89292e-17
-6.18802e-17
5.21318e-20
2.04646e-18
4.53134e-18
-5.83296e-19
5.60204e-18
7.94019e-18
7.05135e-18
6.6158e-18
6.1432e-18
7.04998e-18
1.23363e-17
8.83116e-18
9.9622e-18
1.32465e-17
-5.54899e-17
-2.2202e-18
-5.32749e-18
-6.59704e-18
-8.01263e-19
9.97456e-18
7.88091e-18
6.92311e-18
6.58146e-18
6.35372e-18
6.46149e-18
6.44463e-18
8.31743e-18
1.01171e-17
1.10539e-17
-4.75942e-17
-3.98764e-18
-8.12478e-18
-6.5929e-18
-2.30717e-18
4.45298e-18
6.14264e-18
6.48475e-18
6.58247e-18
6.53259e-18
5.73891e-18
5.89516e-18
7.78997e-18
1.05805e-17
1.49074e-17
-4.07424e-17
-3.27192e-18
-5.14706e-18
-5.06143e-18
-2.80973e-18
1.39363e-18
4.73789e-18
6.53198e-18
7.07784e-18
7.45062e-18
3.93529e-18
4.7625e-18
6.84817e-18
1.125e-17
3.54795e-17
-3.35777e-17
-3.42578e-18
-4.15318e-18
-4.29881e-18
-2.92321e-18
2.83797e-18
1.99607e-17
1.08994e-17
9.05385e-18
1.19702e-17
-2.02891e-18
2.41429e-18
4.72543e-18
8.0403e-18
5.13303e-17
-2.60741e-17
-3.98139e-18
-3.4131e-18
-1.85046e-18
3.20311e-18
4.73221e-18
1.27282e-17
1.06307e-17
8.62714e-18
6.98084e-18
-5.66637e-18
-1.18935e-19
7.31662e-19
-7.97818e-18
5.72201e-17
-1.93263e-17
-4.55506e-18
-4.47514e-18
-4.77346e-18
4.45006e-18
5.63712e-18
9.53896e-18
9.46756e-18
7.75222e-18
4.91213e-18
-2.23429e-18
-1.64051e-18
-3.32601e-18
-1.90481e-17
4.09068e-17
-1.75711e-17
-3.77648e-18
-3.28696e-18
-1.82457e-18
2.78984e-18
4.77572e-18
5.98327e-18
8.56795e-18
6.71407e-18
3.70521e-18
-1.23808e-18
-3.69959e-18
-6.43642e-18
-1.62549e-17
3.03358e-17
-4.16139e-17
-4.85472e-18
-5.68808e-18
-8.5282e-18
-6.45272e-18
1.71372e-18
1.67752e-17
-6.47869e-18
1.70556e-18
1.81867e-18
-2.27077e-18
-8.95517e-18
-1.1176e-17
-2.82477e-17
4.24729e-17
-4.60957e-18
-4.0408e-18
-3.81392e-18
-1.94383e-18
-2.61339e-18
2.20703e-18
1.14792e-17
1.40962e-18
1.43705e-18
6.37243e-19
-4.22138e-18
-2.65123e-17
-1.60484e-17
-2.19722e-17
7.60396e-18
-2.51976e-18
-3.42919e-18
-4.47378e-18
-6.58892e-18
-4.4286e-18
-2.72219e-18
-9.92243e-18
-3.23148e-18
6.01189e-20
2.503e-18
7.31711e-18
-1.66584e-17
-1.61391e-17
-1.53055e-17
3.21763e-17
1.07641e-18
-3.37697e-18
-4.09684e-18
-4.93972e-18
-4.17841e-18
-3.48602e-18
-5.71235e-18
-2.36836e-18
2.74308e-18
1.87725e-17
7.14368e-18
-1.08453e-17
-1.4787e-17
-1.15948e-17
2.60694e-17
4.60825e-18
-2.64243e-18
-3.83852e-18
-5.04771e-18
-5.90261e-18
-6.66469e-18
-9.73604e-18
-8.20004e-18
2.95272e-18
1.28173e-17
5.69988e-18
-7.88233e-18
-1.39302e-17
-1.19935e-17
2.25883e-17
8.43768e-18
-2.53878e-18
-2.45775e-18
-1.9054e-18
7.16974e-19
9.26686e-19
1.23608e-17
1.60079e-17
-9.4736e-18
5.13183e-18
3.27187e-18
-7.25769e-18
-1.73392e-17
-4.48655e-17
-2.31924e-17
9.49333e-18
-6.27227e-18
-4.98683e-18
-5.43728e-18
-1.78861e-18
-1.32887e-18
-5.38428e-18
4.66484e-18
-5.39257e-18
-1.16017e-18
3.03962e-19
-7.89993e-18
-1.96791e-17
-4.36349e-17
-6.12404e-17
9.47714e-18
-6.09246e-18
-7.23037e-18
-9.96218e-18
-5.88162e-18
-2.99968e-18
-1.47709e-18
2.92077e-18
1.22064e-18
1.87944e-17
-3.75002e-19
-9.93318e-18
-2.17994e-17
-4.36961e-17
-6.2529e-17
4.42366e-17
-4.49712e-18
-4.53663e-18
-2.64322e-18
-2.76959e-18
-4.86046e-18
-1.31451e-17
-3.69957e-18
1.74471e-18
1.84423e-17
4.82754e-17
3.79987e-17
-1.23741e-17
-3.71652e-17
-1.41651e-17
4.54387e-17
-3.83105e-18
-4.6925e-18
-6.29641e-18
-1.25707e-17
-8.52325e-18
-7.69359e-18
-2.65732e-18
4.83724e-18
2.32882e-17
4.17732e-17
3.35749e-17
-5.30536e-18
-2.70738e-17
-1.07402e-17
7.98501e-17
-4.63756e-18
-5.71633e-18
-7.75415e-18
-1.146e-17
-1.29259e-17
-2.0141e-17
-9.56024e-18
-2.40343e-18
-6.21276e-18
2.04786e-17
2.38594e-17
-6.89352e-18
-6.20606e-17
-1.385e-17
7.26519e-17
-4.66468e-18
-4.99773e-18
-6.00167e-18
-7.63057e-18
-1.06139e-17
-1.45066e-17
-9.12485e-18
7.1515e-20
5.80378e-18
5.52805e-17
2.71021e-17
-5.13552e-18
-4.81109e-17
-1.67075e-17
6.44845e-17
-7.6069e-18
-8.37492e-18
-1.06581e-17
-1.70739e-17
-1.45566e-17
-1.40565e-17
-1.24957e-17
-1.84384e-17
4.35862e-18
3.91933e-17
2.59005e-17
-9.65518e-19
-2.95496e-17
-4.47409e-18
5.75517e-17
-2.95903e-18
-6.54074e-18
-1.00005e-17
-1.40195e-17
-1.44478e-17
-1.42039e-17
-1.35306e-17
-1.37748e-17
2.47297e-18
2.66403e-17
2.0958e-17
-5.88246e-18
-7.08301e-17
-6.31367e-17
5.10913e-17
-2.82581e-18
-5.73885e-18
-8.75596e-18
-1.15537e-17
-1.30201e-17
-1.33643e-17
-1.23715e-17
-9.0457e-18
3.95615e-18
1.94773e-17
1.70094e-17
-3.45293e-19
-8.08226e-18
-4.33186e-17
1.17651e-16
-2.90674e-18
-4.3737e-18
-7.62011e-18
-1.14457e-17
-1.29247e-17
-1.32232e-17
-1.35659e-17
-1.41141e-17
-7.92685e-18
8.43971e-18
1.03849e-17
-5.76901e-18
-5.2751e-17
-3.95618e-17
1.09782e-16
-4.09555e-18
-1.00395e-17
-7.89279e-18
-3.39868e-18
-9.673e-18
-1.3587e-17
-1.04437e-17
7.2282e-18
3.16996e-17
1.52309e-17
9.12855e-18
-1.35798e-18
6.51892e-19
-2.09849e-17
1.78184e-16
-4.6313e-18
-6.04613e-18
-5.00191e-18
-3.51982e-18
-3.70945e-18
1.61447e-18
-1.79431e-18
7.27032e-18
2.16115e-17
1.5158e-17
8.78945e-18
1.63943e-18
1.78654e-18
-2.0626e-18
2.47562e-16
-4.36463e-18
-6.37114e-18
-1.03833e-17
-6.75504e-18
-4.45822e-18
-9.73118e-19
1.87419e-19
7.14667e-18
1.79566e-17
2.00191e-17
1.21281e-17
5.08032e-18
4.75372e-18
1.65098e-17
3.07342e-16
-8.2627e-18
-1.24572e-17
-1.75785e-17
-1.05217e-17
-3.73897e-18
2.54048e-19
2.49515e-18
6.11542e-18
6.49862e-18
-2.02798e-17
-3.39286e-18
2.05242e-18
6.89103e-18
2.91196e-17
2.87628e-16
-2.6761e-18
-3.09592e-18
-1.15587e-17
-1.57114e-17
-1.90302e-17
-1.06704e-17
-3.66411e-18
4.65609e-19
-3.76018e-19
-2.32803e-18
3.11151e-17
1.07604e-17
5.53316e-18
3.66143e-17
2.70521e-16
-3.46243e-19
7.78402e-19
-7.92214e-19
8.1738e-21
-5.80849e-18
2.21474e-18
6.62173e-20
4.18314e-18
1.89951e-17
-2.30654e-17
6.1849e-18
9.94093e-18
4.8826e-17
4.51274e-17
2.53644e-16
-9.15978e-18
-1.46353e-17
-1.25424e-17
-9.09755e-18
9.96165e-19
3.20795e-18
6.02535e-18
8.99799e-18
1.85276e-17
3.08392e-17
5.55063e-17
6.70614e-17
5.86357e-17
7.39295e-17
1.62854e-16
1.09258e-18
1.15863e-18
8.81558e-18
1.55728e-17
1.53019e-17
4.52717e-18
-1.2927e-17
7.36722e-19
1.3147e-17
2.56529e-17
3.88051e-17
2.21237e-17
4.30909e-17
1.92399e-18
1.52338e-16
-5.94165e-18
-3.62497e-19
5.45471e-18
8.54637e-18
1.28726e-18
-8.24748e-18
-8.63854e-18
-1.33273e-18
8.38938e-18
1.91057e-17
2.83684e-17
2.36096e-17
2.73656e-17
-9.92966e-17
5.62545e-17
-7.8645e-18
-4.68743e-18
-3.15698e-18
-6.08403e-18
-4.47069e-18
-6.32913e-18
-7.57083e-18
-3.06692e-18
4.53075e-18
1.33195e-17
2.15845e-17
2.37562e-17
7.60778e-18
-7.47465e-17
4.4303e-17
-1.04915e-17
-8.99265e-18
-8.42978e-18
-9.3318e-18
-9.01339e-18
-9.69894e-18
8.35745e-18
3.32131e-18
3.62431e-18
8.50959e-18
1.34175e-17
-1.59685e-18
8.13664e-17
-4.9918e-17
3.55161e-17
-9.83608e-18
-7.5756e-18
-3.97813e-18
1.98295e-18
-1.07277e-18
-1.69695e-18
4.14672e-18
9.20675e-18
2.40101e-17
1.91076e-17
1.85021e-17
1.64363e-17
5.6659e-17
3.74398e-18
2.71681e-17
-1.1414e-17
-1.04547e-17
-9.9315e-18
-1.0976e-17
-7.0587e-18
-3.63876e-18
7.72837e-19
6.20077e-18
1.41344e-17
1.55623e-17
1.97823e-17
3.15401e-17
1.239e-16
-6.53833e-17
5.95476e-18
-6.94366e-18
-8.05579e-18
-8.58173e-18
-8.96047e-18
-8.42051e-18
-6.85293e-18
-3.31319e-18
5.00553e-18
3.03594e-17
5.68409e-17
4.58603e-17
5.73467e-17
1.90011e-16
-1.35513e-16
-1.11637e-16
-1.56381e-18
-1.07576e-18
-1.67451e-18
-8.47754e-19
9.20763e-18
2.26407e-17
3.89154e-17
4.99666e-17
5.11819e-17
3.52886e-17
5.10641e-17
7.79335e-17
1.80044e-16
9.28166e-17
-2.09361e-16
-1.78634e-18
-3.36622e-18
-6.23539e-18
-2.09461e-18
6.27375e-18
2.01297e-17
3.90486e-17
5.40238e-17
3.9361e-17
8.83282e-17
7.68652e-17
8.93373e-17
1.02907e-16
2.39421e-16
-2.03546e-16
6.38382e-19
1.61683e-18
4.87535e-18
1.56639e-17
2.10123e-17
3.45411e-17
5.41417e-17
6.87898e-17
6.7997e-17
8.85885e-17
8.04483e-17
5.76283e-17
-5.86572e-17
1.30286e-16
-2.0238e-16
-4.94644e-18
2.81729e-18
1.67672e-17
4.37529e-17
4.22241e-17
4.95801e-17
6.31744e-17
7.36729e-17
7.61519e-17
8.12682e-17
7.34313e-17
6.28007e-17
9.66133e-18
1.36693e-16
-1.96069e-16
2.95368e-17
3.54702e-17
4.72986e-17
6.41943e-17
7.58725e-17
8.10787e-17
7.93184e-17
8.21895e-17
8.60227e-17
9.16955e-17
8.80897e-17
1.23875e-17
-6.10671e-17
3.8302e-18
-1.93212e-16
2.8069e-17
2.54297e-17
1.84204e-17
2.22129e-19
-1.15355e-17
1.392e-17
8.50856e-17
8.51384e-17
7.87781e-17
5.95541e-17
-1.30525e-17
1.39473e-16
1.38832e-16
1.50181e-16
-2.62377e-16
)
;
    }
    back
    {
        type            wedge;
        value           nonuniform List<scalar> 
1250
(
-1.29355e-20
-3.53259e-20
-5.31497e-20
-6.9293e-20
-9.63086e-20
-6.6009e-20
-1.91982e-19
-3.61987e-19
-6.68396e-19
-1.38286e-18
-1.19313e-19
-3.41743e-19
-6.2028e-19
-1.07611e-18
-1.43849e-18
-2.49275e-19
-6.94639e-19
-1.32888e-18
-2.17292e-18
-1.14822e-18
-1.95632e-19
-4.13821e-19
-7.38981e-19
-7.34154e-19
-1.00223e-18
-5.55263e-21
5.56399e-20
5.21539e-19
1.58591e-18
3.40732e-19
1.07434e-19
2.63608e-19
6.70872e-19
1.16116e-18
6.4849e-19
8.25716e-20
2.40725e-19
4.36334e-19
5.77666e-19
4.5117e-19
1.67428e-19
3.58263e-19
6.65729e-19
9.60078e-19
1.16067e-18
3.26081e-21
-2.12159e-20
-1.69152e-19
-5.69609e-19
-1.14257e-18
1.28103e-19
4.07361e-19
9.80081e-19
2.45859e-18
5.47233e-18
2.54973e-19
5.85935e-19
1.35901e-18
2.70333e-18
4.53823e-18
3.93339e-19
1.13681e-18
2.09129e-18
3.24526e-18
4.28266e-18
2.00205e-19
4.00758e-19
6.40654e-19
9.8013e-19
2.42948e-18
4.62981e-19
1.4932e-18
3.52827e-18
7.01078e-18
4.60426e-18
1.46432e-18
3.1267e-18
5.9208e-18
8.37153e-18
7.13531e-18
3.04718e-19
7.15294e-19
3.75084e-19
-1.62285e-18
2.0212e-18
1.33549e-18
2.49838e-18
3.03603e-18
2.57426e-18
3.73894e-18
-2.92e-18
-6.43889e-18
-6.1077e-18
-3.91072e-18
-2.16527e-18
1.29323e-17
2.18298e-17
1.74229e-17
9.06651e-18
6.70085e-18
6.26069e-18
9.52444e-18
7.65532e-18
3.10006e-19
3.67518e-18
1.7001e-18
3.75916e-18
3.18409e-18
1.31506e-18
3.89814e-18
1.39494e-18
3.83242e-18
5.90786e-18
7.84523e-18
-5.06932e-19
9.62805e-19
2.00179e-18
3.49429e-18
5.26546e-18
6.86689e-18
1.40822e-18
4.16204e-18
8.01729e-18
1.26913e-17
9.66261e-18
1.82412e-18
3.84503e-18
6.84924e-18
9.11881e-18
8.41426e-18
1.29894e-18
3.59863e-18
5.75793e-18
7.23635e-18
7.55909e-18
1.26701e-18
2.59086e-18
4.34813e-18
5.51155e-18
5.94358e-18
1.07516e-18
2.94952e-18
4.5647e-18
5.4998e-18
5.47363e-18
4.6521e-19
9.06861e-19
1.29845e-18
1.5627e-18
2.97831e-18
1.06178e-18
3.05257e-18
6.33235e-18
1.07554e-17
5.05812e-18
1.91199e-18
4.0511e-18
7.40803e-18
1.01631e-17
1.01749e-17
8.72513e-19
2.26789e-18
3.07058e-18
3.64087e-18
1.26864e-17
6.06678e-19
1.20833e-18
1.95432e-18
3.16854e-18
6.90458e-18
4.44805e-19
1.55742e-18
4.45496e-18
9.06287e-18
6.14865e-18
5.48376e-18
9.99918e-18
1.45268e-17
1.76077e-17
1.95673e-17
-1.93718e-17
-1.53074e-17
-6.20669e-18
4.77198e-18
5.16389e-18
-1.41651e-17
-2.2752e-17
-2.68795e-17
-2.15986e-17
-2.25859e-17
4.69956e-17
4.68089e-17
5.19837e-17
4.75325e-17
4.07933e-17
1.2713e-17
2.91467e-17
3.8142e-17
3.94948e-17
3.67896e-17
8.25833e-18
1.63577e-17
2.52542e-17
2.92011e-17
2.94879e-17
4.01299e-18
1.09265e-17
1.67784e-17
2.04988e-17
2.19989e-17
4.0562e-18
1.09681e-17
1.53526e-17
1.79504e-17
1.91035e-17
-9.43911e-18
-1.67468e-17
-5.77368e-18
1.58093e-18
5.3493e-18
-2.38976e-18
-6.45633e-18
-9.14351e-18
-1.06152e-17
-5.97139e-18
-8.60745e-19
-2.37343e-18
-3.48213e-18
-3.89002e-18
-3.13855e-18
-2.64641e-19
-5.06805e-19
1.3303e-19
7.91508e-19
-1.05539e-17
3.84878e-18
1.07691e-17
1.69697e-17
2.16877e-17
2.34531e-17
-1.3814e-17
-3.67273e-17
-5.74694e-17
-7.82843e-17
-1.02424e-16
8.80444e-17
1.00086e-16
9.48851e-17
5.48091e-17
2.47286e-18
-2.0237e-19
-6.41708e-19
-1.34555e-18
-9.4032e-19
-1.80752e-19
-2.15984e-18
-1.94179e-18
-1.61218e-18
-1.07459e-18
-5.30043e-19
-1.77522e-18
-1.6859e-18
-1.44482e-18
-1.10683e-18
-7.34728e-19
-1.59168e-18
-2.14533e-18
-2.72887e-18
-1.90123e-18
-1.16266e-18
-1.25019e-18
-1.08826e-18
-2.26337e-19
5.32383e-19
-1.04651e-19
-2.20631e-19
2.69805e-19
1.66857e-18
2.21526e-18
8.36639e-19
4.47188e-19
8.88201e-19
1.90315e-18
2.75955e-18
1.41529e-18
4.78075e-19
8.50308e-19
1.43585e-18
1.87989e-18
1.75596e-18
1.27273e-18
1.46387e-18
1.73476e-18
2.06417e-18
2.52251e-18
-9.35544e-19
-4.66323e-19
3.67873e-19
1.07192e-18
1.98544e-18
5.28061e-18
5.35362e-18
3.84943e-18
4.55101e-18
3.42613e-18
4.98353e-18
5.34839e-18
5.58004e-18
7.00333e-18
5.08537e-18
4.85206e-18
5.25912e-18
5.64791e-18
6.05247e-18
5.18054e-18
3.47055e-18
3.9559e-18
4.12507e-18
4.40887e-18
4.14353e-18
4.09958e-18
4.99215e-18
6.83341e-18
6.04552e-18
5.12567e-18
6.29767e-18
6.25874e-18
6.03537e-18
3.47155e-18
3.91418e-18
3.16167e-18
2.53483e-18
3.83383e-19
1.49854e-18
2.6364e-18
4.23548e-18
3.70929e-18
2.62383e-18
2.6656e-18
2.94125e-18
-1.60748e-18
-1.13831e-18
-4.2357e-19
3.75922e-19
1.53452e-18
8.76619e-18
8.76438e-18
6.39498e-18
6.24415e-18
3.68257e-18
5.9711e-18
5.29892e-18
2.18778e-18
3.91539e-18
4.62562e-18
4.71651e-18
4.1817e-18
3.23954e-18
4.28492e-18
5.02375e-18
2.18312e-18
4.38426e-18
5.65763e-18
2.74231e-18
3.66009e-18
4.50685e-18
3.59667e-18
3.21106e-18
2.6659e-18
3.12525e-18
7.04684e-18
6.65614e-18
7.85283e-18
5.47424e-18
4.44065e-18
7.40662e-18
7.09318e-18
7.23827e-18
6.43129e-18
5.43207e-18
7.33635e-18
6.94478e-18
6.08983e-18
4.37592e-18
3.8623e-18
5.64478e-18
4.47683e-18
2.08725e-18
-1.59647e-18
-1.72689e-18
4.74234e-18
3.48624e-18
1.86183e-18
4.08864e-19
6.50127e-19
3.5716e-18
3.01632e-18
1.96589e-18
1.79126e-18
2.2126e-18
1.89999e-18
2.09179e-18
4.19876e-18
1.79941e-18
3.28744e-19
1.37784e-17
1.24901e-17
8.79845e-18
5.5562e-18
3.98418e-18
1.20179e-17
8.59055e-18
3.84399e-18
3.71596e-18
3.72387e-18
7.29881e-18
5.65973e-18
3.75338e-18
4.14647e-18
5.60402e-18
6.25592e-18
7.95323e-18
1.02135e-17
7.73036e-18
5.33568e-18
1.40979e-17
9.34682e-18
4.89007e-18
4.13706e-18
2.365e-18
5.01696e-18
4.21088e-18
4.39692e-18
3.48109e-18
6.02032e-18
-2.01888e-17
-1.51426e-17
-8.82605e-18
-6.00826e-18
-3.41118e-18
3.41552e-17
2.80347e-17
2.24817e-17
1.44596e-17
1.25627e-17
3.21921e-17
2.70069e-17
2.16108e-17
1.61266e-17
1.18487e-17
2.74609e-17
2.41802e-17
2.03344e-17
1.6434e-17
1.29493e-17
2.16669e-17
2.00402e-17
1.76255e-17
1.48666e-17
1.20829e-17
1.90994e-17
1.82673e-17
1.68939e-17
1.51215e-17
1.29677e-17
7.03223e-18
7.15556e-18
5.84227e-18
3.98197e-18
5.44984e-18
-2.10464e-18
8.11365e-20
1.1113e-18
1.47504e-18
1.70744e-18
-2.19645e-18
-1.33292e-18
-5.85975e-19
1.43526e-19
8.78139e-19
-6.98649e-18
-1.96722e-18
3.87152e-18
1.35074e-18
-2.97771e-20
2.45353e-17
2.37148e-17
2.08553e-17
1.59486e-17
1.05232e-17
-1.00132e-16
-8.41892e-17
-5.52008e-17
-3.84481e-17
-3.03272e-17
-2.5723e-17
-3.67017e-17
-3.76283e-17
-3.47836e-17
-3.08415e-17
-4.15212e-20
9.34e-20
2.3768e-19
1.19152e-19
3.09275e-20
2.79048e-20
1.23969e-19
9.84287e-20
-3.00185e-19
1.62026e-18
7.08472e-19
-1.49921e-19
-3.13805e-19
1.23318e-18
-6.1009e-19
-5.79627e-20
4.84898e-19
1.27171e-18
4.36744e-19
1.02019e-20
3.33519e-20
5.61503e-19
4.92224e-19
-1.93599e-18
2.54601e-18
2.11491e-18
-7.23814e-19
-1.50997e-18
-1.65146e-18
-1.77677e-17
-3.54532e-19
2.27952e-20
2.85128e-19
-3.00685e-19
-6.37059e-19
-3.66951e-19
1.43283e-18
1.82465e-18
-1.10102e-18
2.4229e-19
-1.04548e-18
-2.17303e-18
-3.45962e-18
-7.09233e-18
1.12375e-17
-7.28976e-19
-5.97183e-19
-1.10323e-18
-2.52535e-18
-2.66108e-18
-2.66103e-18
-1.50509e-18
-1.6106e-18
-2.24561e-18
-2.23961e-18
-5.53255e-18
-4.22315e-18
-6.18087e-18
-2.03859e-17
2.02122e-18
-5.64735e-19
-1.49344e-18
-4.5308e-18
-1.23987e-17
-7.32991e-18
-7.56835e-18
-5.21371e-18
-6.75076e-18
-4.2954e-18
-4.36318e-18
-7.52431e-18
-6.17495e-18
-8.53118e-18
-2.69303e-17
2.49234e-17
-5.63372e-19
-3.34503e-18
-1.16269e-17
-1.03603e-17
-8.58618e-18
-1.01818e-17
-7.02632e-18
-6.68824e-18
-5.49197e-18
-6.19806e-18
-1.13769e-17
-7.96216e-18
-9.58611e-18
-1.89293e-17
6.18802e-17
-5.2165e-20
-2.04647e-18
-4.53132e-18
5.83292e-19
-5.60208e-18
-7.94026e-18
-7.05138e-18
-6.61582e-18
-6.1433e-18
-7.04997e-18
-1.23364e-17
-8.83123e-18
-9.96227e-18
-1.32465e-17
5.54899e-17
2.22015e-18
5.32745e-18
6.59702e-18
8.01267e-19
-9.97461e-18
-7.88099e-18
-6.92316e-18
-6.58151e-18
-6.35381e-18
-6.46149e-18
-6.44478e-18
-8.31754e-18
-1.01172e-17
-1.10539e-17
4.75942e-17
3.98759e-18
8.12474e-18
6.59285e-18
2.30718e-18
-4.45301e-18
-6.14273e-18
-6.48479e-18
-6.58251e-18
-6.53272e-18
-5.73889e-18
-5.89534e-18
-7.79006e-18
-1.05806e-17
-1.49075e-17
4.07424e-17
3.27185e-18
5.14699e-18
5.06136e-18
2.80976e-18
-1.39367e-18
-4.73798e-18
-6.532e-18
-7.07787e-18
-7.45074e-18
-3.93526e-18
-4.76269e-18
-6.8483e-18
-1.12501e-17
-3.54796e-17
3.35777e-17
3.42571e-18
4.15313e-18
4.29872e-18
2.92323e-18
-2.83802e-18
-1.99608e-17
-1.08995e-17
-9.05391e-18
-1.19703e-17
2.02892e-18
-2.41449e-18
-4.72556e-18
-8.04041e-18
-5.13304e-17
2.60741e-17
3.98133e-18
3.41302e-18
1.85035e-18
-3.20308e-18
-4.73227e-18
-1.27282e-17
-1.06308e-17
-8.6272e-18
-6.98097e-18
5.66642e-18
1.18746e-19
-7.31799e-19
7.97805e-18
-5.72202e-17
1.93263e-17
4.55498e-18
4.47509e-18
4.77336e-18
-4.45002e-18
-5.63717e-18
-9.53902e-18
-9.46758e-18
-7.75229e-18
-4.91225e-18
2.23431e-18
1.64027e-18
3.32588e-18
1.90479e-17
-4.09069e-17
1.75711e-17
3.77641e-18
3.2869e-18
1.82445e-18
-2.78979e-18
-4.77578e-18
-5.98333e-18
-8.56798e-18
-6.71412e-18
-3.70534e-18
1.2381e-18
3.69937e-18
6.4363e-18
1.62548e-17
-3.03359e-17
4.16139e-17
4.85467e-18
5.688e-18
8.52808e-18
6.45278e-18
-1.71378e-18
-1.67753e-17
6.47866e-18
-1.7056e-18
-1.81879e-18
2.27081e-18
8.95493e-18
1.11758e-17
2.82476e-17
-4.2473e-17
4.60958e-18
4.04072e-18
3.81384e-18
1.94369e-18
2.61344e-18
-2.20709e-18
-1.14792e-17
-1.40964e-18
-1.43709e-18
-6.37381e-19
4.22139e-18
2.65121e-17
1.60482e-17
2.19721e-17
-7.60405e-18
2.51976e-18
3.42912e-18
4.47374e-18
6.58881e-18
4.42866e-18
2.72211e-18
9.92236e-18
3.23146e-18
-6.01575e-20
-2.50312e-18
-7.31707e-18
1.66582e-17
1.6139e-17
1.53054e-17
-3.21764e-17
-1.07641e-18
3.3769e-18
4.09677e-18
4.9396e-18
4.17849e-18
3.48595e-18
5.71228e-18
2.36834e-18
-2.74311e-18
-1.87726e-17
-7.14365e-18
1.08451e-17
1.47869e-17
1.15946e-17
-2.60694e-17
-4.60825e-18
2.64236e-18
3.83846e-18
5.04759e-18
5.90267e-18
6.66461e-18
9.73597e-18
8.20003e-18
-2.95274e-18
-1.28174e-17
-5.69986e-18
7.88216e-18
1.39301e-17
1.19933e-17
-2.25884e-17
-8.43768e-18
2.53871e-18
2.45769e-18
1.90528e-18
-7.1692e-19
-9.26776e-19
-1.23608e-17
-1.60079e-17
9.47357e-18
-5.13192e-18
-3.27185e-18
7.25753e-18
1.73391e-17
4.48654e-17
2.31923e-17
-9.49332e-18
6.27222e-18
4.98677e-18
5.43715e-18
1.78868e-18
1.32878e-18
5.38419e-18
-4.66485e-18
5.39255e-18
1.16009e-18
-3.03948e-19
7.89978e-18
1.9679e-17
4.36348e-17
6.12403e-17
-9.47714e-18
6.0924e-18
7.23032e-18
9.96208e-18
5.88168e-18
2.9996e-18
1.47701e-18
-2.92079e-18
-1.22067e-18
-1.87944e-17
3.75026e-19
9.93306e-18
2.17993e-17
4.3696e-17
6.25289e-17
-4.42366e-17
4.49709e-18
4.53657e-18
2.6431e-18
2.76966e-18
4.86036e-18
1.3145e-17
3.69955e-18
-1.74473e-18
-1.84424e-17
-4.82754e-17
-3.79988e-17
1.2374e-17
3.71651e-17
1.41651e-17
-4.54387e-17
3.831e-18
4.69246e-18
6.29628e-18
1.25708e-17
8.52316e-18
7.69351e-18
2.6573e-18
-4.83726e-18
-2.32882e-17
-4.17732e-17
-3.3575e-17
5.3053e-18
2.70737e-17
1.07401e-17
-7.98501e-17
4.63751e-18
5.71628e-18
7.75406e-18
1.146e-17
1.29259e-17
2.01409e-17
9.56022e-18
2.40342e-18
6.21272e-18
-2.04786e-17
-2.38595e-17
6.89349e-18
6.20605e-17
1.38499e-17
-7.26519e-17
4.66464e-18
4.99768e-18
6.00157e-18
7.63064e-18
1.06138e-17
1.45065e-17
9.12483e-18
-7.1529e-20
-5.80381e-18
-5.52805e-17
-2.71022e-17
5.13549e-18
4.81109e-17
1.67075e-17
-6.44845e-17
7.60686e-18
8.37488e-18
1.0658e-17
1.7074e-17
1.45565e-17
1.40564e-17
1.24956e-17
1.84384e-17
-4.35865e-18
-3.91933e-17
-2.59006e-17
9.65485e-19
2.95496e-17
4.47404e-18
-5.75517e-17
2.95899e-18
6.54069e-18
1.00004e-17
1.40195e-17
1.44477e-17
1.42038e-17
1.35305e-17
1.37748e-17
-2.47299e-18
-2.66403e-17
-2.0958e-17
5.88243e-18
7.083e-17
6.31367e-17
-5.10913e-17
2.82575e-18
5.73881e-18
8.75587e-18
1.15538e-17
1.302e-17
1.33642e-17
1.23715e-17
9.04569e-18
-3.95616e-18
-1.94773e-17
-1.70094e-17
3.45275e-19
8.08222e-18
4.33185e-17
-1.17651e-16
2.9067e-18
4.37366e-18
7.62e-18
1.14458e-17
1.29246e-17
1.32231e-17
1.35659e-17
1.41141e-17
7.92684e-18
-8.43971e-18
-1.03849e-17
5.76899e-18
5.2751e-17
3.95617e-17
-1.09782e-16
4.09551e-18
1.00395e-17
7.89268e-18
3.39874e-18
9.67292e-18
1.35869e-17
1.04437e-17
-7.22821e-18
-3.16996e-17
-1.52309e-17
-9.12857e-18
1.35797e-18
-6.51929e-19
2.09849e-17
-1.78184e-16
4.63126e-18
6.04609e-18
5.00181e-18
3.51988e-18
3.70937e-18
-1.61456e-18
1.79429e-18
-7.27033e-18
-2.16116e-17
-1.5158e-17
-8.78946e-18
-1.63945e-18
-1.78658e-18
2.06252e-18
-2.47562e-16
4.36459e-18
6.3711e-18
1.03832e-17
6.75509e-18
4.45814e-18
9.73038e-19
-1.8744e-19
-7.14669e-18
-1.79566e-17
-2.00191e-17
-1.21281e-17
-5.08034e-18
-4.75377e-18
-1.65099e-17
-3.07342e-16
8.26267e-18
1.24572e-17
1.75784e-17
1.05218e-17
3.73889e-18
-2.54131e-19
-2.49517e-18
-6.11543e-18
-6.49864e-18
2.02798e-17
3.39284e-18
-2.05244e-18
-6.89109e-18
-2.91197e-17
-2.87628e-16
2.67607e-18
3.09587e-18
1.15586e-17
1.57115e-17
1.90301e-17
1.06703e-17
3.6641e-18
-4.65625e-19
3.75993e-19
2.32803e-18
-3.11151e-17
-1.07605e-17
-5.53324e-18
-3.66144e-17
-2.70521e-16
3.46215e-19
-7.78444e-19
7.92129e-19
-8.1253e-21
5.80841e-18
-2.21483e-18
-6.62373e-20
-4.18317e-18
-1.89951e-17
2.30654e-17
-6.18494e-18
-9.94099e-18
-4.88261e-17
-4.51275e-17
-2.53644e-16
9.15975e-18
1.46353e-17
1.25423e-17
9.09761e-18
-9.96252e-19
-3.20804e-18
-6.02538e-18
-8.99801e-18
-1.85277e-17
-3.08392e-17
-5.55063e-17
-6.70615e-17
-5.86359e-17
-7.39297e-17
-1.62854e-16
-1.09262e-18
-1.15867e-18
-8.81566e-18
-1.55727e-17
-1.5302e-17
-4.52727e-18
1.2927e-17
-7.36764e-19
-1.31471e-17
-2.56528e-17
-3.88051e-17
-2.21238e-17
-4.30911e-17
-1.92421e-18
-1.52338e-16
5.94161e-18
3.62445e-19
-5.4548e-18
-8.54631e-18
-1.28735e-18
8.24737e-18
8.6385e-18
1.33269e-18
-8.38945e-18
-1.91057e-17
-2.83686e-17
-2.36097e-17
-2.73658e-17
9.92963e-17
-5.62545e-17
7.86446e-18
4.68738e-18
3.15688e-18
6.08408e-18
4.47059e-18
6.329e-18
7.57079e-18
3.06688e-18
-4.53086e-18
-1.33195e-17
-2.15847e-17
-2.37564e-17
-7.60817e-18
7.47462e-17
-4.43029e-17
1.04915e-17
8.99262e-18
8.42968e-18
9.33187e-18
9.01326e-18
9.6988e-18
-8.35749e-18
-3.32136e-18
-3.62445e-18
-8.50957e-18
-1.34178e-17
1.59658e-18
-8.13668e-17
4.99177e-17
-3.55161e-17
9.83603e-18
7.57555e-18
3.97799e-18
-1.98285e-18
1.07261e-18
1.69673e-18
-4.14679e-18
-9.20686e-18
-2.40104e-17
-1.91076e-17
-1.85025e-17
-1.64367e-17
-5.66595e-17
-3.7443e-18
-2.71681e-17
1.14139e-17
1.04546e-17
9.93129e-18
1.09762e-17
7.05846e-18
3.63841e-18
-7.72955e-19
-6.20089e-18
-1.41348e-17
-1.55622e-17
-1.97829e-17
-3.15407e-17
-1.239e-16
6.5383e-17
-5.95475e-18
6.94355e-18
8.05565e-18
8.58142e-18
8.96065e-18
8.42016e-18
6.85248e-18
3.31305e-18
-5.00576e-18
-3.03599e-17
-5.68408e-17
-4.58612e-17
-5.73472e-17
-1.90011e-16
1.35513e-16
1.11637e-16
1.56371e-18
1.07558e-18
1.67417e-18
8.4795e-19
-9.20799e-18
-2.26414e-17
-3.89156e-17
-4.99668e-17
-5.11826e-17
-3.52886e-17
-5.10651e-17
-7.79341e-17
-1.80044e-16
-9.28169e-17
2.09361e-16
1.7862e-18
3.36602e-18
6.23504e-18
2.09482e-18
-6.27418e-18
-2.01303e-17
-3.90489e-17
-5.4024e-17
-3.93617e-17
-8.83279e-17
-7.68661e-17
-8.93377e-17
-1.02908e-16
-2.39422e-16
2.03546e-16
-6.38553e-19
-1.61697e-18
-4.8758e-18
-1.56637e-17
-2.10128e-17
-3.45419e-17
-5.4142e-17
-6.87901e-17
-6.79976e-17
-8.85884e-17
-8.04491e-17
-5.76286e-17
5.86568e-17
-1.30286e-16
2.0238e-16
4.9463e-18
-2.81747e-18
-1.67677e-17
-4.37527e-17
-4.22247e-17
-4.95807e-17
-6.31745e-17
-7.3673e-17
-7.61524e-17
-8.12682e-17
-7.34318e-17
-6.2801e-17
-9.66161e-18
-1.36694e-16
1.96069e-16
-2.95369e-17
-3.54703e-17
-4.72988e-17
-6.41941e-17
-7.58727e-17
-8.1079e-17
-7.93185e-17
-8.21897e-17
-8.6023e-17
-9.16955e-17
-8.80901e-17
-1.23878e-17
6.10669e-17
-3.83036e-18
1.93212e-16
-2.80691e-17
-2.54297e-17
-1.84205e-17
-2.22048e-19
1.15353e-17
-1.39201e-17
-8.50857e-17
-8.51384e-17
-7.87783e-17
-5.9554e-17
1.30522e-17
-1.39473e-16
-1.38832e-16
-1.50181e-16
2.62377e-16
)
;
    }
}


// ************************************************************************* //
