/*--------------------------------*- C++ -*----------------------------------*\
| =========                 |                                                 |
| \\      /  F ield         | OpenFOAM: The Open Source CFD Toolbox           |
|  \\    /   O peration     | Version:  2.4.x                                 |
|   \\  /    A nd           | Web:      www.OpenFOAM.org                      |
|    \\/     M anipulation  |                                                 |
\*---------------------------------------------------------------------------*/
FoamFile
{
    version     2.0;
    format      ascii;
    class       volScalarField;
    location    "0.05";
    object      p;
}
// * * * * * * * * * * * * * * * * * * * * * * * * * * * * * * * * * * * * * //

dimensions      [1 -1 -2 0 0 0 0];

internalField   nonuniform List<scalar> 
1250
(
100107
100011
100001
99996.7
99995.1
99993.2
99993.7
99992.6
99993
99992.3
99992.1
99992.7
99992.2
99992.6
99992.2
99992.5
99992.2
99992.5
99992.4
99992.4
99992.6
99992.5
99992.6
99992.8
99992.9
99993
99993.2
99993.4
99993.6
99994.1
99994.5
99995.1
99995.3
99995
99995
99995.6
99995.8
99995.6
99995.8
99995.9
99996.2
99996.5
99996.9
99997.2
99997.6
99998
99998.4
99998.9
99999.3
99999.8
100104
100014
99999.8
99995.8
99993.3
99992.5
99992.1
99992.3
99992.2
99992
99991.9
99992
99992
99992.1
99992.1
99992.1
99992.1
99992.2
99992.3
99992.4
99992.4
99992.5
99992.5
99992.6
99992.8
99992.9
99993.1
99993.3
99993.6
99994
99994.4
99995
99995.1
99994.9
99994.9
99995.5
99995.8
99995.6
99995.8
99995.9
99996.2
99996.5
99996.9
99997.2
99997.6
99998
99998.4
99998.9
99999.3
99999.8
100116
100016
99999.3
99995.7
99993.4
99992.7
99992.7
99992.6
99992.3
99992.1
99992
99992.1
99992.1
99992.1
99992.1
99992.1
99992.2
99992.3
99992.4
99992.4
99992.5
99992.5
99992.6
99992.7
99992.8
99993
99993.1
99993.3
99993.6
99994
99994.4
99995
99995.1
99994.8
99994.8
99995.5
99995.8
99995.6
99995.8
99995.9
99996.2
99996.5
99996.9
99997.2
99997.6
99998
99998.4
99998.9
99999.3
99999.8
100152
100017
99997.6
99995
99993.4
99993
99992.7
99992.4
99992.2
99992.1
99992
99992.1
99992.1
99992.1
99992.1
99992.1
99992.2
99992.3
99992.4
99992.4
99992.5
99992.5
99992.6
99992.7
99992.8
99993
99993.1
99993.3
99993.5
99994
99994.4
99995
99995.1
99994.8
99994.7
99995.5
99995.7
99995.6
99995.8
99995.9
99996.2
99996.5
99996.9
99997.2
99997.6
99998
99998.4
99998.9
99999.3
99999.8
100174
100010
99995
99994.7
99993.3
99992.8
99992.6
99992.4
99992.3
99992.1
99992.1
99992.1
99992.1
99992.1
99992.2
99992.2
99992.2
99992.3
99992.4
99992.4
99992.5
99992.5
99992.6
99992.7
99992.8
99992.9
99993.1
99993.3
99993.5
99993.9
99994.4
99994.9
99994.9
99994.8
99994.6
99995.6
99995.7
99995.6
99995.8
99995.9
99996.2
99996.5
99996.9
99997.2
99997.6
99998
99998.4
99998.9
99999.3
99999.8
99972.8
99988.4
99991.7
99993.1
99992.7
99992.6
99992.5
99992.3
99992.2
99992.1
99992
99992.1
99992.2
99992.2
99992.2
99992.2
99992.2
99992.3
99992.4
99992.4
99992.5
99992.5
99992.6
99992.7
99992.8
99992.9
99993.1
99993.3
99993.5
99993.9
99994.3
99994.8
99994.8
99994.8
99994.4
99995.6
99995.6
99995.5
99995.8
99995.9
99996.2
99996.5
99996.8
99997.2
99997.6
99998
99998.4
99998.9
99999.3
99999.8
99975
99989.6
99991.6
99992.4
99992.4
99992.4
99992.3
99992.3
99992.2
99992.1
99992.1
99992.1
99992.1
99992.2
99992.2
99992.2
99992.3
99992.3
99992.4
99992.4
99992.5
99992.5
99992.6
99992.7
99992.8
99992.9
99993.1
99993.3
99993.5
99993.8
99994.2
99994.6
99994.7
99994.7
99994.4
99995.5
99995.6
99995.5
99995.8
99995.9
99996.2
99996.5
99996.8
99997.2
99997.6
99998
99998.4
99998.9
99999.3
99999.8
99983.6
99989.6
99991
99991.8
99992.1
99992.3
99992.3
99992.2
99992.1
99992.1
99992.1
99992.1
99992.1
99992.2
99992.2
99992.2
99992.3
99992.3
99992.4
99992.4
99992.5
99992.5
99992.6
99992.7
99992.8
99992.9
99993
99993.2
99993.4
99993.8
99994.1
99994.5
99994.6
99994.7
99994.4
99995.5
99995.8
99995.5
99995.8
99995.9
99996.2
99996.5
99996.8
99997.2
99997.6
99998
99998.4
99998.9
99999.3
99999.8
99986.6
99990.3
99991.2
99991.8
99992
99992.2
99992.2
99992.2
99992.1
99992.1
99992.1
99992.1
99992.2
99992.2
99992.2
99992.2
99992.3
99992.4
99992.4
99992.4
99992.5
99992.6
99992.6
99992.7
99992.8
99992.9
99993
99993.2
99993.4
99993.7
99994
99994.4
99994.5
99994.7
99994.4
99995.6
99995.8
99995.5
99995.8
99995.9
99996.2
99996.5
99996.8
99997.2
99997.6
99998
99998.4
99998.9
99999.3
99999.8
99988.9
99990.7
99991.5
99991.9
99992
99992.2
99992.2
99992.2
99992.2
99992.2
99992.2
99992.2
99992.2
99992.2
99992.2
99992.2
99992.3
99992.4
99992.4
99992.5
99992.5
99992.6
99992.6
99992.7
99992.8
99992.9
99993
99993.2
99993.4
99993.7
99993.9
99994.3
99994.5
99994.6
99994.4
99995.6
99995.8
99995.4
99995.8
99995.9
99996.2
99996.5
99996.8
99997.2
99997.6
99998
99998.4
99998.9
99999.3
99999.8
99994
99991.6
99992
99992.2
99992.2
99992.2
99992.2
99992.2
99992.2
99992.2
99992.2
99992.2
99992.2
99992.2
99992.2
99992.2
99992.3
99992.4
99992.4
99992.4
99992.5
99992.6
99992.6
99992.7
99992.8
99992.9
99993
99993.1
99993.3
99993.6
99993.9
99994.3
99994.4
99994.6
99994.4
99995.7
99995.7
99995.4
99995.8
99995.9
99996.2
99996.5
99996.8
99997.2
99997.6
99998
99998.4
99998.9
99999.3
99999.8
99994.4
99992.2
99992.3
99992.3
99992.3
99992.3
99992.2
99992.2
99992.2
99992.2
99992.2
99992.2
99992.2
99992.2
99992.2
99992.3
99992.3
99992.4
99992.4
99992.4
99992.5
99992.6
99992.6
99992.7
99992.8
99992.9
99993
99993.1
99993.3
99993.5
99993.8
99994.2
99994.3
99994.6
99994.4
99995.7
99995.7
99995.4
99995.8
99995.9
99996.2
99996.5
99996.8
99997.2
99997.6
99998
99998.4
99998.9
99999.3
99999.8
99993.2
99992.3
99992.3
99992.4
99992.4
99992.3
99992.3
99992.2
99992.2
99992.2
99992.2
99992.2
99992.2
99992.2
99992.2
99992.3
99992.3
99992.4
99992.4
99992.5
99992.5
99992.6
99992.6
99992.7
99992.8
99992.8
99992.9
99993.1
99993.2
99993.5
99993.7
99994.1
99994.3
99994.6
99994.5
99995.6
99995.6
99995.4
99995.7
99995.9
99996.2
99996.5
99996.8
99997.2
99997.6
99998
99998.4
99998.9
99999.3
99999.8
99992.8
99992.4
99992.4
99992.4
99992.4
99992.3
99992.3
99992.3
99992.2
99992.2
99992.2
99992.2
99992.2
99992.2
99992.2
99992.3
99992.3
99992.4
99992.4
99992.5
99992.5
99992.6
99992.6
99992.7
99992.7
99992.8
99992.9
99993
99993.2
99993.4
99993.6
99994
99994.2
99994.6
99994.6
99995.7
99995.5
99995.4
99995.7
99995.9
99996.2
99996.5
99996.8
99997.2
99997.6
99998
99998.4
99998.8
99999.3
99999.8
99992.5
99992.3
99992.3
99992.3
99992.3
99992.3
99992.3
99992.3
99992.3
99992.2
99992.2
99992.2
99992.2
99992.2
99992.3
99992.3
99992.3
99992.4
99992.4
99992.5
99992.5
99992.5
99992.6
99992.7
99992.7
99992.8
99992.9
99993
99993.1
99993.3
99993.6
99993.9
99994.2
99994.5
99994.7
99995.5
99995.4
99995.4
99995.7
99995.9
99996.2
99996.5
99996.8
99997.2
99997.6
99998
99998.4
99998.8
99999.3
99999.8
99992.3
99992.3
99992.3
99992.3
99992.3
99992.2
99992.2
99992.2
99992.2
99992.2
99992.2
99992.2
99992.2
99992.2
99992.3
99992.3
99992.3
99992.4
99992.4
99992.4
99992.5
99992.5
99992.6
99992.7
99992.7
99992.8
99992.9
99993
99993.1
99993.3
99993.5
99993.8
99994.1
99994.5
99994.7
99995.5
99995.3
99995.4
99995.6
99995.9
99996.2
99996.5
99996.8
99997.2
99997.6
99998
99998.4
99998.8
99999.3
99999.8
99992.2
99992.2
99992.2
99992.2
99992.2
99992.2
99992.2
99992.2
99992.2
99992.2
99992.2
99992.2
99992.2
99992.2
99992.3
99992.3
99992.3
99992.4
99992.4
99992.4
99992.5
99992.5
99992.6
99992.6
99992.7
99992.8
99992.9
99992.9
99993.1
99993.3
99993.5
99993.7
99994.1
99994.5
99994.7
99995.2
99995.2
99995.4
99995.6
99995.9
99996.2
99996.5
99996.8
99997.2
99997.6
99998
99998.4
99998.8
99999.3
99999.8
99992.1
99992.1
99992.1
99992.1
99992.1
99992.1
99992.1
99992.1
99992.1
99992.1
99992.1
99992.1
99992.2
99992.2
99992.2
99992.3
99992.3
99992.3
99992.4
99992.4
99992.5
99992.5
99992.6
99992.6
99992.7
99992.8
99992.9
99992.9
99993.1
99993.3
99993.5
99993.7
99994.1
99994.5
99994.6
99995.1
99995.1
99995.3
99995.6
99995.9
99996.2
99996.5
99996.8
99997.2
99997.6
99998
99998.4
99998.8
99999.3
99999.8
99992
99992
99992
99992
99992
99992
99992
99992
99992.1
99992.1
99992.1
99992.1
99992.1
99992.2
99992.2
99992.2
99992.3
99992.3
99992.4
99992.4
99992.5
99992.5
99992.6
99992.6
99992.7
99992.8
99992.9
99993
99993.1
99993.3
99993.5
99993.7
99994.1
99994.5
99994.7
99994.9
99995.1
99995.3
99995.6
99995.8
99996.2
99996.5
99996.8
99997.2
99997.6
99998
99998.4
99998.8
99999.3
99999.8
99992
99992
99992
99992
99992
99992
99992
99992
99992
99992
99992
99992.1
99992.1
99992.1
99992.2
99992.2
99992.3
99992.3
99992.3
99992.4
99992.5
99992.5
99992.6
99992.6
99992.7
99992.8
99992.9
99993
99993.2
99993.3
99993.6
99993.8
99994.1
99994.4
99994.5
99994.8
99995
99995.3
99995.5
99995.8
99996.2
99996.5
99996.8
99997.2
99997.6
99998
99998.4
99998.8
99999.3
99999.8
99991.9
99991.9
99991.9
99991.9
99991.9
99991.9
99991.9
99991.9
99992
99992
99992
99992
99992.1
99992.1
99992.1
99992.2
99992.2
99992.3
99992.3
99992.4
99992.4
99992.5
99992.6
99992.6
99992.7
99992.8
99992.9
99993.1
99993.2
99993.4
99993.6
99993.8
99994.1
99994.3
99994.5
99994.8
99995
99995.3
99995.5
99995.8
99996.2
99996.5
99996.8
99997.2
99997.6
99998
99998.4
99998.8
99999.3
99999.8
99991.9
99991.9
99991.9
99991.9
99991.9
99991.9
99991.9
99991.9
99991.9
99991.9
99992
99992
99992
99992.1
99992.1
99992.2
99992.2
99992.3
99992.3
99992.4
99992.4
99992.5
99992.6
99992.7
99992.8
99992.8
99993
99993.1
99993.3
99993.5
99993.7
99993.8
99994.1
99994.3
99994.5
99994.8
99995
99995.3
99995.6
99995.9
99996.2
99996.5
99996.8
99997.2
99997.6
99998
99998.4
99998.8
99999.3
99999.8
99991.8
99991.8
99991.8
99991.8
99991.8
99991.9
99991.9
99991.9
99991.9
99991.9
99992
99992
99992
99992.1
99992.1
99992.1
99992.2
99992.2
99992.3
99992.4
99992.4
99992.5
99992.6
99992.7
99992.8
99992.9
99993
99993.2
99993.3
99993.5
99993.7
99993.9
99994.1
99994.3
99994.5
99994.8
99995
99995.3
99995.6
99995.9
99996.2
99996.5
99996.8
99997.2
99997.6
99998
99998.4
99998.8
99999.3
99999.8
99991.8
99991.8
99991.8
99991.8
99991.8
99991.8
99991.8
99991.9
99991.9
99991.9
99991.9
99992
99992
99992
99992.1
99992.1
99992.2
99992.2
99992.3
99992.4
99992.4
99992.5
99992.6
99992.7
99992.8
99992.9
99993.1
99993.2
99993.4
99993.5
99993.7
99993.9
99994.1
99994.3
99994.5
99994.8
99995
99995.3
99995.6
99995.9
99996.2
99996.5
99996.8
99997.2
99997.6
99998
99998.4
99998.8
99999.3
99999.8
99991.8
99991.8
99991.8
99991.8
99991.8
99991.8
99991.8
99991.9
99991.9
99991.9
99991.9
99992
99992
99992
99992.1
99992.1
99992.2
99992.2
99992.3
99992.4
99992.5
99992.5
99992.6
99992.7
99992.8
99993
99993.1
99993.2
99993.4
99993.6
99993.7
99993.9
99994.1
99994.3
99994.6
99994.8
99995.1
99995.3
99995.6
99995.9
99996.2
99996.5
99996.9
99997.2
99997.6
99998
99998.4
99998.8
99999.3
99999.8
)
;

boundaryField
{
    AXIS
    {
        type            empty;
    }
    OUTLET
    {
        type            fixedValue;
        value           uniform 100000;
    }
    COFLOW
    {
        type            zeroGradient;
    }
    PILOT
    {
        type            zeroGradient;
    }
    FUEL
    {
        type            zeroGradient;
    }
    WALL
    {
        type            zeroGradient;
    }
    front
    {
        type            wedge;
    }
    back
    {
        type            wedge;
    }
}


// ************************************************************************* //
