/*--------------------------------*- C++ -*----------------------------------*\
| =========                 |                                                 |
| \\      /  F ield         | OpenFOAM: The Open Source CFD Toolbox           |
|  \\    /   O peration     | Version:  2.4.x                                 |
|   \\  /    A nd           | Web:      www.OpenFOAM.org                      |
|    \\/     M anipulation  |                                                 |
\*---------------------------------------------------------------------------*/
FoamFile
{
    version     2.0;
    format      ascii;
    class       surfaceScalarField;
    location    "0.05";
    object      phi;
}
// * * * * * * * * * * * * * * * * * * * * * * * * * * * * * * * * * * * * * //

dimensions      [1 0 -1 0 0 0 0];

internalField   nonuniform List<scalar> 
2425
(
1.06623e-06
-1.55482e-08
1.03574e-06
3.04666e-08
9.77022e-07
5.8701e-08
9.10423e-07
6.65879e-08
8.44453e-07
6.59612e-08
7.82312e-07
6.21306e-08
7.28205e-07
5.40943e-08
6.78371e-07
4.98169e-08
6.32286e-07
4.60707e-08
5.87649e-07
4.46263e-08
5.47446e-07
4.01959e-08
5.12318e-07
3.51194e-08
4.79593e-07
3.2714e-08
4.51109e-07
2.84773e-08
4.24689e-07
2.64134e-08
4.01405e-07
2.32778e-08
3.80171e-07
2.12278e-08
3.61364e-07
1.88009e-08
3.43866e-07
1.74943e-08
3.27982e-07
1.58825e-08
3.13504e-07
1.44772e-08
2.99767e-07
1.37368e-08
2.87197e-07
1.25639e-08
2.75159e-07
1.20359e-08
2.63191e-07
1.19603e-08
2.517e-07
1.14833e-08
2.40437e-07
1.12855e-08
2.28871e-07
1.14436e-08
2.1699e-07
1.20325e-08
2.03603e-07
1.36902e-08
1.86398e-07
1.73699e-08
1.61959e-07
2.38961e-08
1.37167e-07
2.57998e-08
1.23537e-07
2.30547e-08
1.23682e-07
1.98116e-08
1.50908e-07
1.71192e-08
1.85421e-07
1.59359e-08
1.96412e-07
1.0474e-08
1.94888e-07
6.67066e-09
1.91192e-07
4.81071e-09
1.87922e-07
3.47842e-09
1.85464e-07
2.47081e-09
1.83684e-07
1.75383e-09
1.82384e-07
1.26769e-09
1.8143e-07
9.22106e-10
1.80719e-07
6.82302e-10
1.80174e-07
5.192e-10
1.79766e-07
3.88389e-10
1.79426e-07
3.2688e-10
1.90174e-10
3.21178e-06
-7.53804e-08
3.07369e-06
1.68489e-07
2.87616e-06
2.56181e-07
2.67164e-06
2.71075e-07
2.47385e-06
2.6372e-07
2.29534e-06
2.4062e-07
2.13606e-06
2.13334e-07
1.98852e-06
1.973e-07
1.8472e-06
1.87354e-07
1.71899e-06
1.72802e-07
1.6041e-06
1.55072e-07
1.50118e-06
1.38009e-07
1.40839e-06
1.25484e-07
1.32523e-06
1.11614e-07
1.2499e-06
1.01718e-07
1.1817e-06
9.14655e-08
1.12081e-06
8.20998e-08
1.06577e-06
7.3831e-08
1.01563e-06
6.7619e-08
9.69683e-07
6.18274e-08
9.2692e-07
5.72407e-08
8.87322e-07
5.33345e-08
8.50792e-07
4.90765e-08
8.16297e-07
4.65243e-08
7.81891e-07
4.63481e-08
7.48147e-07
4.52059e-08
7.15071e-07
4.44271e-08
6.81203e-07
4.49668e-08
6.46302e-07
4.73894e-08
6.0711e-07
5.38026e-08
5.5644e-07
6.85129e-08
4.85433e-07
9.34519e-08
4.13697e-07
1.0181e-07
3.74482e-07
9.11387e-08
3.74904e-07
7.90538e-08
4.56184e-07
6.90323e-08
5.58529e-07
6.43804e-08
5.89985e-07
4.30396e-08
5.84875e-07
2.71277e-08
5.73516e-07
1.94924e-08
5.63618e-07
1.39969e-08
5.56176e-07
9.95002e-09
5.50791e-07
7.06022e-09
5.4686e-07
5.10273e-09
5.4397e-07
3.71688e-09
5.41815e-07
2.74955e-09
5.40166e-07
2.09197e-09
5.38929e-07
1.56581e-09
5.37905e-07
1.31302e-09
7.67917e-10
5.25881e-06
-8.03109e-08
4.91685e-06
5.10337e-07
4.54212e-06
6.3082e-07
4.19923e-06
6.13914e-07
3.8931e-06
5.69801e-07
3.61868e-06
5.14993e-07
3.35648e-06
4.75482e-07
3.11384e-06
4.39864e-07
2.89809e-06
4.03033e-07
2.70516e-06
3.65691e-07
2.53166e-06
3.28547e-07
2.37666e-06
2.92972e-07
2.23715e-06
2.64947e-07
2.11071e-06
2.38024e-07
1.99582e-06
2.1658e-07
1.89188e-06
1.95381e-07
1.79866e-06
1.75299e-07
1.71441e-06
1.58059e-07
1.63698e-06
1.45039e-07
1.56527e-06
1.33538e-07
1.49876e-06
1.23751e-07
1.43695e-06
1.1514e-07
1.38001e-06
1.05995e-07
1.3275e-06
9.90223e-08
1.27513e-06
9.86361e-08
1.22206e-06
9.82651e-08
1.16934e-06
9.7243e-08
1.11525e-06
9.85724e-08
1.05922e-06
1.04213e-07
9.96013e-07
1.18611e-07
9.13912e-07
1.51326e-07
8.00385e-07
2.05292e-07
6.87669e-07
2.2227e-07
6.26837e-07
2.00257e-07
6.29787e-07
1.74779e-07
7.66415e-07
1.55294e-07
9.34889e-07
1.44997e-07
9.85081e-07
9.79475e-08
9.756e-07
6.17942e-08
9.56407e-07
4.41419e-08
9.39836e-07
3.15851e-08
9.27421e-07
2.24239e-08
9.18447e-07
1.59034e-08
9.11896e-07
1.1492e-08
9.07081e-07
8.37297e-09
9.03491e-07
6.19268e-09
9.00748e-07
4.70837e-09
8.9869e-07
3.52488e-09
8.96993e-07
2.94569e-09
1.71657e-09
6.9355e-06
3.42233e-07
6.23703e-06
1.20867e-06
5.70099e-06
1.16673e-06
5.27643e-06
1.03838e-06
4.88314e-06
9.63051e-07
4.52254e-06
8.75539e-07
4.20687e-06
7.91079e-07
3.92861e-06
7.18015e-07
3.67965e-06
6.51906e-07
3.45647e-06
5.88824e-07
3.2555e-06
5.29481e-07
3.07388e-06
4.74552e-07
2.90808e-06
4.30692e-07
2.75644e-06
3.8963e-07
2.61828e-06
3.54697e-07
2.49277e-06
3.20862e-07
2.37919e-06
2.88858e-07
2.27506e-06
2.6217e-07
2.17856e-06
2.41522e-07
2.08878e-06
2.23321e-07
2.00518e-06
2.07347e-07
1.92739e-06
1.92932e-07
1.85557e-06
1.77787e-07
1.78903e-06
1.65539e-07
1.72529e-06
1.62255e-07
1.65981e-06
1.63702e-07
1.59085e-06
1.6633e-07
1.51974e-06
1.69166e-07
1.44528e-06
1.79801e-07
1.3608e-06
2.04562e-07
1.25017e-06
2.6279e-07
1.09956e-06
3.54642e-07
9.54466e-07
3.9822e-07
8.77194e-07
3.49226e-07
8.86584e-07
3.01759e-07
1.08143e-06
2.74867e-07
1.31426e-06
2.55422e-07
1.38138e-06
1.74131e-07
1.36672e-06
1.10799e-07
1.33968e-06
7.86335e-08
1.31654e-06
5.61162e-08
1.29927e-06
3.97715e-08
1.28679e-06
2.81896e-08
1.27769e-06
2.03682e-08
1.271e-06
1.48408e-08
1.26601e-06
1.09748e-08
1.2622e-06
8.33856e-09
1.25935e-06
6.24064e-09
1.257e-06
5.20104e-09
3.02284e-09
7.10361e-06
2.70113e-06
6.29813e-06
2.01399e-06
5.88553e-06
1.57915e-06
5.49523e-06
1.42855e-06
5.16678e-06
1.29142e-06
4.87579e-06
1.16645e-06
4.60844e-06
1.05834e-06
4.3625e-06
9.63837e-07
4.13384e-06
8.80458e-07
3.92436e-06
7.98251e-07
3.73211e-06
7.21688e-07
3.55334e-06
6.53271e-07
3.38808e-06
5.95887e-07
3.23426e-06
5.43389e-07
3.09014e-06
4.98771e-07
2.95804e-06
4.52919e-07
2.83763e-06
4.09233e-07
2.72524e-06
3.74541e-07
2.62036e-06
3.46374e-07
2.52197e-06
3.21701e-07
2.42986e-06
2.99455e-07
2.34351e-06
2.79273e-07
2.2631e-06
2.58184e-07
2.18816e-06
2.40428e-07
2.11594e-06
2.34326e-07
2.04503e-06
2.34592e-07
1.96884e-06
2.42435e-07
1.88476e-06
2.52828e-07
1.79582e-06
2.70261e-07
1.69355e-06
3.08731e-07
1.55815e-06
3.98969e-07
1.38079e-06
5.35547e-07
1.21182e-06
5.89368e-07
1.12388e-06
5.35304e-07
1.14418e-06
4.51575e-07
1.40205e-06
4.33755e-07
1.69701e-06
3.91622e-07
1.77879e-06
2.69734e-07
1.75797e-06
1.74179e-07
1.72312e-06
1.22743e-07
1.6936e-06
8.73482e-08
1.67166e-06
6.17928e-08
1.65584e-06
4.37727e-08
1.64428e-06
3.16289e-08
1.63579e-06
2.30466e-08
1.62946e-06
1.70416e-08
1.62463e-06
1.29401e-08
1.62101e-06
9.67686e-09
1.61805e-06
8.04476e-09
4.66758e-09
3.30792e-06
-3.40664e-09
4.34676e-06
9.75001e-07
4.69869e-06
1.22699e-06
4.76267e-06
1.36438e-06
4.72446e-06
1.32951e-06
4.62938e-06
1.26143e-06
4.50236e-06
1.18525e-06
4.36285e-06
1.10322e-06
4.22116e-06
1.02203e-06
4.08332e-06
9.3602e-07
3.94809e-06
8.56863e-07
3.81151e-06
7.8979e-07
3.67334e-06
7.33992e-07
3.53462e-06
6.82038e-07
3.40187e-06
6.31445e-07
3.27873e-06
5.76008e-07
3.16462e-06
5.23299e-07
3.05626e-06
4.82861e-07
2.95365e-06
4.48955e-07
2.85645e-06
4.18883e-07
2.76459e-06
3.91308e-07
2.67747e-06
3.66375e-07
2.59504e-06
3.40617e-07
2.51738e-06
3.18017e-07
2.44185e-06
3.09683e-07
2.36679e-06
3.0967e-07
2.28936e-06
3.19749e-07
2.20239e-06
3.39477e-07
2.10393e-06
3.70686e-07
1.98796e-06
4.2725e-07
1.83194e-06
5.55138e-07
1.63287e-06
7.3939e-07
1.45302e-06
7.99571e-07
1.36361e-06
7.53526e-07
1.40056e-06
6.21839e-07
1.72739e-06
6.25426e-07
2.08268e-06
5.46608e-07
2.17681e-06
3.81872e-07
2.14895e-06
2.51643e-07
2.10653e-06
1.7599e-07
2.07098e-06
1.24893e-07
2.04465e-06
8.82064e-08
2.02566e-06
6.24543e-08
2.01179e-06
4.51374e-08
2.00159e-06
3.28932e-08
1.99399e-06
2.4322e-08
1.98819e-06
1.8458e-08
1.98386e-06
1.37871e-08
1.98033e-06
1.14345e-08
6.62706e-09
1.51645e-06
-8.06774e-07
2.61596e-06
-1.24743e-07
3.33694e-06
5.05725e-07
3.76032e-06
9.40786e-07
3.98603e-06
1.10364e-06
4.08856e-06
1.15879e-06
4.11885e-06
1.15484e-06
4.10216e-06
1.11977e-06
4.05779e-06
1.06627e-06
3.99732e-06
9.96384e-07
3.92471e-06
9.29418e-07
3.84215e-06
8.72271e-07
3.75452e-06
8.21531e-07
3.66243e-06
7.74047e-07
3.56334e-06
7.30434e-07
3.46201e-06
6.77266e-07
3.36505e-06
6.20186e-07
3.27116e-06
5.76706e-07
3.18043e-06
5.39638e-07
3.0931e-06
5.0619e-07
3.00913e-06
4.75272e-07
2.92795e-06
4.47554e-07
2.84926e-06
4.19335e-07
2.77422e-06
3.92965e-07
2.70079e-06
3.82961e-07
2.62629e-06
3.84263e-07
2.54804e-06
3.97868e-07
2.46264e-06
4.24911e-07
2.36433e-06
4.71179e-07
2.23609e-06
5.58917e-07
2.06358e-06
7.25975e-07
1.85672e-06
9.5374e-07
1.67856e-06
1.02049e-06
1.59426e-06
9.92022e-07
1.65595e-06
8.20383e-07
2.05632e-06
8.47184e-07
2.47125e-06
7.09576e-07
2.57473e-06
5.07741e-07
2.53927e-06
3.4246e-07
2.48975e-06
2.37626e-07
2.44866e-06
1.68209e-07
2.41828e-06
1.18659e-07
2.39638e-06
8.39925e-08
2.38036e-06
6.07295e-08
2.36857e-06
4.42644e-08
2.35977e-06
3.27306e-08
2.35307e-06
2.48266e-08
2.34808e-06
1.85165e-08
2.34402e-06
1.53233e-08
8.877e-09
9.35744e-07
-9.1957e-07
1.58775e-06
-7.77014e-07
2.2949e-06
-2.01679e-07
2.84467e-06
3.90805e-07
3.21927e-06
7.28865e-07
3.45813e-06
9.19801e-07
3.60961e-06
1.00324e-06
3.69828e-06
1.03095e-06
3.74548e-06
1.01893e-06
3.76313e-06
9.78615e-07
3.75642e-06
9.3603e-07
3.73163e-06
8.96936e-07
3.69418e-06
8.58864e-07
3.6477e-06
8.20396e-07
3.59459e-06
7.83417e-07
3.53054e-06
7.41205e-07
3.45837e-06
6.92272e-07
3.38608e-06
6.48921e-07
3.3137e-06
6.11978e-07
3.24173e-06
5.78156e-07
3.17051e-06
5.46502e-07
3.10023e-06
5.1787e-07
3.02989e-06
4.89774e-07
2.96141e-06
4.61362e-07
2.89438e-06
4.49903e-07
2.82518e-06
4.53655e-07
2.7504e-06
4.72587e-07
2.6667e-06
5.09233e-07
2.56835e-06
5.72184e-07
2.43545e-06
6.94131e-07
2.25757e-06
9.059e-07
2.0529e-06
1.17222e-06
1.88532e-06
1.24432e-06
1.8143e-06
1.24468e-06
1.91499e-06
1.04903e-06
2.39235e-06
1.09696e-06
2.86556e-06
9.78416e-07
2.97151e-06
6.48469e-07
2.92853e-06
4.45203e-07
2.87266e-06
3.06657e-07
2.82667e-06
2.16599e-07
2.79264e-06
1.52733e-07
2.7681e-06
1.08109e-07
2.75011e-06
7.82174e-08
2.73686e-06
5.7028e-08
2.72697e-06
4.21699e-08
2.71944e-06
3.19713e-08
2.71385e-06
2.38044e-08
2.70932e-06
1.96608e-08
1.13912e-08
7.95358e-07
-7.82177e-07
1.04811e-06
-1.02991e-06
1.59869e-06
-7.52394e-07
2.13769e-06
-1.48345e-07
2.55905e-06
3.07352e-07
2.87237e-06
6.06339e-07
3.0987e-06
7.76771e-07
3.26159e-06
8.67909e-07
3.37825e-06
9.02103e-07
3.45885e-06
8.97851e-07
3.50888e-06
8.85859e-07
3.53592e-06
8.69719e-07
3.54543e-06
8.49184e-07
3.54061e-06
8.25048e-07
3.52519e-06
7.98674e-07
3.49876e-06
7.67503e-07
3.45941e-06
7.31522e-07
3.41258e-06
6.95675e-07
3.36253e-06
6.62012e-07
3.31036e-06
6.30354e-07
3.25681e-06
6.00137e-07
3.20217e-06
5.72636e-07
3.14557e-06
5.46602e-07
3.08774e-06
5.19452e-07
3.02962e-06
5.08091e-07
2.96889e-06
5.14733e-07
2.90096e-06
5.40688e-07
2.82286e-06
5.88794e-07
2.72743e-06
6.70657e-07
2.59402e-06
8.31131e-07
2.41861e-06
1.08857e-06
2.22402e-06
1.3934e-06
2.07361e-06
1.47132e-06
2.02411e-06
1.50511e-06
2.17599e-06
1.29889e-06
2.73997e-06
1.38609e-06
3.26089e-06
1.25315e-06
3.36562e-06
8.01966e-07
3.31642e-06
5.57292e-07
3.25516e-06
3.81848e-07
3.20501e-06
2.69274e-07
3.16779e-06
1.89959e-07
3.14091e-06
1.34498e-07
3.12116e-06
9.73958e-08
3.10659e-06
7.10397e-08
3.09571e-06
5.25337e-08
3.08744e-06
3.98105e-08
3.08131e-06
2.95854e-08
3.07636e-06
2.43918e-08
1.41397e-08
9.54785e-07
-6.94334e-07
9.74914e-07
-1.04992e-06
1.27233e-06
-1.04962e-06
1.67726e-06
-5.53317e-07
2.06515e-06
-8.0637e-08
2.38854e-06
2.82814e-07
2.64808e-06
5.1708e-07
2.8488e-06
6.67011e-07
2.99933e-06
7.51369e-07
3.11049e-06
7.86461e-07
3.19346e-06
8.02653e-07
3.25413e-06
8.08781e-07
3.29771e-06
8.05361e-07
3.32899e-06
7.93529e-07
3.35441e-06
7.73151e-07
3.37227e-06
7.49544e-07
3.37206e-06
7.31653e-07
3.35637e-06
7.11257e-07
3.33322e-06
6.85116e-07
3.30509e-06
6.58468e-07
3.27353e-06
6.3177e-07
3.23951e-06
6.06791e-07
3.20214e-06
5.84199e-07
3.16009e-06
5.61816e-07
3.11465e-06
5.53828e-07
3.065e-06
5.65025e-07
3.00661e-06
5.99696e-07
2.93682e-06
6.60988e-07
2.84676e-06
7.64649e-07
2.71767e-06
9.65907e-07
2.55693e-06
1.26513e-06
2.37929e-06
1.60966e-06
2.24644e-06
1.70722e-06
2.22512e-06
1.774e-06
2.44105e-06
1.56705e-06
3.09441e-06
1.68947e-06
3.65469e-06
1.52585e-06
3.7569e-06
9.64278e-07
3.70274e-06
6.76349e-07
3.63722e-06
4.61968e-07
3.58369e-06
3.25409e-07
3.54378e-06
2.29842e-07
3.51487e-06
1.62842e-07
3.49357e-06
1.18049e-07
3.47783e-06
8.61487e-08
3.46608e-06
6.37103e-08
3.45714e-06
4.82585e-08
3.45055e-06
3.5792e-08
3.44523e-06
2.94587e-08
1.70909e-08
1.8171e-06
-1.47049e-07
1.53026e-06
-7.62823e-07
1.41511e-06
-9.34063e-07
1.56605e-06
-7.04095e-07
1.84941e-06
-3.63967e-07
2.14475e-06
-1.26072e-08
2.41059e-06
2.51065e-07
2.63888e-06
4.38476e-07
2.82776e-06
5.62195e-07
2.97109e-06
6.42781e-07
3.0788e-06
6.94486e-07
3.16375e-06
7.23344e-07
3.23088e-06
7.37744e-07
3.28611e-06
7.37832e-07
3.33735e-06
7.21652e-07
3.38277e-06
7.03937e-07
3.41331e-06
7.00991e-07
3.42982e-06
6.94706e-07
3.43711e-06
6.77897e-07
3.43676e-06
6.58974e-07
3.4301e-06
6.38707e-07
3.41775e-06
6.19496e-07
3.39943e-06
6.03005e-07
3.37391e-06
5.87987e-07
3.34173e-06
5.86899e-07
3.30279e-06
6.05047e-07
3.25387e-06
6.50157e-07
3.19093e-06
7.2767e-07
3.10265e-06
8.58585e-07
2.9752e-06
1.10286e-06
2.82053e-06
1.44539e-06
2.65804e-06
1.8272e-06
2.54754e-06
1.96277e-06
2.56029e-06
2.05127e-06
2.87317e-06
1.85957e-06
3.66619e-06
2.05317e-06
4.28986e-06
1.80603e-06
4.39425e-06
1.14159e-06
4.33326e-06
8.07119e-07
4.2605e-06
5.5055e-07
4.20106e-06
3.87645e-07
4.15647e-06
2.74348e-07
4.12405e-06
1.9458e-07
4.10009e-06
1.41248e-07
4.08234e-06
1.03151e-07
4.06909e-06
7.62877e-08
4.059e-06
5.77568e-08
4.0516e-06
4.27434e-08
4.04565e-06
3.51157e-08
2.03945e-08
2.75169e-06
3.61532e-08
2.41429e-06
-4.25553e-07
2.05522e-06
-5.74876e-07
1.90448e-06
-5.53244e-07
1.96728e-06
-4.26446e-07
2.15755e-06
-2.02848e-07
2.39032e-06
1.80822e-08
2.62082e-06
2.07564e-07
2.82713e-06
3.55351e-07
3.00729e-06
4.6193e-07
3.16086e-06
5.40131e-07
3.28917e-06
5.9416e-07
3.39652e-06
6.29529e-07
3.48712e-06
6.46453e-07
3.55706e-06
6.51201e-07
3.60918e-06
6.51537e-07
3.65673e-06
6.53454e-07
3.69894e-06
6.52718e-07
3.73293e-06
6.44334e-07
3.75886e-06
6.33676e-07
3.77688e-06
6.2154e-07
3.78749e-06
6.09929e-07
3.79032e-06
6.01455e-07
3.78375e-06
5.95991e-07
3.76715e-06
6.05309e-07
3.74061e-06
6.34011e-07
3.70245e-06
6.91671e-07
3.64635e-06
7.89732e-07
3.55831e-06
9.56004e-07
3.43557e-06
1.24492e-06
3.2859e-06
1.6375e-06
3.13617e-06
2.05732e-06
3.05041e-06
2.24963e-06
3.11344e-06
2.36135e-06
3.5881e-06
2.19812e-06
4.60299e-06
2.44898e-06
5.32645e-06
2.10207e-06
5.4388e-06
1.34185e-06
5.37031e-06
9.54027e-07
5.28613e-06
6.52641e-07
5.2172e-06
4.59716e-07
5.16499e-06
3.26375e-07
5.12684e-06
2.31865e-07
5.09853e-06
1.68603e-07
5.0775e-06
1.23248e-07
5.06178e-06
9.11562e-08
5.04983e-06
6.89727e-08
5.04109e-06
5.0917e-08
5.0341e-06
4.17369e-08
2.42699e-08
3.58005e-06
1.03957e-07
3.3105e-06
-1.56741e-07
2.99023e-06
-2.5544e-07
2.70663e-06
-2.70526e-07
2.53204e-06
-2.5248e-07
2.49867e-06
-1.7014e-07
2.57646e-06
-6.04513e-08
2.72219e-06
6.07137e-08
2.89656e-06
1.79605e-07
3.07308e-06
2.83789e-07
3.23597e-06
3.75363e-07
3.38213e-06
4.46051e-07
3.51345e-06
4.96408e-07
3.6301e-06
5.2838e-07
3.73232e-06
5.48113e-07
3.82219e-06
5.6142e-07
3.90348e-06
5.72512e-07
3.97692e-06
5.80236e-07
4.04077e-06
5.81928e-07
4.0951e-06
5.81198e-07
4.14003e-06
5.78941e-07
4.17574e-06
5.76964e-07
4.202e-06
5.78186e-07
4.21723e-06
5.84117e-07
4.22048e-06
6.06028e-07
4.2109e-06
6.48709e-07
4.18689e-06
7.23648e-07
4.14159e-06
8.46181e-07
4.05884e-06
1.05658e-06
3.94265e-06
1.39387e-06
3.8035e-06
1.84044e-06
3.68455e-06
2.30048e-06
3.63925e-06
2.57015e-06
3.78574e-06
2.70927e-06
4.50276e-06
2.60046e-06
5.78968e-06
2.84795e-06
6.61323e-06
2.39578e-06
6.73348e-06
1.5598e-06
6.66112e-06
1.11256e-06
6.56599e-06
7.67629e-07
6.48751e-06
5.4162e-07
6.42731e-06
3.86248e-07
6.383e-06
2.75067e-07
6.34995e-06
2.00444e-07
6.32531e-06
1.46715e-07
6.30688e-06
1.08521e-07
6.29288e-06
8.20539e-08
6.28268e-06
6.04038e-08
6.27459e-06
4.93698e-08
2.87421e-08
4.53037e-06
1.13178e-07
4.35703e-06
1.51022e-08
4.11655e-06
-1.71611e-08
3.85795e-06
-1.49256e-08
3.6073e-06
-5.74268e-09
3.39857e-06
3.42425e-08
3.26119e-06
7.22368e-08
3.21062e-06
1.06262e-07
3.23168e-06
1.53393e-07
3.30442e-06
2.05703e-07
3.41094e-06
2.63445e-07
3.53299e-06
3.18859e-07
3.65997e-06
3.65126e-07
3.78461e-06
4.00724e-07
3.90449e-06
4.26848e-07
4.02042e-06
4.45535e-07
4.13179e-06
4.62528e-07
4.23728e-06
4.7723e-07
4.33526e-06
4.87326e-07
4.42466e-06
4.9585e-07
4.50481e-06
5.03694e-07
4.57475e-06
5.12269e-07
4.63324e-06
5.25561e-07
4.67866e-06
5.44973e-07
4.70949e-06
5.82258e-07
4.72424e-06
6.42715e-07
4.71902e-06
7.42018e-07
4.68481e-06
8.98803e-07
4.61083e-06
1.1597e-06
4.50641e-06
1.54906e-06
4.3864e-06
2.04855e-06
4.31556e-06
2.56646e-06
4.33993e-06
2.92505e-06
4.63638e-06
3.10255e-06
5.6927e-06
3.09248e-06
7.30789e-06
3.33405e-06
8.21437e-06
2.66696e-06
8.34112e-06
1.78692e-06
8.26746e-06
1.27805e-06
8.16311e-06
8.93309e-07
8.07583e-06
6.32439e-07
8.00786e-06
4.53662e-07
7.95734e-06
3.24166e-07
7.91941e-06
2.36834e-07
7.89101e-06
1.73644e-07
7.86972e-06
1.28457e-07
7.85358e-06
9.7048e-08
7.84187e-06
7.12176e-08
7.83267e-06
5.79879e-08
3.37881e-08
5.66524e-06
1.03619e-07
5.56139e-06
1.16652e-07
5.39717e-06
1.43609e-07
5.20434e-06
1.72554e-07
4.98748e-06
2.03568e-07
4.76805e-06
2.43083e-07
4.55063e-06
2.7619e-07
4.34625e-06
2.93623e-07
4.17564e-06
3.04894e-07
4.05522e-06
3.06051e-07
3.99753e-06
3.0187e-07
4.00135e-06
2.97751e-07
4.04972e-06
3.03321e-07
4.13012e-06
3.11771e-07
4.23449e-06
3.18957e-07
4.35226e-06
3.28087e-07
4.47694e-06
3.40981e-07
4.60256e-06
3.56917e-07
4.72438e-06
3.72574e-07
4.84112e-06
3.87375e-07
4.95119e-06
4.02457e-07
5.05175e-06
4.20773e-07
5.14046e-06
4.46188e-07
5.21462e-06
4.80898e-07
5.27122e-06
5.36692e-07
5.30691e-06
6.19795e-07
5.31754e-06
7.50074e-07
5.29639e-06
9.50929e-07
5.23331e-06
1.26867e-06
5.13942e-06
1.71805e-06
5.05468e-06
2.26778e-06
5.05478e-06
2.85803e-06
5.19563e-06
3.31614e-06
5.77744e-06
3.53175e-06
7.33035e-06
3.66151e-06
9.27388e-06
3.70413e-06
1.02122e-05
2.90866e-06
1.0339e-05
2.01482e-06
1.02665e-05
1.4452e-06
1.01558e-05
1.0259e-06
1.00617e-05
7.29989e-07
9.98707e-06
5.27338e-07
9.9309e-06
3.78491e-07
9.8884e-06
2.77378e-07
9.85636e-06
2.03804e-07
9.83231e-06
1.50808e-07
9.81408e-06
1.13826e-07
9.80093e-06
8.32409e-08
9.79074e-06
6.745e-08
3.93125e-08
7.06242e-06
9.45596e-08
7.00305e-06
1.72945e-07
6.90092e-06
2.41012e-07
6.76582e-06
3.00191e-07
6.60337e-06
3.54257e-07
6.42745e-06
4.02439e-07
6.23376e-06
4.45513e-07
6.01688e-06
4.75906e-07
5.78696e-06
4.91493e-07
5.55096e-06
4.92346e-07
5.32736e-06
4.68757e-07
5.1389e-06
4.29323e-07
5.00895e-06
3.83112e-07
4.95085e-06
3.34293e-07
4.95922e-06
2.90827e-07
5.01794e-06
2.60605e-07
5.11082e-06
2.46388e-07
5.22525e-06
2.45297e-07
5.35057e-06
2.52788e-07
5.47845e-06
2.66645e-07
5.60315e-06
2.85802e-07
5.71986e-06
3.12395e-07
5.82432e-06
3.50345e-07
5.91205e-06
4.02566e-07
5.97908e-06
4.80811e-07
6.02031e-06
5.94243e-07
6.03172e-06
7.64782e-07
6.01272e-06
1.0183e-06
5.95441e-06
1.39933e-06
5.86931e-06
1.91812e-06
5.8316e-06
2.51989e-06
5.94094e-06
3.20245e-06
6.29757e-06
3.73643e-06
7.38117e-06
4.01028e-06
9.55323e-06
4.28841e-06
1.1806e-05
4.21402e-06
1.27099e-05
3.11488e-06
1.28235e-05
2.23819e-06
1.27533e-05
1.60665e-06
1.26413e-05
1.15906e-06
1.25439e-05
8.30236e-07
1.24652e-05
6.04546e-07
1.24049e-05
4.36366e-07
1.23588e-05
3.20958e-07
1.23238e-05
2.3645e-07
1.22974e-05
1.75036e-07
1.22774e-05
1.31975e-07
1.22631e-05
9.6154e-08
1.22522e-05
7.74523e-08
4.51238e-08
8.81074e-06
8.84031e-08
8.78055e-06
1.99311e-07
8.72196e-06
2.93757e-07
8.63636e-06
3.76585e-07
8.52416e-06
4.51835e-07
8.38609e-06
5.1751e-07
8.22575e-06
5.70416e-07
8.04849e-06
6.05514e-07
7.84583e-06
6.31576e-07
7.61599e-06
6.37083e-07
7.36352e-06
6.18685e-07
7.09273e-06
5.81674e-07
6.83357e-06
5.16954e-07
6.62075e-06
4.31316e-07
6.47721e-06
3.43418e-07
6.4022e-06
2.67415e-07
6.3846e-06
2.13728e-07
6.41209e-06
1.81317e-07
6.46929e-06
1.67849e-07
6.54431e-06
1.70458e-07
6.62747e-06
1.85709e-07
6.71064e-06
2.1555e-07
6.78711e-06
2.63331e-07
6.84882e-06
3.33834e-07
6.89137e-06
4.37353e-07
6.91058e-06
5.8806e-07
6.90221e-06
8.06432e-07
6.86869e-06
1.12105e-06
6.80038e-06
1.57588e-06
6.73134e-06
2.16077e-06
6.79597e-06
2.83174e-06
7.09555e-06
3.59552e-06
7.86595e-06
4.19028e-06
9.75096e-06
4.52827e-06
1.261e-05
4.81068e-06
1.49428e-05
4.46032e-06
1.57741e-05
3.25265e-06
1.59013e-05
2.41277e-06
1.58432e-05
1.74667e-06
1.57394e-05
1.28148e-06
1.56452e-05
9.26259e-07
1.5567e-05
6.80451e-07
1.55056e-05
4.94609e-07
1.5458e-05
3.65379e-07
1.54213e-05
2.70059e-07
1.53936e-05
2.0003e-07
1.53725e-05
1.50663e-07
1.53575e-05
1.09355e-07
1.53463e-05
8.74841e-08
5.09162e-08
1.10053e-05
8.28943e-08
1.09937e-05
2.06411e-07
1.09657e-05
3.15078e-07
1.0919e-05
4.12871e-07
1.08522e-05
5.02288e-07
1.07613e-05
5.82478e-07
1.06443e-05
6.4708e-07
1.04997e-05
6.94539e-07
1.03294e-05
7.18657e-07
1.01384e-05
7.22121e-07
9.90655e-06
7.07008e-07
9.64122e-06
6.65655e-07
9.36429e-06
5.88694e-07
9.09238e-06
4.90962e-07
8.84684e-06
3.79799e-07
8.64527e-06
2.82428e-07
8.49194e-06
2.05515e-07
8.38312e-06
1.52979e-07
8.31051e-06
1.24167e-07
8.26468e-06
1.17402e-07
8.23827e-06
1.28995e-07
8.22096e-06
1.62712e-07
8.20381e-06
2.22566e-07
8.18034e-06
3.14309e-07
8.14533e-06
4.47736e-07
8.09225e-06
6.41337e-07
8.02975e-06
9.16872e-07
7.96203e-06
1.30298e-06
7.88404e-06
1.82594e-06
7.88479e-06
2.47539e-06
8.15354e-06
3.22713e-06
8.82209e-06
4.04234e-06
1.03884e-05
4.64644e-06
1.3391e-05
5.02617e-06
1.67397e-05
5.06286e-06
1.88785e-05
4.45568e-06
1.95814e-05
3.32772e-06
1.97221e-05
2.51736e-06
1.96845e-05
1.85147e-06
1.96012e-05
1.37924e-06
1.95188e-05
1.00872e-06
1.94478e-05
7.47982e-07
1.939e-05
5.48229e-07
1.93442e-05
4.07027e-07
1.93083e-05
3.02037e-07
1.92809e-05
2.23893e-07
1.92601e-05
1.68483e-07
1.92454e-05
1.2184e-07
1.92345e-05
9.68157e-08
5.6297e-08
1.37592e-05
7.63277e-08
1.37603e-05
2.00261e-07
1.37548e-05
3.13231e-07
1.3739e-05
4.17796e-07
1.37126e-05
5.14534e-07
1.36715e-05
6.01092e-07
1.36088e-05
6.73857e-07
1.35165e-05
7.30204e-07
1.33862e-05
7.61729e-07
1.32098e-05
7.67959e-07
1.30133e-05
7.39779e-07
1.27971e-05
6.81129e-07
1.25345e-05
5.9019e-07
1.22372e-05
4.88773e-07
1.19239e-05
3.71224e-07
1.16179e-05
2.76063e-07
1.13345e-05
1.97537e-07
1.10792e-05
1.45458e-07
1.08556e-05
1.16052e-07
1.0658e-05
1.10582e-07
1.04813e-05
1.30828e-07
1.03194e-05
1.78227e-07
1.01671e-05
2.57593e-07
1.00171e-05
3.77285e-07
9.86916e-06
5.50304e-07
9.72157e-06
7.97274e-07
9.58783e-06
1.13353e-06
9.4909e-06
1.60973e-06
9.46053e-06
2.18205e-06
9.67441e-06
2.90621e-06
1.03556e-05
3.72084e-06
1.17714e-05
4.54577e-06
1.45698e-05
5.13912e-06
1.85439e-05
5.41671e-06
2.19297e-05
5.14538e-06
2.36726e-05
4.27118e-06
2.42863e-05
3.28385e-06
2.4454e-05
2.5292e-06
2.44585e-05
1.89561e-06
2.44122e-05
1.4344e-06
2.4355e-05
1.06372e-06
2.4301e-05
7.96944e-07
2.42539e-05
5.89821e-07
2.42151e-05
4.40476e-07
2.41837e-05
3.28411e-07
2.41593e-05
2.43726e-07
2.41407e-05
1.83292e-07
2.41275e-05
1.32108e-07
2.41181e-05
1.04255e-07
6.054e-08
1.72151e-05
6.7587e-08
1.7227e-05
1.8319e-07
1.72417e-05
2.92243e-07
1.72546e-05
3.96066e-07
1.72625e-05
4.93526e-07
1.72619e-05
5.81097e-07
1.72479e-05
6.54894e-07
1.7214e-05
7.11414e-07
1.71487e-05
7.43509e-07
1.70425e-05
7.44837e-07
1.69011e-05
7.12954e-07
1.66961e-05
6.4331e-07
1.64506e-05
5.452e-07
1.61322e-05
4.40339e-07
1.57556e-05
3.37491e-07
1.53554e-05
2.61271e-07
1.49476e-05
2.0295e-07
1.45452e-05
1.73095e-07
1.41608e-05
1.61361e-07
1.37982e-05
1.75761e-07
1.34583e-05
2.15595e-07
1.31398e-05
2.90098e-07
1.28413e-05
4.00184e-07
1.25634e-05
5.6289e-07
1.23111e-05
7.85679e-07
1.20991e-05
1.09518e-06
1.19602e-05
1.50373e-06
1.19049e-05
2.04511e-06
1.21359e-05
2.67488e-06
1.28708e-05
3.46282e-06
1.44158e-05
4.22881e-06
1.71513e-05
4.98851e-06
2.1248e-05
5.43568e-06
2.55016e-05
5.43788e-06
2.82575e-05
4.74844e-06
2.95928e-05
3.94785e-06
3.0138e-05
3.10421e-06
3.03456e-05
2.43664e-06
3.04063e-05
1.86407e-06
3.04125e-05
1.43067e-06
3.0394e-05
1.077e-06
3.03687e-05
8.1525e-07
3.03415e-05
6.09828e-07
3.03166e-05
4.58356e-07
3.02948e-05
3.43615e-07
3.02773e-05
2.55448e-07
3.02636e-05
1.92091e-07
3.02539e-05
1.38023e-07
3.02475e-05
1.08195e-07
6.27765e-08
2.15516e-05
5.60968e-08
2.15721e-05
1.56789e-07
2.1602e-05
2.55686e-07
2.16369e-05
3.52625e-07
2.16738e-05
4.44769e-07
2.171e-05
5.27122e-07
2.17418e-05
5.95111e-07
2.17652e-05
6.43015e-07
2.17834e-05
6.68012e-07
2.17691e-05
6.64436e-07
2.17013e-05
6.30307e-07
2.15512e-05
5.66424e-07
2.12935e-05
4.83261e-07
2.09276e-05
3.89969e-07
2.05122e-05
3.16534e-07
2.0036e-05
2.69895e-07
1.95178e-05
2.50972e-07
1.89838e-05
2.57879e-07
1.84664e-05
2.84677e-07
1.79662e-05
3.35701e-07
1.74945e-05
4.10504e-07
1.70564e-05
5.26214e-07
1.6665e-05
6.78162e-07
1.63271e-05
8.975e-07
1.60762e-05
1.17218e-06
1.59533e-05
1.54952e-06
1.5987e-05
1.99167e-06
1.63508e-05
2.57367e-06
1.73191e-05
3.20242e-06
1.91291e-05
3.88302e-06
2.20418e-05
4.47903e-06
2.60475e-05
4.99089e-06
3.05148e-05
5.20041e-06
3.38749e-05
4.82337e-06
3.58252e-05
4.15347e-06
3.68745e-05
3.45963e-06
3.73985e-05
2.78096e-06
3.76754e-05
2.22008e-06
3.78203e-05
1.73058e-06
3.78989e-05
1.34791e-06
3.79374e-05
1.03002e-06
3.79546e-05
7.88381e-07
3.79585e-05
5.96401e-07
3.79562e-05
4.5155e-07
3.79507e-05
3.40604e-07
3.79449e-05
2.53737e-07
3.79397e-05
1.90939e-07
3.79359e-05
1.36997e-07
3.79348e-05
1.0621e-07
6.12571e-08
2.69942e-05
4.2084e-08
2.70208e-05
1.23236e-07
2.70618e-05
2.07206e-07
2.7114e-05
2.91871e-07
2.71759e-05
3.72316e-07
2.72505e-05
4.43128e-07
2.73328e-05
4.98378e-07
2.7418e-05
5.33537e-07
2.74988e-05
5.46129e-07
2.75595e-05
5.34954e-07
2.75753e-05
5.02719e-07
2.75136e-05
4.54927e-07
2.73503e-05
4.07e-07
2.7048e-05
3.63667e-07
2.65999e-05
3.52028e-07
2.60452e-05
3.62087e-07
2.54678e-05
3.98385e-07
2.48713e-05
4.45935e-07
2.42793e-05
5.15979e-07
2.37181e-05
6.05835e-07
2.32272e-05
7.25915e-07
2.2818e-05
8.76312e-07
2.25082e-05
1.07295e-06
2.234e-05
1.33055e-06
2.23669e-05
1.64512e-06
2.26352e-05
2.01032e-06
2.33561e-05
2.43915e-06
2.46714e-05
2.95797e-06
2.67678e-05
3.49025e-06
2.97499e-05
3.89667e-06
3.37683e-05
4.295e-06
3.78545e-05
4.371e-06
4.11787e-05
4.31176e-06
4.35137e-05
3.85245e-06
4.49781e-05
3.32746e-06
4.58924e-05
2.80173e-06
4.64604e-05
2.2998e-06
4.68355e-05
1.86541e-06
4.70822e-05
1.48104e-06
4.72509e-05
1.16873e-06
4.73623e-05
9.06149e-07
4.74368e-05
7.00984e-07
4.74843e-05
5.36361e-07
4.75144e-05
4.09567e-07
4.75328e-05
3.11188e-07
4.75444e-05
2.32333e-07
4.75521e-05
1.75098e-07
4.75575e-05
1.25448e-07
4.75636e-05
9.61007e-08
5.5159e-08
3.38266e-05
2.6592e-08
3.38576e-05
8.41489e-08
3.39087e-05
1.48536e-07
3.39784e-05
2.15056e-07
3.40664e-05
2.7727e-07
3.41724e-05
3.29546e-07
3.42949e-05
3.66359e-07
3.44298e-05
3.84728e-07
3.45693e-05
3.84265e-07
3.47002e-05
3.67461e-07
3.48082e-05
3.42675e-07
3.48578e-05
3.19444e-07
3.48162e-05
3.17338e-07
3.46492e-05
3.47418e-07
3.43472e-05
4.20319e-07
3.39212e-05
5.19098e-07
3.34235e-05
6.25514e-07
3.29192e-05
7.14211e-07
3.24506e-05
8.15732e-07
3.20606e-05
9.28244e-07
3.17869e-05
1.06072e-06
3.16716e-05
1.21257e-06
3.17894e-05
1.41549e-06
3.21548e-05
1.64672e-06
3.28027e-05
1.91343e-06
3.3947e-05
2.19395e-06
3.58149e-05
2.51433e-06
3.83437e-05
2.80398e-06
4.1427e-05
3.08991e-06
4.4805e-05
3.20779e-06
4.81143e-05
3.30343e-06
5.09965e-05
3.16782e-06
5.3343e-05
2.98618e-06
5.50511e-05
2.66869e-06
5.62732e-05
2.3353e-06
5.7166e-05
1.99252e-06
5.78207e-05
1.66512e-06
5.83103e-05
1.37086e-06
5.86725e-05
1.10515e-06
5.89413e-05
8.83428e-07
5.91365e-05
6.93862e-07
5.92782e-05
5.42261e-07
5.93788e-05
4.19387e-07
5.94499e-05
3.2301e-07
5.94997e-05
2.47103e-07
5.95345e-05
1.85013e-07
5.95592e-05
1.39851e-07
5.95766e-05
1.00143e-07
5.95909e-05
7.67031e-08
4.4075e-08
4.24064e-05
1.0056e-08
4.24395e-05
4.04875e-08
4.24994e-05
7.86077e-08
4.25854e-05
1.1977e-07
4.26976e-05
1.56782e-07
4.28352e-05
1.84822e-07
4.29971e-05
1.98628e-07
4.31821e-05
1.97081e-07
4.33826e-05
1.81524e-07
4.35872e-05
1.5946e-07
4.37815e-05
1.4126e-07
4.39467e-05
1.39307e-07
4.40664e-05
1.71518e-07
4.41192e-05
2.56376e-07
4.4099e-05
3.95143e-07
4.40113e-05
5.66832e-07
4.3915e-05
7.08929e-07
4.38842e-05
7.88902e-07
4.39639e-05
8.67041e-07
4.41846e-05
9.56192e-07
4.45965e-05
1.04679e-06
4.5236e-05
1.15156e-06
4.61168e-05
1.27622e-06
4.73141e-05
1.39347e-06
4.89448e-05
1.51605e-06
5.09647e-05
1.62986e-06
5.33218e-05
1.73613e-06
5.59298e-05
1.7861e-06
5.86612e-05
1.81366e-06
6.12809e-05
1.77263e-06
6.37135e-05
1.72187e-06
6.57966e-05
1.61385e-06
6.75597e-05
1.50566e-06
6.90072e-05
1.34781e-06
7.01962e-05
1.18918e-06
7.11614e-05
1.03062e-06
7.19379e-05
8.75167e-07
7.25572e-05
7.31666e-07
7.30422e-05
5.98065e-07
7.34198e-05
4.83114e-07
7.37082e-05
3.82919e-07
7.39269e-05
3.01559e-07
7.40896e-05
2.35454e-07
7.42094e-05
1.83123e-07
7.4297e-05
1.41216e-07
7.43589e-05
1.06992e-07
7.44035e-05
8.17297e-08
7.44342e-05
5.93206e-08
7.44579e-05
4.65905e-08
2.68203e-08
5.31767e-05
5.32033e-05
5.32681e-05
5.33744e-05
5.35185e-05
5.36924e-05
5.38838e-05
5.40773e-05
5.42587e-05
5.44223e-05
5.45728e-05
5.47266e-05
5.49181e-05
5.52013e-05
5.56339e-05
5.62558e-05
5.7047e-05
5.79553e-05
5.89868e-05
6.01631e-05
6.14911e-05
6.29871e-05
6.46673e-05
6.65198e-05
6.8528e-05
7.06488e-05
7.28402e-05
7.50139e-05
7.71267e-05
7.91069e-05
8.09551e-05
8.26316e-05
8.41569e-05
8.55001e-05
8.66716e-05
8.76766e-05
8.85231e-05
8.92254e-05
8.9794e-05
9.02478e-05
9.06018e-05
9.08751e-05
9.10834e-05
9.1241e-05
9.13588e-05
9.14453e-05
9.15099e-05
9.15563e-05
9.15948e-05
)
;

boundaryField
{
    AXIS
    {
        type            empty;
        value           nonuniform 0();
    }
    OUTLET
    {
        type            calculated;
        value           nonuniform List<scalar> 
25
(
1.79232e-07
5.37313e-07
8.96022e-07
1.25566e-06
1.61637e-06
1.97832e-06
2.34171e-06
2.70673e-06
3.07353e-06
3.44219e-06
4.04224e-06
5.0301e-06
6.26996e-06
7.82742e-06
9.78496e-06
1.2246e-05
1.53401e-05
1.92286e-05
2.41132e-05
3.02445e-05
3.79352e-05
4.75684e-05
5.96002e-05
7.44729e-05
9.16188e-05
)
;
    }
    COFLOW
    {
        type            calculated;
        value           nonuniform List<scalar> 
15
(
-2.36472e-06
-2.93545e-06
-3.6487e-06
-4.54082e-06
-5.65733e-06
-7.05547e-06
-8.80722e-06
-1.1003e-05
-1.37565e-05
-1.72108e-05
-2.15456e-05
-2.69871e-05
-3.38195e-05
-4.24006e-05
-5.31804e-05
)
;
    }
    PILOT
    {
        type            calculated;
        value           nonuniform List<scalar> 5(-6.03518e-07 -7.13264e-07 -8.23069e-07 -9.32839e-07 -1.04261e-06);
    }
    FUEL
    {
        type            calculated;
        value           nonuniform List<scalar> 5(-1.0507e-06 -3.15202e-06 -5.25401e-06 -7.35824e-06 -9.4627e-06);
    }
    WALL
    {
        type            calculated;
        value           uniform 0;
    }
    front
    {
        type            wedge;
        value           nonuniform List<scalar> 
1250
(
1.21819e-20
3.30077e-20
4.97996e-20
6.53942e-20
9.05682e-20
6.1536e-20
1.792e-19
3.40206e-19
6.26609e-19
1.23337e-18
1.10879e-19
3.17392e-19
5.75824e-19
9.95694e-19
1.34546e-18
2.21844e-19
6.20439e-19
1.18233e-18
1.91536e-18
1.09552e-18
1.62082e-19
3.42784e-19
6.10234e-19
6.15583e-19
8.66233e-19
-1.10677e-20
-9.50925e-20
-5.48556e-19
-1.58325e-18
-3.98978e-19
-1.28619e-19
-3.0155e-19
-7.22949e-19
-1.20387e-18
-7.59191e-19
-1.087e-19
-3.09194e-19
-5.32439e-19
-6.9018e-19
-5.90143e-19
-2.2297e-19
-4.66822e-19
-8.42374e-19
-1.17674e-18
-1.38589e-18
-3.08882e-20
-5.22679e-20
5.55606e-20
4.26418e-19
9.39983e-19
-1.33745e-19
-4.23352e-19
-9.97321e-19
-2.42392e-18
-4.95197e-18
-2.91925e-19
-6.53458e-19
-1.46542e-18
-2.80208e-18
-4.47878e-18
-4.34344e-19
-1.25058e-18
-2.27982e-18
-3.49444e-18
-4.53243e-18
-2.76178e-19
-5.63208e-19
-9.28858e-19
-1.33764e-18
-2.83164e-18
-4.77704e-19
-1.538e-18
-3.68554e-18
-7.20884e-18
-4.83983e-18
-1.40644e-18
-3.02272e-18
-5.77474e-18
-8.29064e-18
-7.04061e-18
-2.7758e-19
-6.25439e-19
-1.65021e-19
1.64659e-18
-1.80739e-18
-1.23548e-18
-2.28551e-18
-2.70066e-18
-2.20821e-18
-3.49693e-18
2.90215e-18
6.20068e-18
5.81895e-18
3.66335e-18
1.95708e-18
-1.53684e-17
-2.19857e-17
-1.71517e-17
-8.42248e-18
-6.22865e-18
-6.22518e-18
-9.2219e-18
-7.55704e-18
-9.02939e-19
-3.65368e-18
-1.7455e-18
-3.94141e-18
-3.66596e-18
-2.19602e-18
-4.47984e-18
-1.54565e-18
-3.37967e-18
-5.46751e-18
-7.17681e-18
-8.24271e-19
-7.98372e-19
-1.62868e-18
-2.77041e-18
-4.04576e-18
-5.31398e-18
-1.46207e-18
-3.46196e-18
-7.19383e-18
-1.15512e-17
-8.63771e-18
-1.64107e-18
-3.4996e-18
-6.31932e-18
-8.49634e-18
-7.81749e-18
-1.53835e-18
-3.13517e-18
-5.37905e-18
-6.87146e-18
-7.21286e-18
-1.19165e-18
-2.56466e-18
-4.26438e-18
-5.38798e-18
-5.76358e-18
-1.15595e-18
-2.57725e-18
-4.21016e-18
-5.20527e-18
-5.3511e-18
-3.40956e-19
-8.59946e-19
-1.18792e-18
-1.33256e-18
-2.204e-18
-1.07811e-18
-3.21902e-18
-6.44539e-18
-1.06215e-17
-6.01646e-18
-1.09379e-18
-3.13905e-18
-5.397e-18
-7.57282e-18
-8.5355e-18
-3.62859e-19
-9.99807e-19
-1.60945e-18
-2.9284e-18
-6.41799e-18
-3.07748e-19
-8.80404e-19
-1.5006e-18
-2.26387e-18
-3.29539e-18
-8.68367e-19
-2.48073e-18
-4.28561e-18
-5.8994e-18
-5.91228e-18
-3.79979e-18
-1.03824e-17
-1.56598e-17
-1.96134e-17
-2.16988e-17
3.25762e-17
5.48021e-17
4.40459e-17
2.81377e-17
2.78988e-17
1.41425e-17
3.50252e-17
4.06685e-17
3.32916e-17
4.33494e-17
-1.04718e-16
-1.99321e-16
-2.07451e-16
-1.91028e-16
-1.67168e-16
-2.70036e-17
-7.08825e-17
-9.78595e-17
-1.09407e-16
-1.09495e-16
-1.29792e-17
-3.59047e-17
-5.43577e-17
-6.64022e-17
-7.19827e-17
-7.30933e-18
-2.04346e-17
-3.20245e-17
-4.08764e-17
-4.64173e-17
-9.29303e-18
-2.46964e-17
-3.50117e-17
-4.06239e-17
-4.35908e-17
9.35239e-17
1.5203e-16
1.18327e-16
5.5002e-17
1.97924e-17
2.12669e-17
5.59338e-17
7.99264e-17
9.72053e-17
6.1626e-17
8.82672e-18
2.42821e-17
3.58796e-17
4.12945e-17
3.82847e-17
2.15919e-19
2.04131e-19
-2.31246e-18
-6.77796e-18
3.08336e-17
-3.18899e-18
-8.4063e-18
-1.31362e-17
-1.5984e-17
-1.53092e-17
1.66497e-17
4.59016e-17
7.48755e-17
1.05979e-16
1.4056e-16
-1.15752e-16
-1.23256e-16
-1.19364e-16
-7.6438e-17
-1.37362e-17
1.91367e-19
6.24359e-19
1.30292e-18
1.08168e-18
1.85031e-19
2.1593e-18
1.90107e-18
1.56396e-18
1.04013e-18
5.05308e-19
1.66579e-18
1.61497e-18
1.37664e-18
1.0478e-18
6.92532e-19
1.4971e-18
1.98155e-18
2.63498e-18
1.70931e-18
1.05286e-18
1.06482e-18
7.81985e-19
-2.26826e-19
-6.42691e-19
-6.99925e-20
8.07266e-20
-4.72244e-19
-1.99002e-18
-2.27197e-18
-9.34891e-19
-6.03762e-19
-1.05939e-18
-2.04117e-18
-2.6869e-18
-1.51334e-18
-6.34447e-19
-1.01261e-18
-1.5948e-18
-2.01034e-18
-1.90048e-18
-1.4698e-18
-1.6411e-18
-1.88892e-18
-2.18677e-18
-2.61238e-18
6.0706e-19
2.54371e-19
-4.78151e-19
-1.13524e-18
-2.02296e-18
-3.77225e-18
-4.53925e-18
-3.47022e-18
-4.16205e-18
-3.25021e-18
-4.53158e-18
-5.04211e-18
-5.41959e-18
-7.10314e-18
-4.96372e-18
-5.01477e-18
-5.40835e-18
-5.75134e-18
-6.07222e-18
-5.11712e-18
-3.80736e-18
-4.17681e-18
-4.17534e-18
-4.403e-18
-4.09087e-18
-4.33291e-18
-5.40076e-18
-7.6012e-18
-6.30892e-18
-5.12392e-18
-6.27254e-18
-6.33607e-18
-6.24954e-18
-3.51498e-18
-3.8745e-18
-3.05175e-18
-2.49085e-18
-4.76081e-19
-1.47061e-18
-2.55395e-18
-4.10989e-18
-3.66699e-18
-2.64163e-18
-2.68688e-18
-2.93445e-18
1.44983e-18
1.04882e-18
4.23893e-19
-3.18942e-19
-1.45204e-18
-8.68671e-18
-8.78601e-18
-6.34953e-18
-5.91978e-18
-3.73231e-18
-5.80724e-18
-5.33297e-18
-2.88384e-18
-4.27787e-18
-4.97079e-18
-5.25335e-18
-4.73844e-18
-3.83694e-18
-4.81806e-18
-5.46275e-18
-2.94196e-18
-4.98724e-18
-6.56647e-18
-3.36576e-18
-4.11251e-18
-3.97006e-18
-3.62298e-18
-3.47883e-18
-2.98097e-18
-3.36142e-18
-6.41323e-18
-6.28349e-18
-7.70533e-18
-5.32301e-18
-4.33774e-18
-6.9376e-18
-6.76633e-18
-7.0565e-18
-6.42647e-18
-5.48329e-18
-6.97719e-18
-6.46384e-18
-5.26723e-18
-2.83021e-18
-2.93813e-18
-5.3775e-18
-4.05228e-18
-1.33738e-18
2.88827e-18
2.14919e-18
-4.76592e-18
-3.54709e-18
-1.86813e-18
-3.26855e-19
-5.1111e-19
-2.45414e-18
-1.97274e-18
-1.18102e-18
-9.49582e-19
-1.24398e-18
-3.49323e-18
-3.25584e-18
-4.43788e-18
-1.9592e-18
-5.49542e-20
-1.02876e-17
-9.96011e-18
-7.52652e-18
-5.18551e-18
-3.79885e-18
-6.36691e-18
-5.22584e-18
-3.61322e-18
-3.56755e-18
-3.75543e-18
-3.75831e-18
-3.90506e-18
-3.94809e-18
-4.26207e-18
-4.82304e-18
-5.93642e-18
-6.18396e-18
-6.32286e-18
-5.5185e-18
-4.36214e-18
-1.85351e-17
-1.37983e-17
-8.33956e-18
-6.48494e-18
-4.08607e-18
2.4525e-17
1.99847e-17
1.20334e-17
9.44103e-18
-1.08243e-18
4.36587e-17
3.77265e-17
2.80059e-17
2.47482e-17
2.12371e-17
-1.40826e-16
-1.13713e-16
-8.46801e-17
-5.42286e-17
-3.95579e-17
-1.01734e-16
-8.88738e-17
-7.28858e-17
-5.58068e-17
-4.03751e-17
-7.19404e-17
-6.75201e-17
-6.01054e-17
-5.11144e-17
-4.18778e-17
-4.85885e-17
-4.77151e-17
-4.43621e-17
-3.91954e-17
-3.28478e-17
-4.46588e-17
-4.41449e-17
-4.22265e-17
-3.8986e-17
-3.43545e-17
2.31775e-18
-4.14099e-18
-2.6646e-18
4.19522e-18
-8.94399e-18
3.84811e-17
2.47784e-17
1.73758e-17
1.39161e-17
1.19997e-17
3.36757e-17
2.89908e-17
2.45068e-17
1.97066e-17
1.49302e-17
2.11466e-17
7.10263e-18
-7.90655e-18
1.81648e-18
8.54197e-18
-1.52602e-17
-1.39144e-17
-1.02221e-17
-3.40988e-18
4.47005e-18
1.41341e-16
1.20164e-16
8.4817e-17
6.32314e-17
5.20143e-17
2.17903e-17
3.7158e-17
4.01229e-17
3.76971e-17
3.31064e-17
4.28049e-20
-8.64744e-20
-2.2475e-19
-1.12399e-19
-3.03506e-20
-2.51584e-20
-1.06297e-19
-6.16565e-20
3.10018e-19
-1.82235e-18
-6.06448e-19
1.90711e-19
3.01581e-19
-1.35366e-18
4.9517e-19
5.46342e-20
-4.5653e-19
-1.22569e-18
-4.17419e-19
-1.36951e-20
-2.18757e-20
-4.83383e-19
-3.90727e-19
1.84998e-18
-2.63666e-18
-1.58311e-18
8.55839e-19
1.50715e-18
1.47598e-18
1.73101e-17
3.29371e-19
-3.69846e-20
-2.88835e-19
2.49829e-19
5.96857e-19
3.99819e-19
-1.18988e-18
-1.73335e-18
1.28473e-18
-9.43281e-20
1.54686e-18
2.37151e-18
3.45418e-18
6.71498e-18
-1.12995e-17
6.73184e-19
5.42727e-19
9.75672e-19
2.09453e-18
2.50506e-18
2.73901e-18
1.66891e-18
1.8578e-18
2.4958e-18
2.53142e-18
6.32466e-18
4.4948e-18
6.15369e-18
1.90365e-17
-1.12657e-18
4.40127e-19
1.33505e-18
3.75228e-18
7.45303e-18
6.57633e-18
8.06379e-18
5.53105e-18
7.14075e-18
4.63555e-18
4.74159e-18
8.30527e-18
6.52723e-18
8.53461e-18
2.48177e-17
-2.88438e-17
4.62641e-19
3.13706e-18
1.04833e-17
9.3325e-18
8.4047e-18
1.07732e-17
7.44778e-18
7.21083e-18
5.92622e-18
6.71582e-18
1.24719e-17
8.4805e-18
9.80015e-18
1.78983e-17
-6.71379e-17
-7.59432e-20
1.89543e-18
4.23394e-18
-3.72401e-19
5.57126e-18
8.3638e-18
7.54602e-18
7.18654e-18
6.68184e-18
7.61894e-18
1.25306e-17
9.46763e-18
1.04528e-17
1.30073e-17
-5.95967e-17
-2.3558e-18
-5.46303e-18
-6.19831e-18
-7.20579e-19
1.02265e-17
8.6144e-18
7.64135e-18
7.26581e-18
7.00498e-18
7.08152e-18
6.22359e-18
9.11262e-18
1.09065e-17
1.10821e-17
-5.33534e-17
-4.02832e-18
-7.90156e-18
-6.54682e-18
-2.08004e-18
5.28759e-18
7.07823e-18
7.32286e-18
7.35642e-18
7.30892e-18
6.49242e-18
6.37169e-18
8.91178e-18
1.18009e-17
1.50765e-17
-4.74527e-17
-3.29475e-18
-5.13667e-18
-5.01869e-18
-2.55022e-18
2.07854e-18
5.38387e-18
7.25545e-18
7.94859e-18
8.52586e-18
4.69898e-18
5.62516e-18
8.45338e-18
1.33212e-17
3.82819e-17
-3.99215e-17
-3.31245e-18
-4.0697e-18
-4.1821e-18
-2.64997e-18
3.25359e-18
1.9335e-17
1.16957e-17
1.04086e-17
1.53499e-17
-2.39388e-18
3.14875e-18
6.74939e-18
1.09764e-17
5.91216e-17
-2.73153e-17
-3.85643e-18
-3.3059e-18
-1.75501e-18
3.22775e-18
5.20003e-18
1.33779e-17
1.17025e-17
1.02385e-17
9.18667e-18
-8.62155e-18
-7.92365e-20
2.3795e-18
-9.45415e-18
7.17237e-17
-3.08074e-17
-4.46584e-18
-4.42558e-18
-4.91681e-18
4.28959e-18
6.10768e-18
1.04014e-17
1.06337e-17
9.48758e-18
6.4108e-18
-4.84743e-18
-2.07712e-18
-2.65797e-18
-2.4793e-17
5.69168e-17
1.48276e-17
-3.69284e-18
-3.20366e-18
-1.78008e-18
2.95923e-18
5.28011e-18
6.97444e-18
9.89404e-18
8.50065e-18
4.89108e-18
-3.06423e-18
-3.90501e-18
-6.33693e-18
-2.04925e-17
4.36562e-17
-6.48069e-17
-4.76303e-18
-5.50428e-18
-7.75183e-18
-6.06318e-18
2.49678e-18
1.6896e-17
-4.67241e-18
3.35483e-18
2.72189e-18
-3.31429e-18
-8.53076e-18
-1.21858e-17
-3.78543e-17
6.1683e-17
1.2466e-17
-3.8839e-18
-3.44999e-18
-1.4505e-18
-1.89158e-18
2.93339e-18
1.13501e-17
2.09404e-18
2.40793e-18
6.8804e-19
-7.13894e-18
-3.63717e-17
-1.97184e-17
-3.12607e-17
1.87189e-17
1.7685e-17
-3.25692e-18
-4.05153e-18
-5.37019e-18
-3.64216e-18
-1.97554e-18
-8.72337e-18
-1.84618e-18
8.62421e-19
1.77093e-18
5.07756e-18
-2.41111e-17
-2.10768e-17
-2.35082e-17
4.47223e-17
2.26742e-17
-3.30219e-18
-3.90356e-18
-4.52417e-18
-3.73551e-18
-2.99678e-18
-5.02624e-18
-1.79198e-18
2.72516e-18
1.41644e-17
3.99148e-18
-1.62701e-17
-1.97197e-17
-1.87098e-17
3.15139e-17
2.31865e-17
-2.54946e-18
-3.68533e-18
-4.75982e-18
-5.39992e-18
-5.58469e-18
-7.06789e-18
-4.26776e-18
2.00088e-18
8.22953e-18
2.06818e-18
-1.15643e-17
-1.77982e-17
-1.83142e-17
2.08016e-17
2.18784e-17
-2.49023e-18
-2.28038e-18
-1.51297e-18
1.84757e-18
1.51776e-18
1.10293e-17
1.22902e-17
-6.27975e-18
2.06146e-18
-2.95449e-20
-9.27794e-18
-1.93454e-17
-4.97308e-17
-3.1052e-17
1.60899e-17
-6.52959e-18
-4.93662e-18
-4.96983e-18
-1.22721e-18
-6.39052e-19
-2.77042e-18
4.01185e-18
-1.75516e-18
6.14638e-19
-6.9999e-19
-7.41826e-18
-1.86012e-17
-4.46578e-17
-6.85819e-17
9.99526e-18
-6.46803e-18
-7.41567e-18
-9.63418e-18
-5.61807e-18
-2.61776e-18
-1.07116e-18
2.07499e-18
2.50205e-18
1.21636e-17
4.85962e-18
-1.50874e-18
-1.47545e-17
-3.8419e-17
-6.10601e-17
3.52435e-17
-4.81278e-18
-4.81837e-18
-3.35881e-18
-3.07176e-18
-4.56498e-18
-1.11825e-17
-2.82009e-18
2.75755e-18
1.28869e-17
3.25731e-17
3.08065e-17
-2.85727e-18
-2.71822e-17
-1.56214e-17
3.3595e-17
-3.95408e-18
-4.70112e-18
-6.01524e-18
-1.11203e-17
-7.95428e-18
-7.55899e-18
-3.40912e-18
1.86886e-18
1.0064e-17
2.2552e-17
2.37758e-17
2.95834e-18
-1.94564e-17
-1.18142e-17
6.34499e-17
-4.45736e-18
-5.2881e-18
-6.95615e-18
-9.96422e-18
-1.14297e-17
-1.69614e-17
-8.80952e-18
-3.62148e-18
-2.99367e-18
1.29602e-17
1.68987e-17
1.86703e-18
-4.40176e-17
-1.47077e-17
5.76293e-17
-4.91378e-18
-5.35331e-18
-6.08625e-18
-7.38087e-18
-9.63264e-18
-1.21692e-17
-9.1535e-18
-4.97698e-18
1.20596e-18
2.67628e-17
1.7749e-17
3.31357e-18
-2.95439e-17
-1.66096e-17
5.22266e-17
-6.8511e-18
-7.56317e-18
-9.85066e-18
-1.54948e-17
-1.33011e-17
-1.25447e-17
-1.20945e-17
-1.59746e-17
-3.57562e-18
1.24637e-17
1.32771e-17
4.10015e-18
-1.90432e-17
-4.70475e-18
4.88968e-17
-2.46999e-18
-5.79965e-18
-8.85391e-18
-1.21127e-17
-1.24849e-17
-1.22273e-17
-1.19291e-17
-1.19593e-17
-5.80595e-18
3.72703e-18
7.67286e-18
-9.90573e-20
-5.0089e-17
-5.85091e-17
4.58296e-17
-2.18591e-18
-4.43612e-18
-6.87295e-18
-9.14299e-18
-1.03485e-17
-1.08249e-17
-1.08245e-17
-1.01949e-17
-6.85121e-18
-9.08786e-19
3.99565e-18
2.00168e-18
-8.31995e-19
-3.96784e-17
1.10131e-16
-1.84834e-18
-2.95998e-18
-4.80279e-18
-6.72241e-18
-7.99176e-18
-8.7121e-18
-8.82311e-18
-7.93573e-18
-5.38304e-18
-1.94889e-18
2.38124e-18
-1.32524e-18
-4.64715e-17
-3.68238e-17
1.05841e-16
-2.49869e-18
-6.36557e-18
-4.32127e-18
-8.51942e-19
-2.77288e-18
-3.95403e-18
-2.73464e-18
6.15689e-18
1.78752e-17
8.7336e-18
5.70178e-18
1.89056e-18
3.85853e-18
-2.00613e-17
1.74145e-16
-3.52334e-18
-3.69552e-18
-2.94793e-18
-1.58209e-18
-2.65456e-19
3.44536e-18
2.72527e-18
6.08432e-18
1.26247e-17
1.13377e-17
8.61889e-18
4.63835e-18
2.66188e-18
-4.31792e-18
2.38237e-16
-4.35866e-18
-5.83013e-18
-8.41574e-18
-6.01077e-18
-3.1652e-18
6.93123e-20
2.48695e-18
6.13151e-18
1.23239e-17
1.71109e-17
1.52443e-17
8.71798e-18
4.44372e-18
1.26216e-17
2.98872e-16
-6.03687e-18
-8.52884e-18
-1.25931e-17
-1.02148e-17
-6.68166e-18
-2.41825e-18
2.12508e-18
6.72026e-18
8.21731e-18
-1.63963e-17
-1.81234e-18
3.75519e-18
7.71754e-18
2.73143e-17
2.84646e-16
-3.1658e-18
-2.94668e-18
-7.34185e-18
-1.27268e-17
-2.04779e-17
-1.3947e-17
-4.92253e-18
2.65625e-18
3.88202e-18
4.81582e-18
4.67416e-17
1.70636e-17
3.74564e-18
4.10286e-17
2.69349e-16
-1.12307e-18
2.39353e-18
5.40165e-18
1.30035e-17
4.74899e-18
1.52059e-17
1.04876e-17
1.58165e-17
4.18359e-17
-3.36152e-17
7.60151e-18
6.71083e-18
5.49962e-17
4.76537e-17
2.48774e-16
-1.11028e-17
-2.62359e-17
-2.31166e-17
-2.48596e-17
6.80125e-18
1.51248e-17
2.16498e-17
2.77995e-17
4.32605e-17
5.68994e-17
8.30341e-17
9.32136e-17
7.35893e-17
8.97159e-17
1.54019e-16
2.03631e-17
2.65006e-17
4.93984e-17
7.08552e-17
6.63158e-17
3.26707e-17
-1.10178e-17
1.55938e-17
3.84146e-17
5.73344e-17
7.15549e-17
3.89081e-17
6.44147e-17
2.09721e-17
1.25208e-16
-1.42221e-17
6.06737e-18
2.3934e-17
3.15285e-17
1.16647e-17
-5.53969e-18
-2.10882e-18
1.45239e-17
3.44688e-17
5.24496e-17
6.2723e-17
4.57761e-17
4.92905e-17
-1.01513e-16
4.81836e-18
-2.73233e-17
-1.68419e-17
-1.09207e-17
-1.81367e-17
-6.42118e-18
-3.79346e-18
-2.01273e-18
1.19226e-17
3.1305e-17
4.86716e-17
5.80006e-17
4.7268e-17
-2.71271e-18
-1.03429e-16
-3.15445e-17
-3.5009e-17
-3.01271e-17
-2.62209e-17
-2.44426e-17
-1.98871e-17
-1.68686e-17
3.7224e-17
2.25944e-17
2.07985e-17
3.33075e-17
3.69547e-17
1.16007e-18
9.32229e-17
-1.03485e-16
-6.59916e-17
-2.70437e-17
-2.02963e-17
-9.06572e-18
1.01458e-17
3.60723e-18
6.27136e-18
2.70677e-17
4.26351e-17
8.17328e-17
5.12654e-17
3.31822e-17
6.24889e-18
3.33109e-17
-5.48651e-17
-9.14545e-17
-3.09294e-17
-2.87819e-17
-2.73414e-17
-2.97458e-17
-1.11727e-17
5.22287e-18
2.19162e-17
3.42359e-17
4.21819e-17
2.50444e-17
1.6316e-17
1.07556e-17
8.4269e-17
-1.60928e-16
-1.18116e-16
-1.83575e-17
-2.59361e-17
-3.06385e-17
-3.30786e-17
-3.14975e-17
-2.52789e-17
-9.01117e-18
2.50258e-17
1.00967e-16
1.10762e-16
4.7057e-17
3.57737e-17
1.30696e-16
-2.25041e-16
-2.26412e-16
1.39342e-17
2.14453e-17
9.47792e-18
4.51217e-18
5.03212e-17
1.03368e-16
1.29129e-16
1.35299e-16
1.01234e-16
3.33893e-17
4.06451e-17
5.69974e-17
1.4029e-16
6.90499e-17
-2.8775e-16
1.05959e-17
4.87286e-18
-5.6828e-18
1.15519e-17
4.22619e-17
7.72352e-17
1.00886e-16
1.00478e-16
5.39388e-17
9.97052e-17
6.63123e-17
6.92678e-17
6.30358e-17
2.31771e-16
-2.42592e-16
1.37252e-17
2.01758e-17
3.08496e-17
5.45081e-17
6.12673e-17
7.6005e-17
8.94073e-17
9.12772e-17
7.78895e-17
8.7399e-17
6.98546e-17
4.57987e-17
-5.80369e-17
1.55547e-16
-1.9769e-16
1.3723e-17
2.69866e-17
4.63729e-17
7.47473e-17
7.39669e-17
7.72206e-17
8.26749e-17
8.41839e-17
7.93013e-17
7.73763e-17
6.49112e-17
4.8473e-17
-1.22749e-18
1.2442e-16
-1.53657e-16
5.018e-17
5.64472e-17
6.80305e-17
8.29928e-17
9.24833e-17
9.37972e-17
8.64763e-17
8.2717e-17
7.97056e-17
7.83616e-17
7.03735e-17
9.34648e-18
-2.41267e-17
5.59341e-17
-1.17567e-16
2.8953e-17
2.38247e-17
1.2702e-17
-1.12855e-17
-2.85381e-17
-6.11304e-18
7.64587e-17
6.67471e-17
5.27158e-17
2.68655e-17
-4.77851e-17
1.24207e-16
1.43171e-16
1.69068e-16
-1.71469e-16
)
;
    }
    back
    {
        type            wedge;
        value           nonuniform List<scalar> 
1250
(
-1.21662e-20
-3.29761e-20
-4.97873e-20
-6.55006e-20
-9.07233e-20
-6.1549e-20
-1.79247e-19
-3.40256e-19
-6.2694e-19
-1.23363e-18
-1.10909e-19
-3.17492e-19
-5.75929e-19
-9.96057e-19
-1.34572e-18
-2.2188e-19
-6.20554e-19
-1.18241e-18
-1.91574e-18
-1.09575e-18
-1.62114e-19
-3.42895e-19
-6.1031e-19
-6.1589e-19
-8.66492e-19
1.10235e-20
9.49644e-20
5.4848e-19
1.58297e-18
3.9875e-19
1.28599e-19
3.01465e-19
7.22885e-19
1.20361e-18
7.59024e-19
1.08663e-19
3.09112e-19
5.32381e-19
6.89937e-19
5.89927e-19
2.22955e-19
4.66746e-19
8.42333e-19
1.17654e-18
1.38576e-18
3.0861e-20
5.21776e-20
-5.56234e-20
-4.26626e-19
-9.4014e-19
1.33721e-19
4.23276e-19
9.97258e-19
2.42376e-18
4.95186e-18
2.91912e-19
6.53398e-19
1.46537e-18
2.80192e-18
4.47868e-18
4.34328e-19
1.25052e-18
2.27977e-18
3.49429e-18
4.53233e-18
2.76168e-19
5.63154e-19
9.28829e-19
1.33751e-18
2.83155e-18
4.77688e-19
1.53796e-18
3.6855e-18
7.20873e-18
4.83974e-18
1.40644e-18
3.02269e-18
5.77471e-18
8.29051e-18
7.04054e-18
2.7757e-19
6.25407e-19
1.64996e-19
-1.64669e-18
1.80733e-18
1.23547e-18
2.28547e-18
2.70064e-18
2.20812e-18
3.49685e-18
-2.90216e-18
-6.20071e-18
-5.81896e-18
-3.66344e-18
-1.95713e-18
1.53684e-17
2.19857e-17
1.71517e-17
8.4224e-18
6.2286e-18
6.22517e-18
9.22188e-18
7.55702e-18
9.02864e-19
3.65363e-18
1.7455e-18
3.94139e-18
3.66595e-18
2.19594e-18
4.4798e-18
1.54564e-18
3.37965e-18
5.46749e-18
7.17675e-18
8.24246e-19
7.98367e-19
1.62866e-18
2.77039e-18
4.04569e-18
5.31394e-18
1.46207e-18
3.46194e-18
7.19381e-18
1.15511e-17
8.63768e-18
1.64106e-18
3.49958e-18
6.3193e-18
8.49628e-18
7.81746e-18
1.53834e-18
3.13515e-18
5.37904e-18
6.8714e-18
7.21282e-18
1.19164e-18
2.56465e-18
4.26437e-18
5.38792e-18
5.76354e-18
1.15595e-18
2.57723e-18
4.21014e-18
5.20522e-18
5.35106e-18
3.4095e-19
8.59923e-19
1.1879e-18
1.33249e-18
2.20394e-18
1.0781e-18
3.219e-18
6.44537e-18
1.06214e-17
6.01641e-18
1.09378e-18
3.13902e-18
5.39696e-18
7.5727e-18
8.53541e-18
3.62846e-19
9.9976e-19
1.60943e-18
2.92827e-18
6.41786e-18
3.07739e-19
8.80373e-19
1.50057e-18
2.26376e-18
3.2953e-18
8.68357e-19
2.4807e-18
4.28558e-18
5.89932e-18
5.91221e-18
3.79978e-18
1.03824e-17
1.56598e-17
1.96133e-17
2.16988e-17
-3.25763e-17
-5.48021e-17
-4.4046e-17
-2.81378e-17
-2.78989e-17
-1.41425e-17
-3.50252e-17
-4.06685e-17
-3.32917e-17
-4.33494e-17
1.04718e-16
1.9932e-16
2.07451e-16
1.91028e-16
1.67168e-16
2.70036e-17
7.08825e-17
9.78595e-17
1.09407e-16
1.09495e-16
1.29792e-17
3.59047e-17
5.43577e-17
6.64022e-17
7.19827e-17
7.30933e-18
2.04346e-17
3.20245e-17
4.08763e-17
4.64173e-17
9.29303e-18
2.46964e-17
3.50117e-17
4.06238e-17
4.35908e-17
-9.35239e-17
-1.5203e-16
-1.18327e-16
-5.5002e-17
-1.97924e-17
-2.12669e-17
-5.59338e-17
-7.99264e-17
-9.72053e-17
-6.1626e-17
-8.82672e-18
-2.42821e-17
-3.58796e-17
-4.12945e-17
-3.82847e-17
-2.15918e-19
-2.0413e-19
2.31246e-18
6.77795e-18
-3.08336e-17
3.18899e-18
8.4063e-18
1.31362e-17
1.5984e-17
1.53092e-17
-1.66497e-17
-4.59016e-17
-7.48755e-17
-1.05979e-16
-1.4056e-16
1.15752e-16
1.23256e-16
1.19364e-16
7.6438e-17
1.37362e-17
-1.91363e-19
-6.24317e-19
-1.30275e-18
-1.08158e-18
-1.84985e-19
-2.15933e-18
-1.90112e-18
-1.56386e-18
-1.04001e-18
-5.05221e-19
-1.66591e-18
-1.61514e-18
-1.37666e-18
-1.04773e-18
-6.9246e-19
-1.49721e-18
-1.98182e-18
-2.63512e-18
-1.70932e-18
-1.05285e-18
-1.0649e-18
-7.82276e-19
2.26645e-19
6.42635e-19
6.99838e-20
-8.08444e-20
4.71989e-19
1.98987e-18
2.27187e-18
9.34869e-19
6.03692e-19
1.05913e-18
2.04094e-18
2.68677e-18
1.5133e-18
6.34392e-19
1.01235e-18
1.59459e-18
2.01016e-18
1.9004e-18
1.46978e-18
1.64088e-18
1.88872e-18
2.18663e-18
2.61234e-18
-6.07073e-19
-2.54574e-19
4.77969e-19
1.13511e-18
2.02291e-18
3.77219e-18
4.53907e-18
3.47001e-18
4.16194e-18
3.25017e-18
4.53154e-18
5.04193e-18
5.41943e-18
7.10303e-18
4.96364e-18
5.01474e-18
5.40817e-18
5.75118e-18
6.07209e-18
5.11707e-18
3.80733e-18
4.17665e-18
4.1752e-18
4.40286e-18
4.09081e-18
4.33289e-18
5.40064e-18
7.60107e-18
6.30882e-18
5.12387e-18
6.27252e-18
6.33592e-18
6.24942e-18
3.51487e-18
3.87446e-18
3.05172e-18
2.49071e-18
4.75957e-19
1.47049e-18
2.55391e-18
4.10988e-18
3.66689e-18
2.64151e-18
2.68678e-18
2.93441e-18
-1.44986e-18
-1.04894e-18
-4.24015e-19
3.18849e-19
1.452e-18
8.68669e-18
8.7859e-18
6.34943e-18
5.91969e-18
3.73226e-18
5.80722e-18
5.33287e-18
2.88372e-18
4.27779e-18
4.97073e-18
5.25332e-18
4.73834e-18
3.83684e-18
4.81797e-18
5.46271e-18
2.94193e-18
4.98716e-18
6.56638e-18
3.36567e-18
4.11248e-18
3.97005e-18
3.6229e-18
3.47875e-18
2.9809e-18
3.36138e-18
6.41321e-18
6.28341e-18
7.70525e-18
5.32296e-18
4.3377e-18
6.93758e-18
6.76626e-18
7.05642e-18
6.4264e-18
5.48325e-18
6.97717e-18
6.46376e-18
5.26714e-18
2.83013e-18
2.9381e-18
5.37748e-18
4.0522e-18
1.3373e-18
-2.88835e-18
-2.14921e-18
4.76591e-18
3.54701e-18
1.86804e-18
3.26784e-19
5.11068e-19
2.45411e-18
1.97263e-18
1.1809e-18
9.49461e-19
1.24392e-18
3.49321e-18
3.25571e-18
4.43773e-18
1.95907e-18
5.49001e-20
1.02876e-17
9.95995e-18
7.52631e-18
5.18532e-18
3.79872e-18
6.36688e-18
5.22562e-18
3.61299e-18
3.56739e-18
3.75533e-18
3.75827e-18
3.90487e-18
3.94788e-18
4.26187e-18
4.82293e-18
5.93639e-18
6.18382e-18
6.3227e-18
5.51831e-18
4.36208e-18
1.85351e-17
1.37982e-17
8.3394e-18
6.48475e-18
4.086e-18
-2.45251e-17
-1.99848e-17
-1.20336e-17
-9.4412e-18
1.08236e-18
-4.36588e-17
-3.77266e-17
-2.8006e-17
-2.47483e-17
-2.12371e-17
1.40826e-16
1.13713e-16
8.468e-17
5.42285e-17
3.95578e-17
1.01734e-16
8.88738e-17
7.28858e-17
5.58067e-17
4.0375e-17
7.19404e-17
6.75201e-17
6.01054e-17
5.11143e-17
4.18778e-17
4.85885e-17
4.77151e-17
4.43621e-17
3.91954e-17
3.28478e-17
4.46588e-17
4.41448e-17
4.22265e-17
3.89859e-17
3.43544e-17
-2.31775e-18
4.14099e-18
2.66459e-18
-4.19523e-18
8.94398e-18
-3.84811e-17
-2.47784e-17
-1.73758e-17
-1.39162e-17
-1.19997e-17
-3.36757e-17
-2.89908e-17
-2.45068e-17
-1.97066e-17
-1.49302e-17
-2.11466e-17
-7.10264e-18
7.90655e-18
-1.81648e-18
-8.54198e-18
1.52602e-17
1.39144e-17
1.02221e-17
3.40987e-18
-4.47005e-18
-1.41341e-16
-1.20164e-16
-8.4817e-17
-6.32314e-17
-5.20143e-17
-2.17903e-17
-3.7158e-17
-4.01229e-17
-3.76971e-17
-3.31064e-17
-4.27873e-20
8.64809e-20
2.24733e-19
1.12407e-19
3.03215e-20
2.51419e-20
1.06293e-19
6.16525e-20
-3.10029e-19
1.82235e-18
6.06438e-19
-1.90715e-19
-3.01584e-19
1.35366e-18
-4.95168e-19
-5.45346e-20
4.56595e-19
1.22574e-18
4.17416e-19
1.36702e-20
2.18426e-20
4.8337e-19
3.90712e-19
-1.85001e-18
2.63667e-18
1.58309e-18
-8.55857e-19
-1.50716e-18
-1.47599e-18
-1.73101e-17
-3.29284e-19
3.70537e-20
2.889e-19
-2.49838e-19
-5.96884e-19
-3.99858e-19
1.18987e-18
1.73333e-18
-1.28477e-18
9.43376e-20
-1.54692e-18
-2.37153e-18
-3.45421e-18
-6.71499e-18
1.12995e-17
-6.73108e-19
-5.42673e-19
-9.75595e-19
-2.09455e-18
-2.50509e-18
-2.73906e-18
-1.66892e-18
-1.85782e-18
-2.49587e-18
-2.53141e-18
-6.32473e-18
-4.49484e-18
-6.15373e-18
-1.90366e-17
1.12657e-18
-4.40098e-19
-1.33502e-18
-3.75221e-18
-7.45305e-18
-6.57636e-18
-8.06385e-18
-5.53108e-18
-7.14078e-18
-4.63562e-18
-4.74159e-18
-8.30537e-18
-6.52728e-18
-8.53467e-18
-2.48178e-17
2.88438e-17
-4.62651e-19
-3.13704e-18
-1.04833e-17
-9.33251e-18
-8.40474e-18
-1.07733e-17
-7.44781e-18
-7.21086e-18
-5.92631e-18
-6.71579e-18
-1.2472e-17
-8.48057e-18
-9.80021e-18
-1.78983e-17
6.71379e-17
7.59012e-20
-1.89544e-18
-4.23392e-18
3.72399e-19
-5.57131e-18
-8.36388e-18
-7.54605e-18
-7.18658e-18
-6.68193e-18
-7.61893e-18
-1.25308e-17
-9.46772e-18
-1.04528e-17
-1.30073e-17
5.95967e-17
2.35574e-18
5.46299e-18
6.19829e-18
7.20582e-19
-1.02265e-17
-8.61448e-18
-7.64139e-18
-7.26586e-18
-7.00506e-18
-7.08151e-18
-6.22372e-18
-9.1127e-18
-1.09065e-17
-1.10822e-17
5.33534e-17
4.02827e-18
7.90151e-18
6.54677e-18
2.08005e-18
-5.28764e-18
-7.07831e-18
-7.3229e-18
-7.35645e-18
-7.30903e-18
-6.49239e-18
-6.37184e-18
-8.91185e-18
-1.18009e-17
-1.50766e-17
4.74527e-17
3.29467e-18
5.13661e-18
5.01863e-18
2.55025e-18
-2.07859e-18
-5.38395e-18
-7.25547e-18
-7.94865e-18
-8.52597e-18
-4.69894e-18
-5.6253e-18
-8.45346e-18
-1.33213e-17
-3.8282e-17
3.99215e-17
3.31238e-18
4.06963e-18
4.18201e-18
2.64999e-18
-3.25363e-18
-1.93351e-17
-1.16957e-17
-1.04086e-17
-1.535e-17
2.39391e-18
-3.14889e-18
-6.74947e-18
-1.09765e-17
-5.91217e-17
2.73153e-17
3.85636e-18
3.30582e-18
1.75492e-18
-3.22771e-18
-5.20007e-18
-1.33779e-17
-1.17025e-17
-1.02385e-17
-9.18678e-18
8.62156e-18
7.91376e-20
-2.37956e-18
9.45409e-18
-7.17238e-17
3.08074e-17
4.46578e-18
4.4255e-18
4.9167e-18
-4.28954e-18
-6.10773e-18
-1.04015e-17
-1.06337e-17
-9.48763e-18
-6.41089e-18
4.84743e-18
2.07701e-18
2.6579e-18
2.4793e-17
-5.69168e-17
-1.48276e-17
3.69277e-18
3.20358e-18
1.77997e-18
-2.95918e-18
-5.28016e-18
-6.9745e-18
-9.89406e-18
-8.50067e-18
-4.89115e-18
3.06424e-18
3.90494e-18
6.33688e-18
2.04924e-17
-4.36563e-17
6.48069e-17
4.76297e-18
5.50422e-18
7.75173e-18
6.06323e-18
-2.49684e-18
-1.68961e-17
4.67238e-18
-3.35486e-18
-2.72194e-18
3.3143e-18
8.5307e-18
1.21858e-17
3.78542e-17
-6.16831e-17
-1.2466e-17
3.88384e-18
3.44992e-18
1.45038e-18
1.89163e-18
-2.93345e-18
-1.13501e-17
-2.09405e-18
-2.40794e-18
-6.88082e-19
7.13895e-18
3.63716e-17
1.97184e-17
3.12607e-17
-1.87189e-17
-1.7685e-17
3.25685e-18
4.05146e-18
5.37007e-18
3.64222e-18
1.97547e-18
8.72331e-18
1.84617e-18
-8.62435e-19
-1.77096e-18
-5.07756e-18
2.4111e-17
2.10767e-17
2.35081e-17
-4.47224e-17
-2.26742e-17
3.30213e-18
3.90351e-18
4.52406e-18
3.73558e-18
2.99671e-18
5.02618e-18
1.79197e-18
-2.72517e-18
-1.41644e-17
-3.99148e-18
1.62701e-17
1.97196e-17
1.87097e-17
-3.1514e-17
-2.31865e-17
2.5494e-18
3.68527e-18
4.75969e-18
5.39997e-18
5.58461e-18
7.06782e-18
4.26775e-18
-2.00089e-18
-8.22954e-18
-2.06817e-18
1.15643e-17
1.77981e-17
1.83141e-17
-2.08017e-17
-2.18784e-17
2.49016e-18
2.28031e-18
1.51287e-18
-1.84752e-18
-1.51784e-18
-1.10293e-17
-1.22902e-17
6.27974e-18
-2.06148e-18
2.95469e-20
9.2779e-18
1.93453e-17
4.97307e-17
3.10518e-17
-1.60899e-17
6.52953e-18
4.93655e-18
4.9697e-18
1.22727e-18
6.3896e-19
2.77034e-18
-4.01186e-18
1.75516e-18
-6.14655e-19
6.99994e-19
7.41821e-18
1.86011e-17
4.46576e-17
6.85818e-17
-9.99528e-18
6.46798e-18
7.41563e-18
9.63406e-18
5.61812e-18
2.61768e-18
1.0711e-18
-2.07501e-18
-2.50205e-18
-1.21637e-17
-4.85962e-18
1.50867e-18
1.47544e-17
3.84189e-17
6.10599e-17
-3.52435e-17
4.81274e-18
4.81831e-18
3.35868e-18
3.07182e-18
4.56489e-18
1.11825e-17
2.82008e-18
-2.75756e-18
-1.28869e-17
-3.25731e-17
-3.08066e-17
2.85717e-18
2.7182e-17
1.56211e-17
-3.3595e-17
3.95403e-18
4.70106e-18
6.01512e-18
1.11204e-17
7.95418e-18
7.55891e-18
3.4091e-18
-1.86887e-18
-1.00641e-17
-2.25519e-17
-2.37759e-17
-2.95847e-18
1.94562e-17
1.1814e-17
-6.34499e-17
4.45731e-18
5.28805e-18
6.95604e-18
9.96429e-18
1.14296e-17
1.69613e-17
8.80949e-18
3.62146e-18
2.99361e-18
-1.29602e-17
-1.68989e-17
-1.86724e-18
4.40173e-17
1.47073e-17
-5.76293e-17
4.91373e-18
5.35325e-18
6.08612e-18
7.38096e-18
9.63251e-18
1.21691e-17
9.15347e-18
4.97696e-18
-1.20607e-18
-2.67628e-17
-1.77493e-17
-3.31379e-18
2.95436e-17
1.66092e-17
-5.22266e-17
6.85105e-18
7.56313e-18
9.85052e-18
1.54949e-17
1.3301e-17
1.25445e-17
1.20944e-17
1.59745e-17
3.57546e-18
-1.24637e-17
-1.32775e-17
-4.10046e-18
1.90428e-17
4.70436e-18
-4.88968e-17
2.46994e-18
5.79957e-18
8.85374e-18
1.21128e-17
1.24847e-17
1.22271e-17
1.1929e-17
1.19592e-17
5.80573e-18
-3.72702e-18
-7.6733e-18
9.86651e-20
5.00885e-17
5.85087e-17
-4.58296e-17
2.18582e-18
4.43602e-18
6.87275e-18
9.14314e-18
1.03483e-17
1.08246e-17
1.08245e-17
1.01948e-17
6.85094e-18
9.08779e-19
-3.9962e-18
-2.00206e-18
8.31508e-19
3.9678e-17
-1.10131e-16
1.84823e-18
2.95985e-18
4.8025e-18
6.72259e-18
7.99147e-18
8.71168e-18
8.82301e-18
7.93558e-18
5.38266e-18
1.94897e-18
-2.38206e-18
1.32477e-18
4.6471e-17
3.68234e-17
-1.05841e-16
2.49856e-18
6.3654e-18
4.32095e-18
8.52167e-19
2.77252e-18
3.95354e-18
2.73452e-18
-6.15707e-18
-1.78757e-17
-8.73359e-18
-5.70266e-18
-1.89097e-18
-3.85908e-18
2.0061e-17
-1.74145e-16
3.52316e-18
3.69535e-18
2.94752e-18
1.58241e-18
2.65082e-19
-3.44601e-18
-2.72539e-18
-6.08458e-18
-1.26254e-17
-1.13375e-17
-8.61985e-18
-4.63903e-18
-2.6624e-18
4.31756e-18
-2.38237e-16
4.35849e-18
5.8299e-18
8.41524e-18
6.01106e-18
3.16475e-18
-6.99838e-20
-2.48713e-18
-6.13176e-18
-1.23245e-17
-1.71107e-17
-1.52453e-17
-8.71876e-18
-4.44426e-18
-1.2622e-17
-2.98872e-16
6.03668e-18
8.52856e-18
1.25926e-17
1.02152e-17
6.68112e-18
2.41747e-18
-2.12532e-18
-6.72066e-18
-8.21803e-18
1.63965e-17
1.8112e-18
-3.75573e-18
-7.71807e-18
-2.73146e-17
-2.84646e-16
3.16566e-18
2.94655e-18
7.34138e-18
1.27271e-17
2.04774e-17
1.39462e-17
4.92233e-18
-2.65668e-18
-3.88278e-18
-4.81587e-18
-4.67423e-17
-1.70641e-17
-3.74597e-18
-4.10289e-17
-2.69349e-16
1.12291e-18
-2.39373e-18
-5.40224e-18
-1.30032e-17
-4.74954e-18
-1.52067e-17
-1.04878e-17
-1.58169e-17
-4.18366e-17
3.36153e-17
-7.60205e-18
-6.71113e-18
-5.49966e-17
-4.76539e-17
-2.48774e-16
1.11026e-17
2.62357e-17
2.31161e-17
2.48599e-17
-6.80177e-18
-1.51254e-17
-2.165e-17
-2.77998e-17
-4.3261e-17
-5.68993e-17
-8.30346e-17
-9.3214e-17
-7.35896e-17
-8.97161e-17
-1.54019e-16
-2.03631e-17
-2.65007e-17
-4.93987e-17
-7.0855e-17
-6.6316e-17
-3.26711e-17
1.10177e-17
-1.55939e-17
-3.84149e-17
-5.73344e-17
-7.15554e-17
-3.89084e-17
-6.4415e-17
-2.09722e-17
-1.25208e-16
1.42221e-17
-6.06745e-18
-2.39342e-17
-3.15283e-17
-1.1665e-17
5.53938e-18
2.10871e-18
-1.4524e-17
-3.44691e-17
-5.24496e-17
-6.27233e-17
-4.57763e-17
-4.92907e-17
1.01513e-16
-4.81835e-18
2.73232e-17
1.68419e-17
1.09205e-17
1.81368e-17
6.42103e-18
3.79324e-18
2.01266e-18
-1.19227e-17
-3.13052e-17
-4.86716e-17
-5.80008e-17
-4.72682e-17
2.71253e-18
1.03429e-16
3.15445e-17
3.5009e-17
3.01271e-17
2.62208e-17
2.44426e-17
1.9887e-17
1.68684e-17
-3.7224e-17
-2.25944e-17
-2.07987e-17
-3.33075e-17
-3.69549e-17
-1.1602e-18
-9.32231e-17
1.03485e-16
6.59916e-17
2.70437e-17
2.02963e-17
9.06564e-18
-1.01458e-17
-3.60734e-18
-6.27147e-18
-2.70677e-17
-4.26352e-17
-8.17329e-17
-5.12654e-17
-3.31823e-17
-6.24899e-18
-3.3311e-17
5.48651e-17
9.14546e-17
3.09293e-17
2.87819e-17
2.73414e-17
2.97458e-17
1.11726e-17
-5.22295e-18
-2.19162e-17
-3.4236e-17
-4.2182e-17
-2.50444e-17
-1.63161e-17
-1.07557e-17
-8.4269e-17
1.60928e-16
1.18116e-16
1.83575e-17
2.59361e-17
3.06385e-17
3.30786e-17
3.14974e-17
2.52789e-17
9.01115e-18
-2.50258e-17
-1.00967e-16
-1.10762e-16
-4.70571e-17
-3.57737e-17
-1.30696e-16
2.25041e-16
2.26412e-16
-1.39342e-17
-2.14453e-17
-9.47795e-18
-4.51215e-18
-5.03213e-17
-1.03368e-16
-1.29129e-16
-1.35299e-16
-1.01234e-16
-3.33893e-17
-4.06452e-17
-5.69975e-17
-1.4029e-16
-6.90499e-17
2.8775e-16
-1.05959e-17
-4.87287e-18
5.68278e-18
-1.15519e-17
-4.2262e-17
-7.72353e-17
-1.00886e-16
-1.00478e-16
-5.39388e-17
-9.97052e-17
-6.63124e-17
-6.92678e-17
-6.30358e-17
-2.31771e-16
2.42592e-16
-1.37252e-17
-2.01758e-17
-3.08496e-17
-5.4508e-17
-6.12674e-17
-7.6005e-17
-8.94073e-17
-9.12772e-17
-7.78896e-17
-8.7399e-17
-6.98546e-17
-4.57987e-17
5.80369e-17
-1.55547e-16
1.9769e-16
-1.3723e-17
-2.69866e-17
-4.63729e-17
-7.47473e-17
-7.39669e-17
-7.72206e-17
-8.26749e-17
-8.41839e-17
-7.93013e-17
-7.73763e-17
-6.49112e-17
-4.8473e-17
1.22748e-18
-1.2442e-16
1.53657e-16
-5.018e-17
-5.64472e-17
-6.80305e-17
-8.29928e-17
-9.24834e-17
-9.37973e-17
-8.64763e-17
-8.2717e-17
-7.97056e-17
-7.83616e-17
-7.03735e-17
-9.34649e-18
2.41267e-17
-5.59341e-17
1.17567e-16
-2.8953e-17
-2.38247e-17
-1.2702e-17
1.12855e-17
2.85381e-17
6.11303e-18
-7.64587e-17
-6.67471e-17
-5.27158e-17
-2.68655e-17
4.77851e-17
-1.24207e-16
-1.43171e-16
-1.69068e-16
1.71469e-16
)
;
    }
}


// ************************************************************************* //
