/*--------------------------------*- C++ -*----------------------------------*\
| =========                 |                                                 |
| \\      /  F ield         | OpenFOAM: The Open Source CFD Toolbox           |
|  \\    /   O peration     | Version:  2.4.x                                 |
|   \\  /    A nd           | Web:      www.OpenFOAM.org                      |
|    \\/     M anipulation  |                                                 |
\*---------------------------------------------------------------------------*/
FoamFile
{
    version     2.0;
    format      ascii;
    class       surfaceScalarField;
    location    "0.06";
    object      phi;
}
// * * * * * * * * * * * * * * * * * * * * * * * * * * * * * * * * * * * * * //

dimensions      [1 0 -1 0 0 0 0];

internalField   nonuniform List<scalar> 
2425
(
1.06635e-06
-1.55488e-08
1.03592e-06
3.0449e-08
9.77215e-07
5.87172e-08
9.10565e-07
6.66597e-08
8.44578e-07
6.59938e-08
7.82417e-07
6.21679e-08
7.28329e-07
5.40931e-08
6.78539e-07
4.97971e-08
6.32477e-07
4.60695e-08
5.87831e-07
4.46518e-08
5.47418e-07
4.04199e-08
5.12555e-07
3.48686e-08
4.7988e-07
3.26793e-08
4.51243e-07
2.86405e-08
4.24799e-07
2.64472e-08
4.0142e-07
2.33823e-08
3.80208e-07
2.12162e-08
3.6149e-07
1.87222e-08
3.44124e-07
1.73732e-08
3.28054e-07
1.60779e-08
3.13504e-07
1.45584e-08
2.99834e-07
1.36775e-08
2.87653e-07
1.21889e-08
2.7582e-07
1.18425e-08
2.6445e-07
1.13765e-08
2.53839e-07
1.06214e-08
2.44112e-07
9.73581e-09
2.34968e-07
9.15348e-09
2.26471e-07
8.51556e-09
2.18188e-07
8.27589e-09
2.10217e-07
8.00947e-09
2.01966e-07
8.22097e-09
1.93398e-07
8.53498e-09
1.83886e-07
9.71115e-09
1.72369e-07
1.16707e-08
1.55978e-07
1.62953e-08
1.34606e-07
2.20065e-08
1.18958e-07
2.1154e-08
1.19218e-07
1.84491e-08
1.46838e-07
1.48211e-08
1.861e-07
1.7452e-08
2.00733e-07
1.00819e-08
2.00057e-07
6.40946e-09
1.97032e-07
4.26992e-09
1.9431e-07
3.00627e-09
1.92356e-07
2.03261e-09
1.90919e-07
1.46723e-09
1.89944e-07
9.91173e-10
1.89199e-07
7.52866e-10
4.25388e-10
3.21216e-06
-7.53844e-08
3.07424e-06
1.68419e-07
2.8768e-06
2.56193e-07
2.67215e-06
2.7134e-07
2.47432e-06
2.63841e-07
2.29577e-06
2.40741e-07
2.13657e-06
2.13306e-07
1.98927e-06
1.97123e-07
1.84803e-06
1.8733e-07
1.71978e-06
1.7292e-07
1.60459e-06
1.55622e-07
1.50203e-06
1.37446e-07
1.40932e-06
1.25403e-07
1.32596e-06
1.1202e-07
1.25067e-06
1.0174e-07
1.18227e-06
9.17983e-08
1.12158e-06
8.1914e-08
1.06672e-06
7.36053e-08
1.01667e-06
6.74398e-08
9.705e-07
6.22731e-08
9.27688e-07
5.73938e-08
8.88235e-07
5.3154e-08
8.52261e-07
4.81877e-08
8.18623e-07
4.55106e-08
7.85617e-07
4.44018e-08
7.54644e-07
4.16276e-08
7.25959e-07
3.84412e-08
6.9927e-07
3.58756e-08
6.741e-07
3.37346e-08
6.49889e-07
3.24743e-08
6.26293e-07
3.17215e-08
6.02057e-07
3.23737e-08
5.7679e-07
3.37588e-08
5.48985e-07
3.80987e-08
5.15318e-07
4.57816e-08
4.67493e-07
6.38206e-08
4.05054e-07
8.63354e-08
3.60213e-07
8.24628e-08
3.6194e-07
7.27157e-08
4.43939e-07
6.04901e-08
5.60966e-07
7.01388e-08
6.03401e-07
4.14448e-08
6.00924e-07
2.5994e-08
5.91703e-07
1.72096e-08
5.835e-07
1.2058e-08
5.77601e-07
8.1644e-09
5.73283e-07
5.87689e-09
5.7034e-07
3.98119e-09
5.68101e-07
3.01766e-09
1.71039e-09
5.25945e-06
-8.03084e-08
4.91774e-06
5.102e-07
4.54332e-06
6.30665e-07
4.20026e-06
6.14455e-07
3.89416e-06
5.6998e-07
3.61969e-06
5.15243e-07
3.35763e-06
4.75391e-07
3.11537e-06
4.3941e-07
2.89971e-06
4.03025e-07
2.7068e-06
3.65861e-07
2.53357e-06
3.28883e-07
2.37838e-06
2.92661e-07
2.23888e-06
2.64932e-07
2.11253e-06
2.38385e-07
1.99782e-06
2.16469e-07
1.89377e-06
1.95866e-07
1.8006e-06
1.75112e-07
1.71633e-06
1.57894e-07
1.63887e-06
1.44937e-07
1.5671e-06
1.34084e-07
1.50063e-06
1.23902e-07
1.43914e-06
1.14678e-07
1.38292e-06
1.04457e-07
1.3318e-06
9.66719e-08
1.28169e-06
9.45561e-08
1.23255e-06
9.08187e-08
1.18691e-06
8.41196e-08
1.14435e-06
7.84904e-08
1.10421e-06
7.39558e-08
1.06543e-06
7.12458e-08
1.02762e-06
6.9719e-08
9.88742e-07
7.11239e-08
9.48064e-07
7.44195e-08
9.03266e-07
8.40269e-08
8.49028e-07
1.00807e-07
7.71805e-07
1.40895e-07
6.72583e-07
1.89883e-07
6.02668e-07
1.826e-07
6.07627e-07
1.60587e-07
7.44954e-07
1.37697e-07
9.38425e-07
1.57515e-07
1.00716e-06
9.39883e-08
1.00236e-06
5.88924e-08
9.86929e-07
3.87524e-08
9.73235e-07
2.71515e-08
9.63404e-07
1.83815e-08
9.56217e-07
1.32151e-08
9.51315e-07
8.96325e-09
9.47601e-07
6.77327e-09
3.82662e-09
6.93634e-06
3.4232e-07
6.23823e-06
1.2084e-06
5.70292e-06
1.16605e-06
5.27811e-06
1.03933e-06
4.88484e-06
9.633e-07
4.52426e-06
8.75858e-07
4.20875e-06
7.90935e-07
3.93077e-06
7.17435e-07
3.68199e-06
6.51851e-07
3.45872e-06
5.8917e-07
3.2581e-06
5.29537e-07
3.07658e-06
4.74229e-07
2.91086e-06
4.30683e-07
2.75948e-06
3.89803e-07
2.62145e-06
3.54515e-07
2.49579e-06
3.21554e-07
2.3821e-06
2.88834e-07
2.27786e-06
2.62176e-07
2.18124e-06
2.41596e-07
2.09147e-06
2.23908e-07
2.00805e-06
2.07378e-07
1.93062e-06
1.92158e-07
1.85979e-06
1.75339e-07
1.795e-06
1.6153e-07
1.73416e-06
1.55452e-07
1.67385e-06
1.51199e-07
1.61422e-06
1.43806e-07
1.55862e-06
1.34182e-07
1.50592e-06
1.26763e-07
1.45497e-06
1.22209e-07
1.40515e-06
1.19802e-07
1.35371e-06
1.22412e-07
1.29966e-06
1.28571e-07
1.23985e-06
1.45316e-07
1.16684e-06
1.75154e-07
1.06277e-06
2.45493e-07
9.32075e-07
3.29091e-07
8.42966e-07
3.17209e-07
8.54561e-07
2.82444e-07
1.05034e-06
2.46778e-07
1.31866e-06
2.77435e-07
1.41136e-06
1.66955e-07
1.40385e-06
1.04765e-07
1.38243e-06
6.8542e-08
1.36336e-06
4.81462e-08
1.34968e-06
3.25936e-08
1.3397e-06
2.3413e-08
1.33288e-06
1.58925e-08
1.32773e-06
1.19796e-08
6.75036e-09
7.1044e-06
2.70154e-06
6.2992e-06
2.01368e-06
5.88761e-06
1.5777e-06
5.49753e-06
1.42949e-06
5.16902e-06
1.29188e-06
4.87816e-06
1.16677e-06
4.61101e-06
1.05813e-06
4.36521e-06
9.63285e-07
4.13693e-06
8.80187e-07
3.92754e-06
7.98608e-07
3.73548e-06
7.21637e-07
3.55706e-06
6.52705e-07
3.39198e-06
5.95816e-07
3.23841e-06
5.4341e-07
3.09472e-06
4.98229e-07
2.96255e-06
4.53755e-07
2.84172e-06
4.09709e-07
2.72902e-06
3.74931e-07
2.62392e-06
3.46752e-07
2.52554e-06
3.22349e-07
2.43363e-06
2.99357e-07
2.34776e-06
2.78087e-07
2.26865e-06
2.54523e-07
2.19583e-06
2.34419e-07
2.1278e-06
2.23545e-07
2.06306e-06
2.16012e-07
1.99732e-06
2.09632e-07
1.93212e-06
1.99513e-07
1.87033e-06
1.88696e-07
1.8103e-06
1.82303e-07
1.75111e-06
1.79327e-07
1.68978e-06
1.83604e-07
1.62495e-06
1.93714e-07
1.55249e-06
2.19644e-07
1.46307e-06
2.67292e-07
1.33577e-06
3.74683e-07
1.18045e-06
4.96523e-07
1.07881e-06
4.80628e-07
1.1011e-06
4.25045e-07
1.36078e-06
3.90218e-07
1.70224e-06
4.2563e-07
1.81593e-06
2.58865e-07
1.80523e-06
1.6308e-07
1.77816e-06
1.06053e-07
1.75391e-06
7.47987e-08
1.73653e-06
5.06538e-08
1.72385e-06
3.63611e-08
1.71519e-06
2.46984e-08
1.70868e-06
1.85645e-08
1.04277e-08
3.30827e-06
-3.11907e-09
4.34744e-06
9.74565e-07
4.7e-06
1.2252e-06
4.76499e-06
1.3646e-06
4.72713e-06
1.32981e-06
4.63229e-06
1.26168e-06
4.50546e-06
1.18501e-06
4.36594e-06
1.10287e-06
4.22502e-06
1.02117e-06
4.08728e-06
9.36409e-07
3.95171e-06
8.57254e-07
3.81584e-06
7.88654e-07
3.67811e-06
7.33615e-07
3.53982e-06
6.8174e-07
3.40761e-06
6.30466e-07
3.28436e-06
5.7705e-07
3.16995e-06
5.2418e-07
3.06119e-06
4.83748e-07
2.95821e-06
4.49796e-07
2.8609e-06
4.19725e-07
2.76917e-06
3.91171e-07
2.68259e-06
3.64743e-07
2.60172e-06
3.35465e-07
2.52664e-06
3.09581e-07
2.45602e-06
2.94245e-07
2.38944e-06
2.82673e-07
2.32449e-06
2.74633e-07
2.25779e-06
2.66403e-07
2.19045e-06
2.56219e-07
2.12473e-06
2.4815e-07
2.05971e-06
2.44767e-07
1.99156e-06
2.51647e-07
1.91874e-06
2.67129e-07
1.8364e-06
3.04324e-07
1.73342e-06
3.74972e-07
1.58764e-06
5.26226e-07
1.41528e-06
6.87829e-07
1.30805e-06
6.69547e-07
1.34785e-06
5.93656e-07
1.67741e-06
5.67938e-07
2.08892e-06
5.97008e-07
2.22054e-06
3.67189e-07
2.20655e-06
2.32706e-07
2.17406e-06
1.50805e-07
2.14494e-06
1.0678e-07
2.12403e-06
7.23641e-08
2.10881e-06
5.19118e-08
2.0984e-06
3.52798e-08
2.09061e-06
2.64465e-08
1.48175e-08
1.51709e-06
-8.06822e-07
2.61719e-06
-1.25472e-07
3.33856e-06
5.03908e-07
3.76267e-06
9.40591e-07
3.98893e-06
1.10363e-06
4.09188e-06
1.1588e-06
4.12237e-06
1.15458e-06
4.10563e-06
1.11968e-06
4.06166e-06
1.0652e-06
4.00179e-06
9.96345e-07
3.92942e-06
9.2968e-07
3.84736e-06
8.70797e-07
3.76032e-06
8.20733e-07
3.66902e-06
7.73099e-07
3.57076e-06
7.28753e-07
3.46913e-06
6.7873e-07
3.37174e-06
6.21636e-07
3.27727e-06
5.78283e-07
3.18601e-06
5.41121e-07
3.09838e-06
5.07431e-07
3.01438e-06
4.7525e-07
2.93366e-06
4.45555e-07
2.85685e-06
4.12365e-07
2.78483e-06
3.81691e-07
2.71679e-06
3.62369e-07
2.65194e-06
3.4761e-07
2.58959e-06
3.3706e-07
2.52765e-06
3.28481e-07
2.46247e-06
3.21651e-07
2.39498e-06
3.15883e-07
2.32723e-06
3.13008e-07
2.2554e-06
3.23491e-07
2.17793e-06
3.45605e-07
2.08884e-06
3.9629e-07
1.9753e-06
4.94618e-07
1.81751e-06
6.94592e-07
1.63683e-06
8.96089e-07
1.53011e-06
8.80723e-07
1.59499e-06
7.84879e-07
2.00075e-06
7.72249e-07
2.47871e-06
7.84781e-07
2.62542e-06
4.88379e-07
2.60791e-06
3.12492e-07
2.57016e-06
2.02393e-07
2.53648e-06
1.43703e-07
2.51228e-06
9.74917e-08
2.49469e-06
6.98854e-08
2.48266e-06
4.75149e-08
2.47368e-06
3.55395e-08
1.98811e-08
9.367e-07
-9.20333e-07
1.58956e-06
-7.78256e-07
2.29687e-06
-2.03327e-07
2.84716e-06
3.90386e-07
3.22238e-06
7.28497e-07
3.46175e-06
9.19507e-07
3.61349e-06
1.0029e-06
3.70224e-06
1.031e-06
3.74975e-06
1.01775e-06
3.76812e-06
9.78041e-07
3.76214e-06
9.35726e-07
3.73799e-06
8.95034e-07
3.70137e-06
8.57427e-07
3.65568e-06
8.18848e-07
3.60368e-06
7.80786e-07
3.53961e-06
7.42838e-07
3.46671e-06
6.94584e-07
3.39357e-06
6.51477e-07
3.32031e-06
6.14436e-07
3.24764e-06
5.80174e-07
3.17606e-06
5.46919e-07
3.10608e-06
5.15632e-07
3.03794e-06
4.80616e-07
2.97315e-06
4.4658e-07
2.91193e-06
4.23696e-07
2.85299e-06
4.06658e-07
2.79582e-06
3.94345e-07
2.73986e-06
3.84618e-07
2.6821e-06
3.7953e-07
2.61925e-06
3.79153e-07
2.55228e-06
3.80586e-07
2.48e-06
3.96003e-07
2.401e-06
4.26145e-07
2.30824e-06
4.92479e-07
2.1876e-06
6.22992e-07
2.02257e-06
8.76005e-07
1.84219e-06
1.1112e-06
1.74488e-06
1.115e-06
1.84174e-06
9.83871e-07
2.33046e-06
1.0101e-06
2.87075e-06
9.8051e-07
3.03054e-06
6.17648e-07
3.00913e-06
4.0141e-07
2.96641e-06
2.60244e-07
2.92859e-06
1.85107e-07
2.90136e-06
1.25762e-07
2.88161e-06
9.00735e-08
2.86809e-06
6.12666e-08
2.85801e-06
4.57452e-08
2.55687e-08
7.96115e-07
-7.83478e-07
1.04992e-06
-1.032e-06
1.60087e-06
-7.54214e-07
2.14031e-06
-1.4899e-07
2.56223e-06
3.06652e-07
2.87612e-06
6.05686e-07
3.10289e-06
7.76192e-07
3.26597e-06
8.6798e-07
3.3831e-06
9.00682e-07
3.46453e-06
8.96678e-07
3.51549e-06
8.84824e-07
3.5434e-06
8.67198e-07
3.55377e-06
8.47128e-07
3.54994e-06
8.22724e-07
3.53545e-06
7.95292e-07
3.50891e-06
7.6944e-07
3.46917e-06
7.34354e-07
3.42112e-06
6.9957e-07
3.36976e-06
6.65838e-07
3.31637e-06
6.33623e-07
3.26203e-06
6.01348e-07
3.20737e-06
5.70403e-07
3.15218e-06
5.35945e-07
3.09868e-06
5.00208e-07
3.04778e-06
4.74733e-07
2.99801e-06
4.5658e-07
2.94915e-06
4.43386e-07
2.90053e-06
4.33495e-07
2.85074e-06
4.29556e-07
2.79681e-06
4.33498e-07
2.73564e-06
4.42503e-07
2.66598e-06
4.66306e-07
2.58868e-06
5.05674e-07
2.49509e-06
5.9015e-07
2.37058e-06
7.56702e-07
2.20439e-06
1.06439e-06
2.0343e-06
1.32998e-06
1.95222e-06
1.36374e-06
2.08904e-06
1.19498e-06
2.66633e-06
1.27808e-06
3.26558e-06
1.17326e-06
3.43548e-06
7.51367e-07
3.41019e-06
4.98085e-07
3.3628e-06
3.23792e-07
3.32131e-06
2.30476e-07
3.29135e-06
1.56866e-07
3.26967e-06
1.12247e-07
3.25481e-06
7.63863e-08
3.24374e-06
5.69548e-08
3.18229e-08
9.55342e-07
-6.96061e-07
9.7639e-07
-1.05301e-06
1.27446e-06
-1.05232e-06
1.6799e-06
-5.54411e-07
2.06821e-06
-8.16134e-08
2.39216e-06
2.81787e-07
2.65257e-06
5.15834e-07
2.85392e-06
6.66687e-07
3.00529e-06
7.49348e-07
3.11741e-06
7.84604e-07
3.20137e-06
8.00897e-07
3.26296e-06
8.05652e-07
3.30727e-06
8.0285e-07
3.33837e-06
7.91639e-07
3.36352e-06
7.70184e-07
3.37986e-06
7.53199e-07
3.37959e-06
7.34762e-07
3.36411e-06
7.15178e-07
3.34044e-06
6.89611e-07
3.31156e-06
6.62602e-07
3.27936e-06
6.33679e-07
3.2452e-06
6.04701e-07
3.20869e-06
5.72632e-07
3.17058e-06
5.38488e-07
3.1326e-06
5.12919e-07
3.09437e-06
4.95056e-07
3.05595e-06
4.82102e-07
3.01682e-06
4.7301e-07
2.97581e-06
4.71e-07
2.93162e-06
4.78351e-07
2.87945e-06
4.95349e-07
2.81614e-06
5.30878e-07
2.74315e-06
5.8166e-07
2.65049e-06
6.87968e-07
2.52503e-06
8.92319e-07
2.3647e-06
1.24871e-06
2.21378e-06
1.54532e-06
2.15275e-06
1.62835e-06
2.33805e-06
1.4111e-06
3.01004e-06
1.56786e-06
3.67045e-06
1.49191e-06
3.84059e-06
8.94064e-07
3.81115e-06
6.01558e-07
3.75938e-06
3.92522e-07
3.71472e-06
2.79256e-07
3.68236e-06
1.90477e-07
3.65897e-06
1.36166e-07
3.64294e-06
9.27176e-08
3.631e-06
6.9053e-08
3.85807e-08
1.81846e-06
-1.49279e-07
1.53197e-06
-7.66442e-07
1.41727e-06
-9.37738e-07
1.56874e-06
-7.05947e-07
1.85296e-06
-3.65846e-07
2.14913e-06
-1.43612e-08
2.41567e-06
2.49302e-07
2.64509e-06
4.37292e-07
2.8352e-06
5.59249e-07
2.98005e-06
6.39751e-07
3.08959e-06
6.91318e-07
3.17626e-06
7.18934e-07
3.24496e-06
7.34081e-07
3.29962e-06
7.36879e-07
3.34992e-06
7.19872e-07
3.39419e-06
7.08929e-07
3.42404e-06
7.04944e-07
3.43924e-06
6.99974e-07
3.44477e-06
6.84086e-07
3.44274e-06
6.64686e-07
3.43474e-06
6.41794e-07
3.42217e-06
6.17464e-07
3.40487e-06
5.9019e-07
3.38302e-06
5.6065e-07
3.35852e-06
5.3777e-07
3.33257e-06
5.21429e-07
3.30522e-06
5.10014e-07
3.27561e-06
5.03244e-07
3.24317e-06
5.04202e-07
3.20662e-06
5.15941e-07
3.1623e-06
5.4076e-07
3.10569e-06
5.89636e-07
3.03532e-06
6.56227e-07
2.9404e-06
7.90128e-07
2.81067e-06
1.03613e-06
2.65333e-06
1.44619e-06
2.5207e-06
1.76116e-06
2.48717e-06
1.91876e-06
2.74745e-06
1.6561e-06
3.56964e-06
1.91458e-06
4.32302e-06
1.81563e-06
4.50012e-06
1.0522e-06
4.46505e-06
7.16671e-07
4.40623e-06
4.69981e-07
4.3562e-06
3.33871e-07
4.31975e-06
2.2835e-07
4.29346e-06
1.63073e-07
4.27539e-06
1.11124e-07
4.26195e-06
8.26744e-08
4.61996e-08
2.75331e-06
3.35181e-08
2.41669e-06
-4.29659e-07
2.05723e-06
-5.78414e-07
1.9063e-06
-5.55205e-07
1.97189e-06
-4.31634e-07
2.16331e-06
-2.05886e-07
2.39664e-06
1.58881e-08
2.62856e-06
2.05291e-07
2.83628e-06
3.51423e-07
3.01847e-06
4.57455e-07
3.17456e-06
5.35077e-07
3.30541e-06
5.87896e-07
3.41524e-06
6.24004e-07
3.50704e-06
6.44792e-07
3.57749e-06
6.4915e-07
3.62886e-06
6.57089e-07
3.6717e-06
6.61687e-07
3.70926e-06
6.62182e-07
3.73922e-06
6.5402e-07
3.76158e-06
6.42328e-07
3.77701e-06
6.26522e-07
3.7866e-06
6.08169e-07
3.79002e-06
5.87219e-07
3.78725e-06
5.64011e-07
3.77989e-06
5.45826e-07
3.76938e-06
5.32822e-07
3.75596e-06
5.24501e-07
3.73872e-06
5.21672e-07
3.7169e-06
5.27493e-07
3.68941e-06
5.45253e-07
3.65332e-06
5.78812e-07
3.60315e-06
6.4349e-07
3.53413e-06
7.31324e-07
3.43347e-06
9.01662e-07
3.2989e-06
1.19425e-06
3.14307e-06
1.65839e-06
3.03196e-06
1.99669e-06
3.04113e-06
2.23417e-06
3.43264e-06
1.95024e-06
4.49531e-06
2.3151e-06
5.39205e-06
2.15315e-06
5.58387e-06
1.23494e-06
5.54067e-06
8.50374e-07
5.47093e-06
5.61107e-07
5.41226e-06
3.97906e-07
5.3692e-06
2.7311e-07
5.33817e-06
1.94852e-07
5.3168e-06
1.32917e-07
5.30092e-06
9.87769e-08
5.52156e-08
3.58292e-06
1.00077e-07
3.31563e-06
-1.62099e-07
2.99541e-06
-2.5827e-07
2.71262e-06
-2.72736e-07
2.53591e-06
-2.55365e-07
2.50289e-06
-1.7329e-07
2.58271e-06
-6.43837e-08
2.73094e-06
5.66208e-08
2.9082e-06
1.73696e-07
3.08831e-06
2.7689e-07
3.25514e-06
3.67667e-07
3.40449e-06
4.37894e-07
3.5385e-06
4.89276e-07
3.65638e-06
5.26141e-07
3.75639e-06
5.48308e-07
3.8427e-06
5.69899e-07
3.91717e-06
5.86412e-07
3.98254e-06
5.96184e-07
4.03846e-06
5.97756e-07
4.08569e-06
5.95089e-07
4.12506e-06
5.87491e-07
4.15748e-06
5.76452e-07
4.18293e-06
5.62819e-07
4.20201e-06
5.46277e-07
4.21668e-06
5.32556e-07
4.22762e-06
5.23544e-07
4.23405e-06
5.20021e-07
4.23544e-06
5.22566e-07
4.23034e-06
5.35213e-07
4.21649e-06
5.62213e-07
4.19223e-06
6.06734e-07
4.15196e-06
6.90263e-07
4.08615e-06
8.06473e-07
3.98309e-06
1.02208e-06
3.85159e-06
1.36268e-06
3.71089e-06
1.87894e-06
3.63398e-06
2.26287e-06
3.71727e-06
2.58097e-06
4.31907e-06
2.29814e-06
5.69312e-06
2.8096e-06
6.73473e-06
2.48783e-06
6.93411e-06
1.44366e-06
6.88245e-06
1.00221e-06
6.80102e-06
6.6665e-07
6.73336e-06
4.71757e-07
6.68321e-06
3.25271e-07
6.64706e-06
2.31921e-07
6.62208e-06
1.58414e-07
6.60357e-06
1.17574e-07
6.57417e-08
4.53373e-06
1.08122e-07
4.36396e-06
8.00243e-09
4.12654e-06
-2.09514e-08
3.87066e-06
-1.73395e-08
3.61454e-06
-1.35471e-10
3.40525e-06
3.48797e-08
3.2702e-06
6.92414e-08
3.22204e-06
1.03136e-07
3.24769e-06
1.46289e-07
3.32608e-06
1.96658e-07
3.43789e-06
2.53928e-07
3.56417e-06
3.09517e-07
3.69428e-06
3.57062e-07
3.81884e-06
3.9934e-07
3.93201e-06
4.32825e-07
4.03758e-06
4.62113e-07
4.13596e-06
4.8614e-07
4.22754e-06
5.03259e-07
4.31212e-06
5.12531e-07
4.39005e-06
5.17251e-07
4.46113e-06
5.1727e-07
4.52521e-06
5.13926e-07
4.58206e-06
5.08215e-07
4.63178e-06
4.99327e-07
4.67592e-06
4.91345e-07
4.71518e-06
4.87684e-07
4.74824e-06
4.90809e-07
4.77425e-06
5.00742e-07
4.79178e-06
5.22405e-07
4.79759e-06
5.61843e-07
4.78673e-06
6.24562e-07
4.7562e-06
7.31088e-07
4.69567e-06
8.82644e-07
4.59459e-06
1.15021e-06
4.47528e-06
1.54313e-06
4.37157e-06
2.10433e-06
4.35128e-06
2.56214e-06
4.5588e-06
2.96523e-06
5.48847e-06
2.73561e-06
7.2418e-06
3.31521e-06
8.41677e-06
2.78727e-06
8.61481e-06
1.67475e-06
8.55555e-06
1.16901e-06
8.46277e-06
7.85895e-07
8.38648e-06
5.55048e-07
8.32923e-06
3.84895e-07
8.28787e-06
2.74396e-07
8.25918e-06
1.87741e-07
8.23797e-06
1.39132e-07
7.78032e-08
5.66789e-06
9.87433e-08
5.56624e-06
1.10038e-07
5.40437e-06
1.40829e-07
5.21319e-06
1.73085e-07
5.00328e-06
2.08293e-07
4.78674e-06
2.48893e-07
4.57224e-06
2.80158e-07
4.37327e-06
2.97386e-07
4.20988e-06
3.04063e-07
4.09763e-06
3.02438e-07
4.04475e-06
3.0002e-07
4.05078e-06
2.96582e-07
4.0974e-06
3.03406e-07
4.16862e-06
3.21386e-07
4.25459e-06
3.40417e-07
4.34923e-06
3.61611e-07
4.4486e-06
3.82151e-07
4.54918e-06
3.99636e-07
4.64843e-06
4.12101e-07
4.74782e-06
4.18411e-07
4.84573e-06
4.21509e-07
4.93984e-06
4.23299e-07
5.02914e-06
4.23441e-07
5.11326e-06
4.20782e-07
5.19161e-06
4.18564e-07
5.2633e-06
4.22238e-07
5.32695e-06
4.33932e-07
5.3794e-06
4.55527e-07
5.41839e-06
4.90955e-07
5.44376e-06
5.45149e-07
5.45131e-06
6.2864e-07
5.43444e-06
7.64037e-07
5.38118e-06
9.6076e-07
5.29158e-06
1.2836e-06
5.18691e-06
1.7416e-06
5.12804e-06
2.35311e-06
5.20407e-06
2.89763e-06
5.64462e-06
3.3518e-06
7.07755e-06
3.26101e-06
9.26516e-06
3.92099e-06
1.05109e-05
3.0382e-06
1.07022e-05
1.91404e-06
1.06395e-05
1.34284e-06
1.05385e-05
9.14915e-07
1.04552e-05
6.4612e-07
1.03917e-05
4.51177e-07
1.03456e-05
3.21838e-07
1.03134e-05
2.20664e-07
1.02897e-05
1.63261e-07
9.12741e-08
7.06579e-06
8.98987e-08
7.00921e-06
1.67088e-07
6.91057e-06
2.3932e-07
6.77939e-06
3.03177e-07
6.62224e-06
3.62932e-07
6.45323e-06
4.13845e-07
6.27074e-06
4.56154e-07
6.06962e-06
4.88846e-07
5.85637e-06
5.04646e-07
5.63764e-06
5.05092e-07
5.42841e-06
4.9052e-07
5.24492e-06
4.58289e-07
5.10185e-06
4.23484e-07
5.0089e-06
3.91317e-07
4.9673e-06
3.60838e-07
4.97052e-06
3.40209e-07
5.01082e-06
3.28211e-07
5.08271e-06
3.19332e-07
5.17667e-06
3.14776e-07
5.28412e-06
3.11579e-07
5.39916e-06
3.10243e-07
5.51704e-06
3.11358e-07
5.63412e-06
3.13871e-07
5.74638e-06
3.17035e-07
5.85073e-06
3.23484e-07
5.94658e-06
3.36376e-07
6.0329e-06
3.57669e-07
6.10811e-06
3.90709e-07
6.16875e-06
4.40523e-07
6.21165e-06
5.14035e-07
6.23242e-06
6.2423e-07
6.22721e-06
7.95788e-07
6.18137e-06
1.04724e-06
6.10148e-06
1.43429e-06
6.01506e-06
1.9695e-06
6.02875e-06
2.64757e-06
6.26599e-06
3.29247e-06
7.13864e-06
3.73858e-06
9.2987e-06
3.94594e-06
1.18622e-05
4.33475e-06
1.31136e-05
3.19828e-06
1.32949e-05
2.14058e-06
1.32355e-05
1.51065e-06
1.31308e-05
1.04795e-06
1.30436e-05
7.4159e-07
1.29759e-05
5.21968e-07
1.29265e-05
3.72915e-07
1.28917e-05
2.56373e-07
1.28661e-05
1.89372e-07
1.05801e-07
8.81488e-06
8.40683e-08
8.78804e-06
1.94513e-07
8.73339e-06
2.93783e-07
8.65306e-06
3.82115e-07
8.54963e-06
4.63116e-07
8.42396e-06
5.33497e-07
8.27929e-06
5.90801e-07
8.12101e-06
6.33081e-07
7.9431e-06
6.61811e-07
7.74381e-06
6.77533e-07
7.52519e-06
6.74661e-07
7.28273e-06
6.55523e-07
7.02677e-06
6.25363e-07
6.77816e-06
5.79223e-07
6.55347e-06
5.22394e-07
6.3737e-06
4.60302e-07
6.25512e-06
3.97394e-07
6.2064e-06
3.35156e-07
6.21552e-06
2.85439e-07
6.26668e-06
2.49725e-07
6.34758e-06
2.25571e-07
6.44646e-06
2.13175e-07
6.55579e-06
2.07963e-07
6.66825e-06
2.09585e-07
6.77891e-06
2.18625e-07
6.88428e-06
2.37109e-07
6.98084e-06
2.6723e-07
7.06544e-06
3.12362e-07
7.13327e-06
3.80032e-07
7.18023e-06
4.78524e-07
7.20113e-06
6.23615e-07
7.19356e-06
8.43212e-07
7.14486e-06
1.16369e-06
7.05979e-06
1.63499e-06
7.00512e-06
2.24711e-06
7.16098e-06
2.99833e-06
7.7092e-06
3.74288e-06
9.31959e-06
4.20548e-06
1.24294e-05
4.71674e-06
1.52776e-05
4.81902e-06
1.63743e-05
3.32887e-06
1.65221e-05
2.35449e-06
1.64682e-05
1.66399e-06
1.63672e-05
1.1762e-06
1.62815e-05
8.35825e-07
1.62137e-05
5.93243e-07
1.61635e-05
4.25035e-07
1.61278e-05
2.9318e-07
1.61016e-05
2.16306e-07
1.20723e-07
1.10108e-05
7.86037e-08
1.10036e-05
2.02435e-07
1.09806e-05
3.16691e-07
1.09401e-05
4.21101e-07
1.0882e-05
5.17504e-07
1.08043e-05
6.04284e-07
1.07041e-05
6.78962e-07
1.05802e-05
7.37822e-07
1.04384e-05
7.77618e-07
1.02829e-05
7.98796e-07
1.01033e-05
8.04885e-07
9.88939e-06
8.01316e-07
9.65056e-06
7.7959e-07
9.38672e-06
7.37241e-07
9.10439e-06
6.83665e-07
8.83034e-06
6.05425e-07
8.58311e-06
5.15098e-07
8.38756e-06
4.15135e-07
8.25265e-06
3.24706e-07
8.17345e-06
2.517e-07
8.13974e-06
1.97182e-07
8.14078e-06
1.60851e-07
8.16745e-06
1.39445e-07
8.20905e-06
1.32926e-07
8.25859e-06
1.38948e-07
8.31039e-06
1.59573e-07
8.35937e-06
1.9666e-07
8.40069e-06
2.54759e-07
8.42855e-06
3.41889e-07
8.43719e-06
4.72415e-07
8.42355e-06
6.60694e-07
8.38906e-06
9.39927e-07
8.32095e-06
1.34431e-06
8.24884e-06
1.90194e-06
8.30748e-06
2.59309e-06
8.75305e-06
3.44973e-06
9.95676e-06
4.22732e-06
1.27814e-05
4.87691e-06
1.67479e-05
5.26626e-06
1.94727e-05
4.87656e-06
2.0373e-05
3.40253e-06
2.05233e-05
2.50106e-06
2.04896e-05
1.78218e-06
2.04056e-05
1.28498e-06
2.03304e-05
9.19562e-07
2.02688e-05
6.58702e-07
2.02222e-05
4.73941e-07
2.01886e-05
3.28214e-07
2.01634e-05
2.42215e-07
1.35114e-07
1.37664e-05
7.16835e-08
1.37736e-05
1.96327e-07
1.37748e-05
3.15756e-07
1.3766e-05
4.28584e-07
1.37452e-05
5.34689e-07
1.37103e-05
6.32023e-07
1.3661e-05
7.18236e-07
1.35914e-05
7.90277e-07
1.34964e-05
8.45062e-07
1.3372e-05
8.80592e-07
1.32185e-05
8.95153e-07
1.30475e-05
8.9231e-07
1.28518e-05
8.64833e-07
1.2634e-05
8.2325e-07
1.2391e-05
7.59552e-07
1.21248e-05
6.76768e-07
1.18398e-05
5.76883e-07
1.15573e-05
4.65625e-07
1.13008e-05
3.58205e-07
1.10798e-05
2.67745e-07
1.08962e-05
1.97531e-07
1.0747e-05
1.46134e-07
1.06293e-05
1.14003e-07
1.05362e-05
1.01375e-07
1.04625e-05
1.04517e-07
1.03993e-05
1.28019e-07
1.03428e-05
1.75159e-07
1.0286e-05
2.51441e-07
1.02222e-05
3.66064e-07
1.0148e-05
5.38979e-07
1.00664e-05
7.82617e-07
9.98445e-06
1.14027e-06
9.89889e-06
1.62365e-06
9.93062e-06
2.27486e-06
1.03049e-05
3.08227e-06
1.13993e-05
3.9583e-06
1.39451e-05
4.70627e-06
1.81567e-05
5.52828e-06
2.23903e-05
5.53957e-06
2.46266e-05
4.64781e-06
2.53304e-05
3.40499e-06
2.54981e-05
2.55438e-06
2.54965e-05
1.85013e-06
2.54454e-05
1.35729e-06
2.53924e-05
9.80952e-07
2.53458e-05
7.09569e-07
2.5309e-05
5.13443e-07
2.52818e-05
3.57186e-07
2.52609e-05
2.64079e-07
1.47285e-07
1.72235e-05
6.26745e-08
1.72424e-05
1.79156e-07
1.72634e-05
2.95608e-07
1.72828e-05
4.09638e-07
1.72971e-05
5.19156e-07
1.73034e-05
6.2169e-07
1.72989e-05
7.14321e-07
1.72799e-05
7.94058e-07
1.72413e-05
8.58155e-07
1.71768e-05
9.04205e-07
1.70813e-05
9.27724e-07
1.69538e-05
9.25915e-07
1.68068e-05
8.96444e-07
1.6647e-05
8.41609e-07
1.64537e-05
7.59183e-07
1.62091e-05
6.73758e-07
1.59165e-05
5.69807e-07
1.55843e-05
4.63164e-07
1.52379e-05
3.60052e-07
1.48949e-05
2.75129e-07
1.45664e-05
2.08987e-07
1.42587e-05
1.61763e-07
1.39765e-05
1.33149e-07
1.37208e-05
1.25878e-07
1.34881e-05
1.34858e-07
1.32747e-05
1.73428e-07
1.30779e-05
2.36856e-07
1.28932e-05
3.42977e-07
1.27194e-05
4.96831e-07
1.25585e-05
7.29153e-07
1.24321e-05
1.03919e-06
1.23499e-05
1.49081e-06
1.2382e-05
2.04606e-06
1.2818e-05
2.77366e-06
1.39648e-05
3.66667e-06
1.64727e-05
4.4434e-06
2.08272e-05
5.08301e-06
2.56056e-05
5.43104e-06
2.91557e-05
5.0542e-06
3.08265e-05
4.26017e-06
3.14559e-05
3.23052e-06
3.16713e-05
2.48762e-06
3.17316e-05
1.83799e-06
3.17343e-05
1.37211e-06
3.17189e-05
1.00448e-06
3.16993e-05
7.34048e-07
3.16809e-05
5.3494e-07
3.16662e-05
3.73989e-07
3.16538e-05
2.77681e-07
1.55057e-07
2.15622e-05
5.0945e-08
2.1592e-05
1.52258e-07
2.16309e-05
2.59179e-07
2.16742e-05
3.6815e-07
2.17182e-05
4.75627e-07
2.17601e-05
5.77995e-07
2.17975e-05
6.71646e-07
2.18273e-05
7.52964e-07
2.18469e-05
8.182e-07
2.18525e-05
8.64178e-07
2.18514e-05
8.87622e-07
2.18261e-05
8.83593e-07
2.17619e-05
8.54576e-07
2.1649e-05
7.95697e-07
2.14702e-05
7.12849e-07
2.12301e-05
6.14752e-07
2.09513e-05
5.11938e-07
2.06e-05
4.22964e-07
2.01896e-05
3.43494e-07
1.97471e-05
2.84377e-07
1.9292e-05
2.43036e-07
1.88384e-05
2.18967e-07
1.83958e-05
2.11314e-07
1.79738e-05
2.22574e-07
1.75945e-05
2.58515e-07
1.72472e-05
3.23105e-07
1.69348e-05
4.18378e-07
1.66626e-05
5.67197e-07
1.6442e-05
7.77506e-07
1.63076e-05
1.07642e-06
1.62785e-05
1.46482e-06
1.64415e-05
1.9807e-06
1.71041e-05
2.60906e-06
1.85475e-05
3.31773e-06
2.1222e-05
4.13838e-06
2.5526e-05
4.74757e-06
3.07538e-05
5.18713e-06
3.48024e-05
4.93023e-06
3.72099e-05
4.39236e-06
3.84784e-05
3.70441e-06
3.90663e-05
2.90199e-06
3.93626e-05
2.28126e-06
3.95086e-05
1.72495e-06
3.95862e-05
1.30912e-06
3.96262e-05
9.72612e-07
3.96475e-05
7.1823e-07
3.96583e-05
5.27926e-07
3.96636e-05
3.71191e-07
3.96658e-05
2.76883e-07
1.5459e-07
2.70073e-05
3.68249e-08
2.70456e-05
1.17878e-07
2.70985e-05
2.09902e-07
2.71623e-05
3.07752e-07
2.72338e-05
4.06721e-07
2.73109e-05
5.01998e-07
2.7392e-05
5.89216e-07
2.7476e-05
6.63278e-07
2.7569e-05
7.21006e-07
2.76626e-05
7.57727e-07
2.77508e-05
7.72384e-07
2.78233e-05
7.61402e-07
2.78653e-05
7.28827e-07
2.78522e-05
6.75753e-07
2.77597e-05
6.06674e-07
2.75848e-05
5.3127e-07
2.72915e-05
4.63665e-07
2.6885e-05
4.07865e-07
2.64212e-05
3.70653e-07
2.59095e-05
3.46498e-07
2.53753e-05
3.39807e-07
2.48428e-05
3.46139e-07
2.43271e-05
3.68542e-07
2.38441e-05
4.09651e-07
2.34041e-05
4.79702e-07
2.30283e-05
5.74404e-07
2.27555e-05
7.2134e-07
2.26057e-05
9.02487e-07
2.2609e-05
1.17663e-06
2.27906e-05
1.49978e-06
2.33504e-05
1.91602e-06
2.45139e-05
2.42792e-06
2.64718e-05
2.94534e-06
2.95139e-05
3.51871e-06
3.3563e-05
3.97766e-06
3.83426e-05
4.36092e-06
4.23828e-05
4.3422e-06
4.51544e-05
3.95022e-06
4.68753e-05
3.50529e-06
4.79368e-05
2.98401e-06
4.85614e-05
2.40736e-06
4.89641e-05
1.92912e-06
4.92197e-05
1.49213e-06
4.93919e-05
1.14977e-06
4.9506e-05
8.67209e-07
4.95835e-05
6.46992e-07
4.96355e-05
4.80403e-07
4.96693e-05
3.4042e-07
4.96929e-05
2.54997e-07
1.41983e-07
3.38421e-05
2.19628e-08
3.38868e-05
7.81263e-08
3.39522e-05
1.49606e-07
3.40361e-05
2.28927e-07
3.41372e-05
3.10548e-07
3.42571e-05
3.89613e-07
3.43932e-05
4.60584e-07
3.45449e-05
5.1815e-07
3.47107e-05
5.595e-07
3.48864e-05
5.81387e-07
3.5066e-05
5.8298e-07
3.52371e-05
5.6515e-07
3.53861e-05
5.30723e-07
3.55021e-05
4.88498e-07
3.55428e-05
4.46164e-07
3.54711e-05
4.21771e-07
3.52619e-05
4.25947e-07
3.4917e-05
4.4449e-07
3.44673e-05
4.66654e-07
3.39639e-05
4.86236e-07
3.34564e-05
5.05034e-07
3.29957e-05
5.37899e-07
3.25868e-05
5.84915e-07
3.22525e-05
6.51862e-07
3.20218e-05
7.44818e-07
3.19289e-05
8.56883e-07
3.2026e-05
1.01431e-06
3.23619e-05
1.20155e-06
3.29984e-05
1.44747e-06
3.41576e-05
1.71404e-06
3.58454e-05
2.05035e-06
3.82107e-05
2.36683e-06
4.15855e-05
2.69796e-06
4.54818e-05
2.95953e-06
4.93549e-05
3.12617e-06
5.2783e-05
3.19506e-06
5.54713e-05
3.04434e-06
5.73639e-05
2.77808e-06
5.87268e-05
2.47061e-06
5.9725e-05
2.12497e-06
6.04364e-05
1.75575e-06
6.09657e-05
1.42925e-06
6.1348e-05
1.12773e-06
6.16289e-05
8.8165e-07
6.18315e-05
6.74406e-07
6.19774e-05
5.0849e-07
6.20824e-05
3.80786e-07
6.21548e-05
2.71673e-07
6.22073e-05
2.04521e-07
1.12641e-07
4.24248e-05
7.586e-09
4.24741e-05
3.53092e-08
4.25547e-05
7.61002e-08
4.26664e-05
1.25092e-07
4.28083e-05
1.77351e-07
4.29783e-05
2.29338e-07
4.31747e-05
2.75151e-07
4.33977e-05
3.07003e-07
4.36452e-05
3.24581e-07
4.39118e-05
3.27076e-07
4.41955e-05
3.14858e-07
4.44821e-05
2.9008e-07
4.47578e-05
2.57541e-07
4.5003e-05
2.29971e-07
4.51896e-05
2.22604e-07
4.52866e-05
2.57813e-07
4.52643e-05
3.49865e-07
4.51324e-05
4.55576e-07
4.49456e-05
5.25484e-07
4.47552e-05
5.66812e-07
4.46044e-05
5.95377e-07
4.45254e-05
6.35132e-07
4.45538e-05
6.85984e-07
4.47292e-05
7.50464e-07
4.51038e-05
8.237e-07
4.57088e-05
9.0584e-07
4.65676e-05
9.91776e-07
4.78382e-05
1.10358e-06
4.95701e-05
1.20742e-06
5.179e-05
1.31884e-06
5.4441e-05
1.4363e-06
5.73897e-05
1.52347e-06
6.04404e-05
1.62528e-06
6.34042e-05
1.65256e-06
6.60858e-05
1.66372e-06
6.84317e-05
1.62939e-06
7.03572e-05
1.55464e-06
7.19392e-05
1.41511e-06
7.32344e-05
1.28041e-06
7.42989e-05
1.11334e-06
7.51459e-05
9.39932e-07
7.5821e-05
7.76333e-07
7.63423e-05
6.2394e-07
7.6744e-05
4.9435e-07
7.70476e-05
3.82357e-07
7.72743e-05
2.90643e-07
7.74422e-05
2.19368e-07
7.75601e-05
1.58172e-07
7.76462e-05
1.20954e-07
6.61869e-08
5.32001e-05
5.32432e-05
5.33275e-05
5.34615e-05
5.36485e-05
5.38888e-05
5.41765e-05
5.4499e-05
5.4844e-05
5.51951e-05
5.55379e-05
5.58599e-05
5.61532e-05
5.64218e-05
5.66844e-05
5.69839e-05
5.73794e-05
5.78918e-05
5.84961e-05
5.91759e-05
5.9934e-05
6.07951e-05
6.17834e-05
6.29241e-05
6.4227e-05
6.57087e-05
6.73706e-05
6.92287e-05
7.12344e-05
7.33485e-05
7.55266e-05
7.76921e-05
7.98304e-05
8.18607e-05
8.37816e-05
8.55729e-05
8.72296e-05
8.87117e-05
9.00324e-05
9.11754e-05
9.21416e-05
9.29413e-05
9.35855e-05
9.40972e-05
9.44936e-05
9.47951e-05
9.50225e-05
9.5186e-05
9.531e-05
)
;

boundaryField
{
    AXIS
    {
        type            empty;
        value           nonuniform 0();
    }
    OUTLET
    {
        type            calculated;
        value           nonuniform List<scalar> 
25
(
1.88776e-07
5.66824e-07
9.45499e-07
1.32483e-06
1.70502e-06
2.08625e-06
2.46865e-06
2.85237e-06
3.23753e-06
3.62429e-06
4.25439e-06
5.29198e-06
6.59313e-06
8.22602e-06
1.02764e-05
1.28518e-05
1.60869e-05
2.01493e-05
2.5249e-05
3.16464e-05
3.96667e-05
4.97061e-05
6.22373e-05
7.76934e-05
9.53772e-05
)
;
    }
    COFLOW
    {
        type            calculated;
        value           nonuniform List<scalar> 
15
(
-2.36492e-06
-2.9357e-06
-3.64901e-06
-4.5412e-06
-5.65781e-06
-7.05607e-06
-8.80797e-06
-1.10039e-05
-1.37577e-05
-1.72123e-05
-2.15475e-05
-2.69894e-05
-3.38224e-05
-4.24043e-05
-5.3185e-05
)
;
    }
    PILOT
    {
        type            calculated;
        value           nonuniform List<scalar> 5(-6.03569e-07 -7.13324e-07 -8.23138e-07 -9.32918e-07 -1.0427e-06);
    }
    FUEL
    {
        type            calculated;
        value           nonuniform List<scalar> 5(-1.05079e-06 -3.15229e-06 -5.25446e-06 -7.35886e-06 -9.4635e-06);
    }
    WALL
    {
        type            calculated;
        value           uniform 0;
    }
    front
    {
        type            wedge;
        value           nonuniform List<scalar> 
1250
(
1.21603e-20
3.30444e-20
4.9511e-20
6.52263e-20
9.15592e-20
6.15306e-20
1.78311e-19
3.37212e-19
6.22106e-19
1.29896e-18
1.13426e-19
3.23824e-19
5.84603e-19
1.01646e-18
1.34852e-18
2.31369e-19
6.44248e-19
1.25824e-18
2.18251e-18
1.05228e-18
1.69519e-19
3.60078e-19
6.22516e-19
8.70346e-19
8.48569e-19
7.80529e-21
-3.11538e-20
-4.01206e-19
-1.4084e-18
-2.25974e-19
-9.98536e-20
-2.32489e-19
-5.66991e-19
-9.69446e-19
-5.55585e-19
-8.58616e-20
-2.44197e-19
-4.19529e-19
-5.34799e-19
-4.37466e-19
-1.77126e-19
-3.7383e-19
-6.81328e-19
-9.66371e-19
-1.16335e-18
-1.2844e-20
-2.65962e-21
1.39951e-19
5.48497e-19
1.13802e-18
-1.37332e-19
-4.35064e-19
-1.03386e-18
-2.56863e-18
-5.76481e-18
-2.64941e-19
-6.08115e-19
-1.39809e-18
-2.75874e-18
-4.60322e-18
-3.82812e-19
-1.10592e-18
-2.03267e-18
-3.15705e-18
-4.1755e-18
-2.26181e-19
-4.57009e-19
-7.44535e-19
-1.11221e-18
-2.46384e-18
-4.22422e-19
-1.36158e-18
-3.2092e-18
-5.91723e-18
-4.27181e-18
-1.37747e-18
-2.9458e-18
-5.59264e-18
-7.93101e-18
-6.74416e-18
-2.40252e-19
-5.15209e-19
5.61436e-20
1.99451e-18
-1.56403e-18
-1.22638e-18
-2.27379e-18
-2.71919e-18
-2.18913e-18
-3.46153e-18
2.57319e-18
5.6763e-18
5.64569e-18
3.80162e-18
2.23691e-18
-1.16046e-17
-1.84794e-17
-1.4527e-17
-7.92067e-18
-6.37958e-18
-5.49633e-18
-8.37149e-18
-7.2341e-18
-1.06455e-18
-3.86825e-18
-1.65056e-18
-3.81049e-18
-3.69088e-18
-2.37232e-18
-4.36964e-18
-1.57067e-18
-3.04435e-18
-4.42401e-18
-3.81365e-18
1.83e-18
-7.19975e-19
-1.92521e-18
-2.83427e-18
-3.77141e-18
-5.60374e-18
-1.70765e-18
-3.7753e-18
-7.95572e-18
-1.29982e-17
-9.24447e-18
-1.40301e-18
-3.96456e-18
-6.72534e-18
-8.95626e-18
-8.02392e-18
-1.55247e-18
-3.3335e-18
-5.56081e-18
-7.01092e-18
-7.27945e-18
-1.02846e-18
-2.73684e-18
-4.37718e-18
-5.51504e-18
-5.90988e-18
-1.28193e-18
-2.60755e-18
-4.2898e-18
-5.22262e-18
-5.23122e-18
-4.86662e-19
-1.29371e-18
-1.89358e-18
-2.3192e-18
-3.39437e-18
-1.05378e-18
-2.32583e-18
-4.90037e-18
-7.58808e-18
-3.92199e-18
-1.29716e-18
-3.48457e-18
-6.04851e-18
-8.37136e-18
-8.81913e-18
-1.15655e-18
-2.28675e-18
-3.28995e-18
-3.58722e-18
-1.24084e-17
-2.35414e-19
-6.2183e-19
-1.04118e-18
-1.95428e-18
-5.21553e-18
-1.23438e-18
-3.45584e-18
-7.08345e-18
-1.20899e-17
-8.60658e-18
-2.49493e-18
-6.90568e-18
-1.07083e-17
-1.42519e-17
-1.61541e-17
6.36839e-18
1.16604e-17
9.78059e-18
6.9527e-18
7.73815e-18
1.30872e-18
3.26088e-18
3.1672e-18
1.99157e-18
3.86096e-18
-1.52292e-17
-2.7838e-17
-3.11623e-17
-3.17138e-17
-3.03181e-17
-7.77392e-18
-2.0892e-17
-3.04948e-17
-3.64753e-17
-3.90153e-17
-9.1256e-18
-2.53366e-17
-3.88116e-17
-4.80176e-17
-5.26933e-17
-6.95501e-18
-1.93575e-17
-3.04635e-17
-3.88446e-17
-4.3987e-17
-1.00597e-17
-2.64675e-17
-3.69817e-17
-4.21364e-17
-4.46433e-17
8.7577e-17
1.41023e-16
1.13814e-16
4.8564e-17
1.38882e-17
2.01341e-17
5.25625e-17
7.40582e-17
8.68612e-17
5.50134e-17
8.40503e-18
2.30843e-17
3.39093e-17
3.85447e-17
3.48339e-17
-2.19485e-19
-1.15016e-18
-5.25629e-18
-1.21443e-17
2.90596e-17
-3.5523e-18
-9.93668e-18
-1.556e-17
-1.92884e-17
-1.90446e-17
1.62495e-17
4.47154e-17
7.26943e-17
1.03005e-16
1.37553e-16
-1.03645e-16
-1.18615e-16
-1.15847e-16
-7.09247e-17
-7.72281e-18
1.92975e-19
6.21022e-19
1.2925e-18
8.59216e-19
1.63612e-19
1.9704e-18
1.73656e-18
1.53844e-18
1.02583e-18
5.13038e-19
1.66064e-18
1.60768e-18
1.40702e-18
1.08663e-18
7.28238e-19
1.51286e-18
2.06493e-18
2.60929e-18
1.84275e-18
1.15193e-18
1.15558e-18
9.9468e-19
2.8049e-21
-6.02067e-19
7.17258e-20
2.2787e-19
-2.87896e-19
-1.78283e-18
-2.22681e-18
-8.07302e-19
-4.30904e-19
-8.96705e-19
-1.89321e-18
-2.64987e-18
-1.37079e-18
-4.88444e-19
-8.7048e-19
-1.45852e-18
-1.89279e-18
-1.78812e-18
-1.26837e-18
-1.45967e-18
-1.73529e-18
-2.07765e-18
-2.56969e-18
8.82323e-19
4.82309e-19
-3.43606e-19
-1.05341e-18
-2.00392e-18
-4.4844e-18
-5.34074e-18
-4.07236e-18
-4.93705e-18
-3.57512e-18
-4.89036e-18
-5.34408e-18
-5.45896e-18
-6.78113e-18
-4.89621e-18
-4.7182e-18
-5.11937e-18
-5.45561e-18
-5.80307e-18
-5.02306e-18
-3.42092e-18
-3.85056e-18
-3.95984e-18
-4.29139e-18
-4.08551e-18
-3.93303e-18
-5.048e-18
-7.29077e-18
-6.13098e-18
-5.04395e-18
-5.96624e-18
-5.99081e-18
-5.88364e-18
-3.41587e-18
-3.75233e-18
-2.88895e-18
-2.44309e-18
-6.07983e-19
-1.49006e-18
-2.52863e-18
-4.04718e-18
-3.6098e-18
-2.62484e-18
-2.62126e-18
-2.84386e-18
1.808e-18
1.33744e-18
6.11063e-19
-1.91348e-19
-1.3437e-18
-9.06963e-18
-8.7957e-18
-6.56817e-18
-6.00341e-18
-3.65559e-18
-5.95093e-18
-5.15096e-18
-2.41384e-18
-3.75955e-18
-4.49297e-18
-4.7446e-18
-4.00411e-18
-3.11055e-18
-4.18294e-18
-4.95637e-18
-1.69057e-18
-3.7855e-18
-4.55191e-18
-1.80382e-18
-3.26252e-18
-3.87016e-18
-3.22291e-18
-2.85736e-18
-2.31876e-18
-2.83992e-18
-6.45863e-18
-5.92481e-18
-6.58893e-18
-4.77158e-18
-3.97631e-18
-6.96486e-18
-6.64061e-18
-6.71918e-18
-6.05575e-18
-5.01659e-18
-7.02973e-18
-6.56783e-18
-5.48302e-18
-3.18486e-18
-3.7573e-18
-5.53031e-18
-4.18767e-18
-1.47375e-18
2.49709e-18
1.44313e-18
-4.50444e-18
-3.17415e-18
-1.40096e-18
1.70421e-19
-2.24147e-19
-3.68823e-18
-2.97426e-18
-1.82378e-18
-1.48672e-18
-1.87447e-18
-1.42261e-18
-1.44574e-18
-3.17332e-18
-1.35217e-18
-4.49103e-19
-1.21108e-17
-1.18426e-17
-8.47545e-18
-5.30962e-18
-3.78426e-18
-1.13599e-17
-8.49311e-18
-3.84824e-18
-3.82325e-18
-3.76262e-18
-6.02098e-18
-5.24827e-18
-4.00724e-18
-4.35996e-18
-5.42416e-18
-7.69315e-18
-8.30443e-18
-9.48845e-18
-6.69301e-18
-3.8794e-18
-1.23241e-17
-8.53123e-18
-5.13193e-18
-4.13278e-18
-3.03184e-18
7.23823e-18
6.10932e-18
3.78194e-18
2.34996e-18
-3.93263e-19
4.52748e-18
3.91755e-18
2.59592e-18
2.57002e-18
2.48399e-18
-2.81057e-17
-2.45267e-17
-2.07687e-17
-1.51744e-17
-1.10906e-17
-3.87243e-17
-3.60613e-17
-3.15923e-17
-2.58077e-17
-1.97329e-17
-5.32828e-17
-5.05679e-17
-4.54742e-17
-3.89949e-17
-3.2185e-17
-4.58844e-17
-4.48921e-17
-4.15874e-17
-3.66231e-17
-3.06011e-17
-4.53096e-17
-4.44477e-17
-4.223e-17
-3.87194e-17
-3.37342e-17
-2.7607e-18
-8.75922e-18
-7.06166e-18
3.13802e-19
-1.16992e-17
3.29964e-17
1.97982e-17
1.27384e-17
9.63387e-18
8.12658e-18
2.97518e-17
2.47503e-17
2.00973e-17
1.52739e-17
1.06324e-17
1.84135e-17
4.54463e-18
-9.68821e-18
-1.5699e-18
4.32521e-18
-1.94148e-17
-1.83652e-17
-1.48549e-17
-8.28451e-18
-6.139e-19
1.37588e-16
1.1702e-16
8.07971e-17
5.92053e-17
4.83627e-17
2.65398e-17
4.07669e-17
4.3097e-17
4.05808e-17
3.62646e-17
3.73942e-20
-9.06102e-20
-2.39482e-19
-1.09168e-19
-1.83716e-20
-1.11717e-20
-9.63458e-20
-5.27848e-20
3.00153e-19
-1.71693e-18
-6.51583e-19
1.68262e-19
2.92363e-19
-1.25369e-18
1.2215e-18
5.74894e-20
-4.80114e-19
-1.42789e-18
-4.06309e-19
4.04147e-20
3.10115e-20
-4.5706e-19
-3.28263e-19
1.75069e-18
-2.53731e-18
-1.69642e-18
7.8676e-19
1.43205e-18
1.36993e-18
1.68922e-17
3.56131e-19
-5.59496e-21
-2.36505e-19
4.11402e-19
7.61921e-19
5.03214e-19
-1.31327e-18
-1.5079e-18
1.30817e-18
-1.80792e-19
1.25545e-18
2.26445e-18
3.2769e-18
6.20454e-18
-1.21514e-17
7.46421e-19
6.49459e-19
1.28204e-18
2.95549e-18
2.99882e-18
2.90401e-18
1.77642e-18
1.99189e-18
2.5669e-18
2.45917e-18
5.50405e-18
4.34486e-18
5.85156e-18
1.81361e-17
-2.97481e-18
6.34348e-19
1.72142e-18
5.34748e-18
1.43644e-17
8.25753e-18
7.98481e-18
5.56446e-18
7.04857e-18
4.7003e-18
4.75217e-18
8.00466e-18
6.37865e-18
8.13699e-18
2.42965e-17
-2.32262e-17
6.63932e-19
3.52907e-18
1.19844e-17
1.14678e-17
9.29223e-18
1.09863e-17
7.44149e-18
7.15602e-18
5.95784e-18
6.70949e-18
1.20473e-17
8.27523e-18
9.28e-18
1.68455e-17
-6.229e-17
1.12967e-19
2.1569e-18
4.68703e-18
3.93026e-20
5.86109e-18
8.27513e-18
7.40431e-18
7.06806e-18
6.63467e-18
7.54364e-18
1.19459e-17
9.17889e-18
9.82733e-18
1.17721e-17
-5.64089e-17
-2.27882e-18
-5.30912e-18
-6.08777e-18
-7.36607e-19
9.8752e-18
8.16168e-18
7.27195e-18
7.03004e-18
6.8835e-18
7.0035e-18
6.42365e-18
8.79028e-18
1.02001e-17
9.86016e-18
-5.13299e-17
-4.13798e-18
-8.63901e-18
-6.73582e-18
-2.27251e-18
4.68451e-18
6.43929e-18
6.84593e-18
7.07045e-18
7.14371e-18
6.38175e-18
6.39245e-18
8.48282e-18
1.09732e-17
1.38669e-17
-4.66102e-17
-3.34225e-18
-5.29877e-18
-5.13408e-18
-2.77902e-18
1.53716e-18
4.92551e-18
6.90367e-18
7.683e-18
8.18902e-18
4.63294e-18
5.51435e-18
7.84686e-18
1.21821e-17
3.57886e-17
-4.05929e-17
-3.47998e-18
-4.19329e-18
-4.31501e-18
-2.90426e-18
2.97515e-18
2.05564e-17
1.14939e-17
9.95435e-18
1.29573e-17
-2.05626e-18
3.20415e-18
6.02947e-18
9.64414e-18
5.33756e-17
-2.95385e-17
-3.90383e-18
-3.39034e-18
-1.80286e-18
3.72993e-18
4.8868e-18
1.32238e-17
1.1397e-17
9.77104e-18
8.23409e-18
-5.83258e-18
5.44924e-19
2.07888e-18
-7.55651e-18
6.3105e-17
-3.15224e-17
-4.49581e-18
-4.56549e-18
-5.23952e-18
4.20969e-18
5.65559e-18
1.00638e-17
1.02531e-17
8.88675e-18
6.18329e-18
-2.34592e-18
-1.01258e-18
-2.19663e-18
-2.08204e-17
4.98329e-17
1.10469e-17
-3.77223e-18
-3.38553e-18
-2.13989e-18
2.52943e-18
4.65287e-18
6.20091e-18
9.55146e-18
8.09456e-18
5.04169e-18
-9.85514e-19
-2.81689e-18
-5.40084e-18
-1.69263e-17
3.82212e-17
-6.90666e-17
-4.73026e-18
-5.46587e-18
-7.79107e-18
-6.44837e-18
1.92857e-18
1.71799e-17
-6.52464e-18
2.98094e-18
3.13346e-18
-1.82974e-18
-8.01557e-18
-1.09094e-17
-3.33973e-17
5.46406e-17
-5.1939e-20
-3.88111e-18
-3.53645e-18
-1.29884e-18
-2.24431e-18
2.63346e-18
1.22092e-17
2.07819e-18
2.59975e-18
1.34973e-18
-5.68874e-18
-3.05846e-17
-1.81434e-17
-2.7076e-17
1.2351e-17
5.08283e-18
-3.24992e-18
-4.11663e-18
-5.85195e-18
-3.79472e-18
-2.16397e-18
-8.72429e-18
-2.17393e-18
9.55077e-19
2.01081e-18
5.73985e-18
-2.37027e-17
-2.02257e-17
-2.00581e-17
4.06735e-17
1.50243e-17
-3.19984e-18
-3.76501e-18
-4.38327e-18
-3.56824e-18
-2.87791e-18
-5.02352e-18
-1.44172e-18
3.399e-18
1.84091e-17
5.55967e-18
-1.73703e-17
-1.9625e-17
-1.56964e-17
3.492e-17
2.16734e-17
-2.43195e-18
-3.52911e-18
-4.57251e-18
-5.28976e-18
-5.78318e-18
-8.27129e-18
-6.09604e-18
3.31714e-18
1.18905e-17
3.80148e-18
-1.30804e-17
-1.83267e-17
-1.46716e-17
2.8126e-17
2.37652e-17
-2.37191e-18
-2.12073e-18
-1.42047e-18
1.47885e-18
1.42918e-18
1.26878e-17
1.49848e-17
-8.48353e-18
4.02526e-18
1.06527e-18
-1.11899e-17
-2.11636e-17
-4.8449e-17
-2.09738e-17
1.87154e-17
-6.02687e-18
-4.76275e-18
-4.83205e-18
-1.46605e-18
-1.08603e-18
-4.4882e-18
4.68947e-18
-3.60567e-18
-2.97112e-19
-1.3342e-18
-1.03403e-17
-2.2063e-17
-4.73467e-17
-6.45656e-17
1.32684e-17
-6.02964e-18
-7.09109e-18
-9.34125e-18
-5.50679e-18
-2.5375e-18
-9.3451e-19
3.01454e-18
2.12632e-18
1.57164e-17
1.557e-18
-7.65062e-18
-2.04716e-17
-4.33593e-17
-6.12506e-17
3.99422e-17
-4.25597e-18
-4.30421e-18
-2.39136e-18
-2.50877e-18
-4.55789e-18
-1.33642e-17
-2.98081e-18
3.09975e-18
1.66212e-17
3.95887e-17
3.19211e-17
-8.8607e-18
-3.25761e-17
-1.47159e-17
3.74686e-17
-3.55241e-18
-4.38059e-18
-5.83246e-18
-1.16369e-17
-7.95536e-18
-7.53723e-18
-2.31652e-18
4.44922e-18
1.64507e-17
3.03898e-17
2.60351e-17
-1.49108e-18
-2.33665e-17
-1.19964e-17
6.58115e-17
-4.23833e-18
-5.3028e-18
-7.24326e-18
-1.06916e-17
-1.19987e-17
-1.84801e-17
-8.19688e-18
-1.60827e-18
-3.26737e-18
1.74921e-17
1.93458e-17
-1.38019e-18
-4.75787e-17
-1.43052e-17
6.103e-17
-4.20608e-18
-4.56902e-18
-5.55744e-18
-7.05689e-18
-9.72406e-18
-1.28674e-17
-8.00689e-18
-1.27678e-18
5.22502e-18
3.8579e-17
2.13708e-17
1.16322e-18
-3.17479e-17
-1.47727e-17
5.42639e-17
-7.93668e-18
-8.37352e-18
-1.03191e-17
-1.67028e-17
-1.35916e-17
-1.26508e-17
-1.1022e-17
-1.38894e-17
1.89575e-18
2.25402e-17
1.78915e-17
2.89995e-18
-2.03499e-17
-7.22154e-18
4.89539e-17
-3.02904e-18
-6.39064e-18
-9.59225e-18
-1.32765e-17
-1.33924e-17
-1.27376e-17
-1.16205e-17
-1.06724e-17
-7.83312e-19
1.19366e-17
1.19807e-17
-1.70243e-18
-5.25348e-17
-5.70165e-17
4.44891e-17
-2.32054e-18
-4.98015e-18
-7.98034e-18
-1.07049e-17
-1.19905e-17
-1.21142e-17
-1.1311e-17
-9.37149e-18
-3.13764e-18
4.89194e-18
6.91288e-18
2.99278e-19
-4.33723e-18
-3.81858e-17
1.10672e-16
-2.70671e-18
-4.62079e-18
-7.19651e-18
-1.04757e-17
-1.18455e-17
-1.2117e-17
-1.17772e-17
-1.04091e-17
-5.98631e-18
1.00441e-19
2.48816e-18
-3.76272e-18
-4.11261e-17
-3.42152e-17
1.04287e-16
-4.0197e-18
-9.65175e-18
-7.28149e-18
-2.71898e-18
-7.59536e-18
-1.0038e-17
-7.20368e-18
5.1208e-18
1.9956e-17
7.8992e-18
3.77867e-18
-6.34743e-19
-1.12346e-18
-1.98584e-17
1.68858e-16
-4.3383e-18
-5.70067e-18
-4.6597e-18
-2.85298e-18
-2.24646e-18
2.92637e-18
2.85166e-19
4.75814e-18
1.16255e-17
8.75776e-18
5.5659e-18
2.12148e-18
3.51267e-19
-4.75211e-18
2.40453e-16
-4.32264e-18
-6.14013e-18
-9.51455e-18
-5.75505e-18
-2.8003e-18
3.55403e-19
1.24801e-18
3.79083e-18
7.2928e-18
7.40638e-18
6.4596e-18
4.48462e-18
3.13019e-18
1.18619e-17
3.01514e-16
-7.45729e-18
-1.08968e-17
-1.54375e-17
-1.07908e-17
-6.17392e-18
-2.86699e-18
-8.09989e-19
7.28983e-19
-3.6507e-19
-1.78793e-17
-2.36293e-18
3.82316e-18
6.81622e-18
2.51574e-17
2.88401e-16
-5.9823e-19
3.17149e-19
-5.75652e-18
-9.72711e-18
-1.35304e-17
-9.07351e-18
-5.18627e-18
-2.60464e-18
-1.9163e-18
-4.83159e-18
2.47743e-17
1.08823e-17
3.93736e-18
3.64572e-17
2.75006e-16
-1.82992e-18
-9.75007e-19
-9.41841e-19
1.41798e-19
-1.37649e-18
2.7701e-18
8.95896e-19
2.77257e-18
1.37452e-17
-1.95356e-17
8.2575e-18
5.86725e-18
4.79767e-17
4.26347e-17
2.58958e-16
-3.12727e-18
-6.33585e-18
-5.78051e-18
-5.03856e-18
1.22183e-18
2.44994e-18
2.94653e-18
5.95343e-18
1.56804e-17
3.0448e-17
5.22762e-17
7.77292e-17
6.7216e-17
8.2691e-17
1.71097e-16
2.86513e-18
4.9393e-18
1.13731e-17
1.82676e-17
1.84764e-17
9.55332e-18
-7.7841e-18
1.77788e-18
1.80108e-17
3.81581e-17
5.78765e-17
3.69772e-17
6.1851e-17
2.5446e-17
1.51801e-16
-6.00754e-18
-6.77238e-19
5.2913e-18
9.60185e-18
5.11038e-18
-2.5203e-18
-2.54129e-18
6.34093e-18
2.33619e-17
4.33734e-17
5.78622e-17
4.6862e-17
5.45091e-17
-8.67806e-17
4.53843e-17
-1.41184e-17
-8.86805e-18
-5.17263e-18
-9.52387e-18
-2.48313e-18
-9.17736e-19
-2.8077e-18
7.91709e-18
2.69357e-17
4.63204e-17
5.92969e-17
5.42686e-17
9.46165e-18
-7.74814e-17
1.83414e-17
-2.70543e-17
-2.33994e-17
-2.08591e-17
-2.08624e-17
-1.72201e-17
-1.52385e-17
3.44501e-17
2.06686e-17
2.02026e-17
3.53059e-17
4.28724e-17
7.91498e-18
1.12826e-16
-7.48892e-17
-1.1146e-17
-2.50923e-17
-1.86447e-17
-7.85378e-18
1.02358e-17
4.13796e-18
5.8435e-18
2.57033e-17
4.22945e-17
8.69414e-17
5.82504e-17
4.40552e-17
1.94294e-17
5.26453e-17
-3.00016e-17
-3.87444e-17
-2.9858e-17
-2.70137e-17
-2.47722e-17
-2.78423e-17
-8.0158e-18
8.27235e-18
2.5465e-17
3.90111e-17
4.94615e-17
3.38714e-17
2.9249e-17
2.74689e-17
1.07414e-16
-1.16378e-16
-7.35347e-17
-1.99645e-17
-2.64602e-17
-3.00611e-17
-3.16084e-17
-2.95216e-17
-2.32104e-17
-7.0307e-18
2.61521e-17
9.85472e-17
1.2151e-16
5.96995e-17
5.01378e-17
1.56343e-16
-2.11229e-16
-1.95535e-16
1.02555e-17
1.78299e-17
6.68202e-18
1.17405e-18
4.60535e-17
9.70255e-17
1.23471e-16
1.36321e-16
1.0493e-16
4.04164e-17
4.74552e-17
6.05567e-17
1.40507e-16
4.51499e-17
-2.80438e-16
6.32465e-18
3.01248e-19
-1.07685e-17
6.25452e-18
3.68673e-17
7.24224e-17
9.77369e-17
9.87396e-17
5.03908e-17
1.01967e-16
6.72669e-17
6.77932e-17
6.30311e-17
1.9538e-16
-2.56819e-16
8.89184e-18
1.47656e-17
2.53255e-17
5.01974e-17
5.57453e-17
7.07689e-17
8.55237e-17
8.8666e-17
7.55791e-17
8.75327e-17
6.9638e-17
4.29174e-17
-6.78146e-17
1.38757e-16
-2.25676e-16
8.19663e-18
2.07773e-17
3.99475e-17
6.97439e-17
6.79458e-17
7.23562e-17
7.99742e-17
8.35329e-17
8.00015e-17
7.95596e-17
6.69474e-17
5.11529e-17
1.33134e-18
1.32835e-16
-1.90196e-16
4.689e-17
5.35373e-17
6.58597e-17
8.21274e-17
9.31194e-17
9.62022e-17
9.07657e-17
8.98119e-17
8.94704e-17
9.05098e-17
8.28969e-17
1.34292e-17
-4.37139e-17
3.09927e-17
-1.6008e-16
3.27911e-17
2.88071e-17
1.90306e-17
-2.39972e-18
-1.97752e-17
6.56435e-18
9.40589e-17
8.33772e-17
7.07872e-17
4.69964e-17
-2.81265e-17
1.37279e-16
1.50888e-16
1.7936e-16
-2.09661e-16
)
;
    }
    back
    {
        type            wedge;
        value           nonuniform List<scalar> 
1250
(
-1.21472e-20
-3.30146e-20
-4.9491e-20
-6.53487e-20
-9.1718e-20
-6.15457e-20
-1.78367e-19
-3.37275e-19
-6.22416e-19
-1.29926e-18
-1.13456e-19
-3.23936e-19
-5.84675e-19
-1.01685e-18
-1.34884e-18
-2.31402e-19
-6.44365e-19
-1.25833e-18
-2.18288e-18
-1.05256e-18
-1.69555e-19
-3.60183e-19
-6.22595e-19
-8.70643e-19
-8.48747e-19
-7.84488e-21
3.10494e-20
4.01118e-19
1.4081e-18
2.25763e-19
9.98344e-20
2.32411e-19
5.66891e-19
9.69199e-19
5.55454e-19
8.58309e-20
2.44106e-19
4.19454e-19
5.34525e-19
4.37245e-19
1.77114e-19
3.73767e-19
6.8127e-19
9.66171e-19
1.16321e-18
1.28147e-20
2.58001e-21
-1.40005e-19
-5.48687e-19
-1.13815e-18
1.37308e-19
4.34991e-19
1.0338e-18
2.56845e-18
5.76467e-18
2.64931e-19
6.08063e-19
1.39805e-18
2.75859e-18
4.60313e-18
3.82796e-19
1.10586e-18
2.03262e-18
3.15688e-18
4.17542e-18
2.26172e-19
4.56979e-19
7.44505e-19
1.11207e-18
2.46376e-18
4.22405e-19
1.36154e-18
3.20916e-18
5.91711e-18
4.27175e-18
1.37746e-18
2.94577e-18
5.59261e-18
7.93091e-18
6.74409e-18
2.40239e-19
5.15188e-19
-5.6176e-20
-1.99462e-18
1.56398e-18
1.22637e-18
2.27377e-18
2.71917e-18
2.18903e-18
3.46145e-18
-2.5732e-18
-5.67632e-18
-5.64572e-18
-3.80171e-18
-2.23696e-18
1.16046e-17
1.84793e-17
1.4527e-17
7.92058e-18
6.37952e-18
5.49633e-18
8.37147e-18
7.23408e-18
1.06447e-18
3.86821e-18
1.65055e-18
3.81047e-18
3.69086e-18
2.37225e-18
4.3696e-18
1.57067e-18
3.04433e-18
4.42399e-18
3.81358e-18
-1.83003e-18
7.19969e-19
1.92519e-18
2.83426e-18
3.77135e-18
5.6037e-18
1.70764e-18
3.77529e-18
7.9557e-18
1.29981e-17
9.24444e-18
1.40301e-18
3.96455e-18
6.72533e-18
8.95621e-18
8.0239e-18
1.55247e-18
3.33349e-18
5.5608e-18
7.01087e-18
7.27942e-18
1.02846e-18
2.73682e-18
4.37717e-18
5.51499e-18
5.90987e-18
1.28193e-18
2.60754e-18
4.28978e-18
5.22258e-18
5.23119e-18
4.86657e-19
1.2937e-18
1.89357e-18
2.31915e-18
3.39435e-18
1.05378e-18
2.32581e-18
4.90036e-18
7.58805e-18
3.92197e-18
1.29716e-18
3.48456e-18
6.04849e-18
8.37131e-18
8.81911e-18
1.15655e-18
2.28674e-18
3.28993e-18
3.58717e-18
1.24083e-17
2.3541e-19
6.21816e-19
1.04117e-18
1.95423e-18
5.21551e-18
1.23437e-18
3.45582e-18
7.08344e-18
1.20898e-17
8.60654e-18
2.49492e-18
6.90565e-18
1.07083e-17
1.42518e-17
1.61541e-17
-6.3684e-18
-1.16604e-17
-9.78062e-18
-6.95278e-18
-7.73823e-18
-1.30873e-18
-3.26092e-18
-3.16723e-18
-1.99167e-18
-3.86103e-18
1.52292e-17
2.7838e-17
3.11622e-17
3.17137e-17
3.0318e-17
7.77391e-18
2.0892e-17
3.04948e-17
3.64752e-17
3.90152e-17
9.12559e-18
2.53366e-17
3.88116e-17
4.80175e-17
5.26932e-17
6.955e-18
1.93575e-17
3.04635e-17
3.88446e-17
4.39869e-17
1.00597e-17
2.64675e-17
3.69816e-17
4.21364e-17
4.46433e-17
-8.7577e-17
-1.41023e-16
-1.13814e-16
-4.8564e-17
-1.38882e-17
-2.01341e-17
-5.25625e-17
-7.40582e-17
-8.68612e-17
-5.50134e-17
-8.40503e-18
-2.30843e-17
-3.39093e-17
-3.85448e-17
-3.48339e-17
2.19486e-19
1.15016e-18
5.25629e-18
1.21443e-17
-2.90596e-17
3.5523e-18
9.93668e-18
1.556e-17
1.92884e-17
1.90445e-17
-1.62495e-17
-4.47154e-17
-7.26943e-17
-1.03005e-16
-1.37553e-16
1.03645e-16
1.18615e-16
1.15847e-16
7.09247e-17
7.72281e-18
-1.92992e-19
-6.20982e-19
-1.29235e-18
-8.59129e-19
-1.63579e-19
-1.97046e-18
-1.73662e-18
-1.53833e-18
-1.02571e-18
-5.12957e-19
-1.66076e-18
-1.60786e-18
-1.40704e-18
-1.08654e-18
-7.28169e-19
-1.51294e-18
-2.0652e-18
-2.60942e-18
-1.84277e-18
-1.1519e-18
-1.1557e-18
-9.94956e-19
-2.95183e-21
6.02008e-19
-7.17341e-20
-2.27989e-19
2.87624e-19
1.78267e-18
2.2267e-18
8.07272e-19
4.3081e-19
8.96465e-19
1.89301e-18
2.64974e-18
1.37075e-18
4.88341e-19
8.70196e-19
1.45828e-18
1.89263e-18
1.78807e-18
1.26833e-18
1.45943e-18
1.73512e-18
2.07748e-18
2.56964e-18
-8.82355e-19
-4.82512e-19
3.43422e-19
1.05328e-18
2.00386e-18
4.48438e-18
5.34054e-18
4.07218e-18
4.93692e-18
3.57505e-18
4.89034e-18
5.34392e-18
5.45881e-18
6.781e-18
4.89615e-18
4.71815e-18
5.1192e-18
5.45545e-18
5.80294e-18
5.023e-18
3.42087e-18
3.85041e-18
3.95969e-18
4.29126e-18
4.08544e-18
3.933e-18
5.04784e-18
7.29065e-18
6.13087e-18
5.04391e-18
5.96623e-18
5.99067e-18
5.88354e-18
3.41577e-18
3.75228e-18
2.88891e-18
2.44296e-18
6.07844e-19
1.48997e-18
2.52859e-18
4.04717e-18
3.60967e-18
2.62474e-18
2.62117e-18
2.84382e-18
-1.80804e-18
-1.33756e-18
-6.11175e-19
1.91256e-19
1.34364e-18
9.06962e-18
8.79561e-18
6.56806e-18
6.00331e-18
3.65554e-18
5.9509e-18
5.15086e-18
2.41373e-18
3.75947e-18
4.49293e-18
4.74458e-18
4.00402e-18
3.11047e-18
4.18288e-18
4.95634e-18
1.69054e-18
3.78542e-18
4.55183e-18
1.80374e-18
3.26249e-18
3.87014e-18
3.22282e-18
2.85728e-18
2.31869e-18
2.83987e-18
6.45863e-18
5.92473e-18
6.58886e-18
4.77152e-18
3.97627e-18
6.96484e-18
6.64054e-18
6.71911e-18
6.05569e-18
5.01655e-18
7.02972e-18
6.56776e-18
5.48295e-18
3.18481e-18
3.75727e-18
5.5303e-18
4.18761e-18
1.47368e-18
-2.49715e-18
-1.44317e-18
4.50443e-18
3.17408e-18
1.40089e-18
-1.70476e-19
2.24118e-19
3.68822e-18
2.9742e-18
1.82372e-18
1.48666e-18
1.87444e-18
1.4226e-18
1.44568e-18
3.17327e-18
1.35212e-18
4.4908e-19
1.21108e-17
1.18425e-17
8.47538e-18
5.30956e-18
3.78422e-18
1.13599e-17
8.49305e-18
3.84816e-18
3.82319e-18
3.76259e-18
6.02096e-18
5.2482e-18
4.00715e-18
4.35989e-18
5.42413e-18
7.69313e-18
8.30434e-18
9.48837e-18
6.6929e-18
3.87933e-18
1.23241e-17
8.53109e-18
5.13178e-18
4.13262e-18
3.03179e-18
-7.23827e-18
-6.10948e-18
-3.78211e-18
-2.35014e-18
3.93193e-19
-4.5275e-18
-3.91773e-18
-2.59612e-18
-2.5702e-18
-2.48407e-18
2.81057e-17
2.45265e-17
2.07685e-17
1.51742e-17
1.10905e-17
3.87243e-17
3.60612e-17
3.15921e-17
2.58076e-17
1.97328e-17
5.32828e-17
5.05678e-17
4.54741e-17
3.89947e-17
3.2185e-17
4.58844e-17
4.4892e-17
4.15873e-17
3.6623e-17
3.0601e-17
4.53096e-17
4.44476e-17
4.22299e-17
3.87193e-17
3.37341e-17
2.7607e-18
8.75919e-18
7.06163e-18
-3.13835e-19
1.16992e-17
-3.29964e-17
-1.97982e-17
-1.27384e-17
-9.6339e-18
-8.12661e-18
-2.97518e-17
-2.47503e-17
-2.00973e-17
-1.52739e-17
-1.06324e-17
-1.84135e-17
-4.54464e-18
9.6882e-18
1.56988e-18
-4.32522e-18
1.94148e-17
1.83652e-17
1.48548e-17
8.2845e-18
6.13891e-19
-1.37588e-16
-1.1702e-16
-8.07971e-17
-5.92053e-17
-4.83627e-17
-2.65398e-17
-4.07669e-17
-4.3097e-17
-4.05808e-17
-3.62646e-17
-3.7379e-20
9.06172e-20
2.39468e-19
1.09178e-19
1.83442e-20
1.11562e-20
9.63425e-20
5.27797e-20
-3.00162e-19
1.71694e-18
6.51573e-19
-1.68266e-19
-2.92365e-19
1.25369e-18
-1.2215e-18
-5.74095e-20
4.80173e-19
1.42794e-18
4.06305e-19
-4.04388e-20
-3.10446e-20
4.5705e-19
3.28248e-19
-1.75072e-18
2.53732e-18
1.69639e-18
-7.86774e-19
-1.43207e-18
-1.36994e-18
-1.68922e-17
-3.56032e-19
5.65861e-21
2.36575e-19
-4.11412e-19
-7.61946e-19
-5.03252e-19
1.31325e-18
1.50788e-18
-1.30822e-18
1.80798e-19
-1.2555e-18
-2.26448e-18
-3.27692e-18
-6.20456e-18
1.21514e-17
-7.46339e-19
-6.49403e-19
-1.28197e-18
-2.9555e-18
-2.99885e-18
-2.90407e-18
-1.77644e-18
-1.99192e-18
-2.56695e-18
-2.45916e-18
-5.50414e-18
-4.34491e-18
-5.8516e-18
-1.81361e-17
2.97481e-18
-6.34317e-19
-1.72138e-18
-5.3474e-18
-1.43644e-17
-8.25756e-18
-7.98487e-18
-5.56448e-18
-7.0486e-18
-4.70037e-18
-4.75216e-18
-8.00477e-18
-6.37872e-18
-8.13705e-18
-2.42966e-17
2.32262e-17
-6.63942e-19
-3.52906e-18
-1.19843e-17
-1.14678e-17
-9.29226e-18
-1.09864e-17
-7.44152e-18
-7.15606e-18
-5.95793e-18
-6.70945e-18
-1.20474e-17
-8.2753e-18
-9.28007e-18
-1.68455e-17
6.229e-17
-1.12991e-19
-2.15691e-18
-4.68701e-18
-3.9306e-20
-5.86114e-18
-8.27521e-18
-7.40434e-18
-7.06808e-18
-6.63478e-18
-7.54362e-18
-1.1946e-17
-9.17897e-18
-9.82738e-18
-1.17721e-17
5.64089e-17
2.27877e-18
5.30909e-18
6.08776e-18
7.3661e-19
-9.87524e-18
-8.16175e-18
-7.27199e-18
-7.03008e-18
-6.88362e-18
-7.00347e-18
-6.42379e-18
-8.79036e-18
-1.02002e-17
-9.86022e-18
5.13299e-17
4.13793e-18
8.63896e-18
6.73578e-18
2.27252e-18
-4.68455e-18
-6.43938e-18
-6.84597e-18
-7.07049e-18
-7.14385e-18
-6.38176e-18
-6.39262e-18
-8.48292e-18
-1.09733e-17
-1.3867e-17
4.66102e-17
3.34218e-18
5.29871e-18
5.13401e-18
2.77904e-18
-1.5372e-18
-4.92558e-18
-6.9037e-18
-7.68306e-18
-8.18912e-18
-4.63291e-18
-5.51453e-18
-7.84697e-18
-1.21822e-17
-3.57886e-17
4.05929e-17
3.47989e-18
4.19322e-18
4.31492e-18
2.9043e-18
-2.9752e-18
-2.05565e-17
-1.14939e-17
-9.95441e-18
-1.29574e-17
2.05628e-18
-3.20435e-18
-6.02959e-18
-9.64425e-18
-5.33756e-17
2.95385e-17
3.90375e-18
3.39027e-18
1.80276e-18
-3.72989e-18
-4.88685e-18
-1.32239e-17
-1.1397e-17
-9.77108e-18
-8.23422e-18
5.83262e-18
-5.45082e-19
-2.07899e-18
7.55641e-18
-6.31051e-17
3.15224e-17
4.49573e-18
4.56543e-18
5.23941e-18
-4.20965e-18
-5.65564e-18
-1.00639e-17
-1.02531e-17
-8.8868e-18
-6.18341e-18
2.34594e-18
1.01239e-18
2.19654e-18
2.08204e-17
-4.98329e-17
-1.10469e-17
3.77216e-18
3.38546e-18
2.13977e-18
-2.52938e-18
-4.65294e-18
-6.20097e-18
-9.55148e-18
-8.09461e-18
-5.04182e-18
9.85527e-19
2.81672e-18
5.40074e-18
1.69262e-17
-3.82212e-17
6.90666e-17
4.73019e-18
5.46579e-18
7.79097e-18
6.44842e-18
-1.92863e-18
-1.718e-17
6.52462e-18
-2.98098e-18
-3.13357e-18
1.82975e-18
8.01542e-18
1.09093e-17
3.33973e-17
-5.46407e-17
5.19421e-20
3.88103e-18
3.53639e-18
1.29872e-18
2.24437e-18
-2.63353e-18
-1.22092e-17
-2.07821e-18
-2.59979e-18
-1.34983e-18
5.68875e-18
3.05845e-17
1.81433e-17
2.70759e-17
-1.23511e-17
-5.08283e-18
3.24986e-18
4.11658e-18
5.85182e-18
3.79478e-18
2.1639e-18
8.72424e-18
2.17392e-18
-9.55104e-19
-2.01088e-18
-5.73984e-18
2.37026e-17
2.02256e-17
2.0058e-17
-4.06736e-17
-1.50243e-17
3.19978e-18
3.76494e-18
4.38314e-18
3.56831e-18
2.87784e-18
5.02346e-18
1.44171e-18
-3.39903e-18
-1.84092e-17
-5.55965e-18
1.73702e-17
1.9625e-17
1.56963e-17
-3.49201e-17
-2.16734e-17
2.43189e-18
3.52905e-18
4.57239e-18
5.28982e-18
5.7831e-18
8.27122e-18
6.09603e-18
-3.31716e-18
-1.18906e-17
-3.80148e-18
1.30803e-17
1.83267e-17
1.46716e-17
-2.8126e-17
-2.37652e-17
2.37184e-18
2.12067e-18
1.42036e-18
-1.47881e-18
-1.42927e-18
-1.26879e-17
-1.49848e-17
8.48351e-18
-4.0253e-18
-1.06527e-18
1.11898e-17
2.11636e-17
4.8449e-17
2.09738e-17
-1.87154e-17
6.02681e-18
4.76268e-18
4.83194e-18
1.4661e-18
1.08594e-18
4.48813e-18
-4.68948e-18
3.60566e-18
2.97086e-19
1.33421e-18
1.03403e-17
2.2063e-17
4.73467e-17
6.45655e-17
-1.32684e-17
6.02958e-18
7.09104e-18
9.34114e-18
5.50684e-18
2.53743e-18
9.34432e-19
-3.01456e-18
-2.12633e-18
-1.57164e-17
-1.557e-18
7.65059e-18
2.04716e-17
4.33592e-17
6.12505e-17
-3.99422e-17
4.25592e-18
4.30417e-18
2.39125e-18
2.50884e-18
4.55779e-18
1.33641e-17
2.9808e-18
-3.09976e-18
-1.66213e-17
-3.95887e-17
-3.19211e-17
8.86066e-18
3.2576e-17
1.47157e-17
-3.74687e-17
3.55235e-18
4.38056e-18
5.83234e-18
1.1637e-17
7.95528e-18
7.53717e-18
2.31652e-18
-4.44923e-18
-1.64507e-17
-3.03898e-17
-2.60352e-17
1.49104e-18
2.33664e-17
1.19962e-17
-6.58115e-17
4.23828e-18
5.30275e-18
7.24317e-18
1.06916e-17
1.19986e-17
1.848e-17
8.19685e-18
1.60827e-18
3.26736e-18
-1.74921e-17
-1.93458e-17
1.38014e-18
4.75786e-17
1.43051e-17
-6.103e-17
4.20603e-18
4.56898e-18
5.55734e-18
7.05696e-18
9.72398e-18
1.28673e-17
8.00687e-18
1.27676e-18
-5.22504e-18
-3.8579e-17
-2.13708e-17
-1.16326e-18
3.17478e-17
1.47725e-17
-5.42639e-17
7.93663e-18
8.37348e-18
1.0319e-17
1.67029e-17
1.35916e-17
1.26507e-17
1.1022e-17
1.38894e-17
-1.89578e-18
-2.25402e-17
-1.78916e-17
-2.90002e-18
2.03497e-17
7.22136e-18
-4.89539e-17
3.02901e-18
6.39058e-18
9.59214e-18
1.32766e-17
1.33923e-17
1.27375e-17
1.16205e-17
1.06723e-17
7.83282e-19
-1.19366e-17
-1.19808e-17
1.70232e-18
5.25347e-17
5.70163e-17
-4.44891e-17
2.32049e-18
4.9801e-18
7.98023e-18
1.0705e-17
1.19904e-17
1.21141e-17
1.13109e-17
9.37147e-18
3.13759e-18
-4.89193e-18
-6.91299e-18
-2.99418e-19
4.33702e-18
3.81855e-17
-1.10672e-16
2.70666e-18
4.62074e-18
7.1964e-18
1.04757e-17
1.18454e-17
1.21169e-17
1.17772e-17
1.04091e-17
5.98623e-18
-1.00436e-19
-2.48834e-18
3.76257e-18
4.11258e-17
3.4215e-17
-1.04287e-16
4.01966e-18
9.6517e-18
7.28137e-18
2.71906e-18
7.59526e-18
1.00379e-17
7.20367e-18
-5.12084e-18
-1.99561e-17
-7.89919e-18
-3.77888e-18
6.34574e-19
1.12313e-18
1.98581e-17
-1.68858e-16
4.33825e-18
5.7006e-18
4.65958e-18
2.85307e-18
2.24633e-18
-2.92651e-18
-2.85214e-19
-4.75818e-18
-1.16257e-17
-8.75772e-18
-5.56617e-18
-2.12173e-18
-3.51646e-19
4.75177e-18
-2.40453e-16
4.32259e-18
6.14006e-18
9.51441e-18
5.75514e-18
2.80016e-18
-3.55586e-19
-1.24806e-18
-3.7909e-18
-7.29301e-18
-7.40633e-18
-6.46011e-18
-4.48504e-18
-3.13065e-18
-1.18623e-17
-3.01514e-16
7.45722e-18
1.08967e-17
1.54374e-17
1.07909e-17
6.17373e-18
2.86671e-18
8.09882e-19
-7.29096e-19
3.64738e-19
1.78794e-17
2.36234e-18
-3.82361e-18
-6.81663e-18
-2.51578e-17
-2.88401e-16
5.9815e-19
-3.17237e-19
5.75627e-18
9.72728e-18
1.35302e-17
9.07316e-18
5.18618e-18
2.60445e-18
1.91589e-18
4.83161e-18
-2.47751e-17
-1.08828e-17
-3.93788e-18
-3.64575e-17
-2.75006e-16
1.8298e-18
9.74869e-19
9.41508e-19
-1.41587e-19
1.3761e-18
-2.77057e-18
-8.96019e-19
-2.77279e-18
-1.37457e-17
1.95357e-17
-8.25841e-18
-5.8679e-18
-4.79772e-17
-4.2635e-17
-2.58958e-16
3.12712e-18
6.33565e-18
5.78012e-18
5.03889e-18
-1.22226e-18
-2.45056e-18
-2.94679e-18
-5.95373e-18
-1.56812e-17
-3.0448e-17
-5.22772e-17
-7.77299e-17
-6.72167e-17
-8.26913e-17
-1.71097e-16
-2.86532e-18
-4.93947e-18
-1.13735e-17
-1.82672e-17
-1.84769e-17
-9.55405e-18
7.78385e-18
-1.77814e-18
-1.80115e-17
-3.81581e-17
-5.78774e-17
-3.69777e-17
-6.18516e-17
-2.54463e-17
-1.51801e-16
6.00741e-18
6.77066e-19
-5.29178e-18
-9.6016e-18
-5.11087e-18
2.51961e-18
2.54102e-18
-6.34134e-18
-2.33628e-17
-4.33733e-17
-5.78632e-17
-4.68625e-17
-5.45094e-17
8.67803e-17
-4.53843e-17
1.41183e-17
8.86787e-18
5.17216e-18
9.5242e-18
2.48257e-18
9.16962e-19
2.80739e-18
-7.91741e-18
-2.69364e-17
-4.63203e-17
-5.92976e-17
-5.42691e-17
-9.46209e-18
7.74812e-17
-1.83414e-17
2.70541e-17
2.33992e-17
2.08586e-17
2.08626e-17
1.72197e-17
1.5238e-17
-3.44503e-17
-2.06689e-17
-2.02031e-17
-3.53058e-17
-4.28729e-17
-7.91532e-18
-1.12826e-16
7.4889e-17
1.1146e-17
2.50922e-17
1.86445e-17
7.85352e-18
-1.02356e-17
-4.13829e-18
-5.84388e-18
-2.57034e-17
-4.22947e-17
-8.69417e-17
-5.82503e-17
-4.40557e-17
-1.94297e-17
-5.26455e-17
3.00015e-17
3.87444e-17
2.9858e-17
2.70137e-17
2.47721e-17
2.78425e-17
8.01557e-18
-8.27263e-18
-2.54651e-17
-3.90112e-17
-4.94617e-17
-3.38713e-17
-2.92493e-17
-2.74691e-17
-1.07414e-16
1.16378e-16
7.35348e-17
1.99645e-17
2.64601e-17
3.0061e-17
3.16085e-17
2.95215e-17
2.32102e-17
7.03062e-18
-2.61522e-17
-9.85474e-17
-1.2151e-16
-5.96998e-17
-5.0138e-17
-1.56343e-16
2.11229e-16
1.95535e-16
-1.02555e-17
-1.78299e-17
-6.68211e-18
-1.174e-18
-4.60536e-17
-9.70257e-17
-1.23471e-16
-1.36321e-16
-1.0493e-16
-4.04164e-17
-4.74554e-17
-6.05568e-17
-1.40508e-16
-4.515e-17
2.80438e-16
-6.32467e-18
-3.01279e-19
1.07685e-17
-6.25449e-18
-3.68674e-17
-7.24225e-17
-9.77369e-17
-9.87397e-17
-5.03909e-17
-1.01967e-16
-6.7267e-17
-6.77933e-17
-6.30312e-17
-1.9538e-16
2.56819e-16
-8.89185e-18
-1.47656e-17
-2.53256e-17
-5.01974e-17
-5.57453e-17
-7.0769e-17
-8.55238e-17
-8.86661e-17
-7.55791e-17
-8.75327e-17
-6.96381e-17
-4.29175e-17
6.78146e-17
-1.38757e-16
2.25676e-16
-8.19664e-18
-2.07773e-17
-3.99475e-17
-6.97439e-17
-6.79459e-17
-7.23563e-17
-7.99742e-17
-8.35329e-17
-8.00015e-17
-7.95596e-17
-6.69475e-17
-5.11529e-17
-1.33138e-18
-1.32835e-16
1.90196e-16
-4.689e-17
-5.35373e-17
-6.58597e-17
-8.21274e-17
-9.31194e-17
-9.62022e-17
-9.07657e-17
-8.98119e-17
-8.94704e-17
-9.05098e-17
-8.28969e-17
-1.34293e-17
4.37138e-17
-3.09927e-17
1.6008e-16
-3.27911e-17
-2.88072e-17
-1.90306e-17
2.39973e-18
1.97751e-17
-6.56437e-18
-9.40589e-17
-8.33772e-17
-7.07873e-17
-4.69964e-17
2.81264e-17
-1.37279e-16
-1.50888e-16
-1.7936e-16
2.09661e-16
)
;
    }
}


// ************************************************************************* //
