/*--------------------------------*- C++ -*----------------------------------*\
| =========                 |                                                 |
| \\      /  F ield         | OpenFOAM: The Open Source CFD Toolbox           |
|  \\    /   O peration     | Version:  2.4.x                                 |
|   \\  /    A nd           | Web:      www.OpenFOAM.org                      |
|    \\/     M anipulation  |                                                 |
\*---------------------------------------------------------------------------*/
FoamFile
{
    version     2.0;
    format      ascii;
    class       volScalarField;
    location    "0.1";
    object      p;
}
// * * * * * * * * * * * * * * * * * * * * * * * * * * * * * * * * * * * * * //

dimensions      [1 -1 -2 0 0 0 0];

internalField   nonuniform List<scalar> 
1250
(
100115
100019
100008
100004
100003
100001
100001
100000
100000
99999.8
99999.6
100000
99999.6
99999.9
99999.5
99999.7
99999.4
99999.5
99999.4
99999.4
99999.5
99999.3
99999.3
99999.4
99999.4
99999.5
99999.4
99999.4
99999.3
99999.4
99999.3
99999.3
99999.3
99999.3
99999.3
99999.3
99999.4
99999.3
99999.4
99999.4
99999.4
99999.4
99999.4
99999.5
99999.5
99999.6
99999.6
100000
100000
100000
100112
100022
100007
100003
100001
100000
99999.7
99999.8
99999.7
99999.5
99999.4
99999.4
99999.4
99999.4
99999.3
99999.3
99999.3
99999.3
99999.3
99999.3
99999.3
99999.3
99999.3
99999.3
99999.3
99999.3
99999.3
99999.3
99999.3
99999.3
99999.3
99999.3
99999.3
99999.3
99999.3
99999.3
99999.3
99999.3
99999.3
99999.4
99999.4
99999.4
99999.4
99999.5
99999.5
99999.6
99999.6
100000
100000
100000
100124
100024
100007
100003
100001
100000
100000
100000
99999.9
99999.6
99999.5
99999.5
99999.5
99999.4
99999.4
99999.3
99999.3
99999.3
99999.4
99999.4
99999.3
99999.3
99999.3
99999.3
99999.3
99999.4
99999.4
99999.3
99999.3
99999.3
99999.3
99999.3
99999.3
99999.3
99999.3
99999.3
99999.3
99999.3
99999.3
99999.4
99999.4
99999.4
99999.4
99999.5
99999.5
99999.6
99999.6
100000
100000
100000
100160
100024
100005
100003
100001
100001
100000
100000
99999.8
99999.6
99999.5
99999.5
99999.5
99999.4
99999.4
99999.3
99999.3
99999.4
99999.4
99999.4
99999.3
99999.3
99999.3
99999.3
99999.3
99999.4
99999.4
99999.3
99999.3
99999.3
99999.3
99999.3
99999.3
99999.3
99999.3
99999.3
99999.3
99999.3
99999.3
99999.4
99999.4
99999.4
99999.4
99999.5
99999.5
99999.6
99999.6
99999.9
99999.9
100000
100182
100017
100003
100002
100001
100000
100000
100000
99999.8
99999.6
99999.5
99999.5
99999.5
99999.5
99999.4
99999.4
99999.3
99999.4
99999.4
99999.4
99999.3
99999.3
99999.3
99999.3
99999.3
99999.3
99999.4
99999.4
99999.3
99999.3
99999.3
99999.3
99999.3
99999.3
99999.3
99999.3
99999.3
99999.3
99999.3
99999.4
99999.4
99999.4
99999.4
99999.5
99999.5
99999.6
99999.6
99999.9
99999.9
100000
99980.4
99996.1
99999.3
100001
100000
100000
100000
99999.9
99999.7
99999.6
99999.5
99999.5
99999.5
99999.5
99999.4
99999.4
99999.4
99999.4
99999.4
99999.4
99999.4
99999.3
99999.3
99999.3
99999.3
99999.3
99999.3
99999.3
99999.3
99999.3
99999.3
99999.3
99999.3
99999.3
99999.3
99999.3
99999.3
99999.3
99999.3
99999.4
99999.4
99999.4
99999.4
99999.5
99999.5
99999.6
99999.6
99999.9
99999.9
100000
99982.6
99997.2
99999.2
100000
100000
100000
99999.9
99999.8
99999.7
99999.6
99999.6
99999.5
99999.5
99999.5
99999.5
99999.4
99999.4
99999.4
99999.4
99999.4
99999.4
99999.3
99999.3
99999.3
99999.3
99999.3
99999.3
99999.3
99999.3
99999.3
99999.3
99999.3
99999.3
99999.3
99999.3
99999.3
99999.3
99999.3
99999.3
99999.4
99999.4
99999.4
99999.4
99999.5
99999.5
99999.6
99999.6
99999.9
99999.9
100000
99991.3
99997.3
99998.6
99999.5
99999.7
99999.9
99999.8
99999.8
99999.7
99999.6
99999.6
99999.5
99999.5
99999.5
99999.4
99999.4
99999.4
99999.4
99999.4
99999.4
99999.4
99999.4
99999.3
99999.3
99999.3
99999.3
99999.3
99999.3
99999.3
99999.3
99999.3
99999.3
99999.3
99999.3
99999.3
99999.3
99999.3
99999.3
99999.3
99999.4
99999.4
99999.4
99999.4
99999.5
99999.5
99999.6
99999.6
99999.8
99999.8
100000
99994.3
99997.9
99998.8
99999.4
99999.6
99999.8
99999.8
99999.8
99999.7
99999.6
99999.6
99999.6
99999.5
99999.5
99999.5
99999.4
99999.4
99999.4
99999.4
99999.4
99999.4
99999.4
99999.3
99999.3
99999.3
99999.3
99999.3
99999.3
99999.3
99999.3
99999.3
99999.3
99999.3
99999.3
99999.3
99999.3
99999.3
99999.3
99999.3
99999.4
99999.4
99999.4
99999.4
99999.5
99999.5
99999.6
99999.6
99999.8
99999.8
100000
99996.5
99998.4
99999.2
99999.6
99999.7
99999.8
99999.8
99999.8
99999.7
99999.7
99999.6
99999.6
99999.5
99999.5
99999.5
99999.4
99999.4
99999.4
99999.4
99999.4
99999.4
99999.4
99999.3
99999.3
99999.3
99999.3
99999.3
99999.3
99999.3
99999.3
99999.3
99999.3
99999.3
99999.3
99999.3
99999.3
99999.3
99999.3
99999.3
99999.4
99999.4
99999.4
99999.4
99999.5
99999.5
99999.6
99999.6
99999.8
99999.7
100000
100002
99999.2
99999.7
99999.8
99999.8
99999.8
99999.8
99999.7
99999.7
99999.7
99999.6
99999.6
99999.5
99999.5
99999.5
99999.4
99999.4
99999.4
99999.4
99999.4
99999.4
99999.4
99999.3
99999.3
99999.3
99999.3
99999.3
99999.3
99999.3
99999.3
99999.3
99999.3
99999.3
99999.3
99999.3
99999.3
99999.3
99999.3
99999.3
99999.4
99999.4
99999.4
99999.4
99999.5
99999.5
99999.5
99999.6
99999.8
99999.7
100000
100002
99999.8
99999.9
100000
99999.9
99999.9
99999.8
99999.8
99999.7
99999.7
99999.6
99999.6
99999.5
99999.5
99999.5
99999.5
99999.5
99999.4
99999.4
99999.4
99999.4
99999.4
99999.4
99999.3
99999.3
99999.3
99999.3
99999.3
99999.3
99999.3
99999.3
99999.3
99999.3
99999.3
99999.3
99999.3
99999.3
99999.3
99999.3
99999.4
99999.4
99999.4
99999.4
99999.5
99999.5
99999.5
99999.6
99999.8
99999.6
100000
100001
100000
100000
100000
100000
100000
99999.9
99999.8
99999.7
99999.7
99999.6
99999.6
99999.6
99999.5
99999.5
99999.5
99999.5
99999.4
99999.4
99999.4
99999.4
99999.4
99999.4
99999.3
99999.3
99999.3
99999.3
99999.3
99999.3
99999.3
99999.3
99999.3
99999.3
99999.3
99999.3
99999.3
99999.3
99999.3
99999.3
99999.4
99999.4
99999.4
99999.4
99999.4
99999.5
99999.5
99999.5
99999.8
99999.6
100001
100001
100000
100000
100000
100000
100000
99999.9
99999.9
99999.8
99999.7
99999.7
99999.6
99999.6
99999.5
99999.5
99999.5
99999.5
99999.4
99999.4
99999.4
99999.4
99999.4
99999.4
99999.4
99999.3
99999.3
99999.3
99999.3
99999.3
99999.3
99999.3
99999.3
99999.3
99999.3
99999.3
99999.3
99999.3
99999.3
99999.3
99999.4
99999.4
99999.4
99999.4
99999.4
99999.5
99999.5
99999.5
99999.7
99999.5
100001
100000
100000
100000
100000
100000
99999.9
99999.9
99999.9
99999.8
99999.8
99999.7
99999.6
99999.6
99999.6
99999.5
99999.5
99999.5
99999.5
99999.4
99999.4
99999.4
99999.4
99999.4
99999.4
99999.3
99999.3
99999.3
99999.3
99999.3
99999.3
99999.3
99999.3
99999.3
99999.3
99999.3
99999.3
99999.3
99999.3
99999.3
99999.4
99999.4
99999.4
99999.4
99999.4
99999.5
99999.5
99999.5
99999.7
99999.4
100001
100000
100000
100000
99999.9
99999.9
99999.9
99999.9
99999.8
99999.8
99999.7
99999.7
99999.7
99999.6
99999.6
99999.5
99999.5
99999.5
99999.5
99999.4
99999.4
99999.4
99999.4
99999.4
99999.4
99999.4
99999.3
99999.3
99999.3
99999.3
99999.3
99999.3
99999.3
99999.3
99999.3
99999.3
99999.3
99999.3
99999.3
99999.3
99999.4
99999.4
99999.4
99999.4
99999.4
99999.4
99999.5
99999.5
99999.7
99999.3
100001
99999.9
99999.9
99999.9
99999.9
99999.9
99999.8
99999.8
99999.8
99999.8
99999.7
99999.7
99999.6
99999.6
99999.6
99999.6
99999.5
99999.5
99999.5
99999.5
99999.4
99999.4
99999.4
99999.4
99999.4
99999.4
99999.4
99999.3
99999.3
99999.3
99999.3
99999.3
99999.3
99999.3
99999.3
99999.3
99999.3
99999.3
99999.3
99999.3
99999.4
99999.4
99999.4
99999.4
99999.4
99999.4
99999.5
99999.4
99999.7
99999.3
100001
99999.8
99999.8
99999.8
99999.8
99999.8
99999.8
99999.8
99999.7
99999.7
99999.7
99999.7
99999.6
99999.6
99999.6
99999.5
99999.5
99999.5
99999.5
99999.5
99999.4
99999.4
99999.4
99999.4
99999.4
99999.4
99999.4
99999.3
99999.3
99999.3
99999.3
99999.3
99999.3
99999.3
99999.3
99999.3
99999.3
99999.3
99999.3
99999.3
99999.4
99999.4
99999.4
99999.4
99999.4
99999.4
99999.5
99999.4
99999.7
99999.2
100001
99999.8
99999.8
99999.8
99999.8
99999.7
99999.7
99999.7
99999.7
99999.7
99999.7
99999.6
99999.6
99999.6
99999.6
99999.5
99999.5
99999.5
99999.5
99999.5
99999.4
99999.4
99999.4
99999.4
99999.4
99999.4
99999.4
99999.4
99999.3
99999.3
99999.3
99999.3
99999.3
99999.3
99999.3
99999.3
99999.3
99999.3
99999.3
99999.3
99999.4
99999.4
99999.4
99999.4
99999.4
99999.4
99999.5
99999.4
99999.7
99999.1
100001
99999.7
99999.7
99999.7
99999.7
99999.7
99999.7
99999.7
99999.7
99999.6
99999.6
99999.6
99999.6
99999.6
99999.6
99999.5
99999.5
99999.5
99999.5
99999.5
99999.4
99999.4
99999.4
99999.4
99999.4
99999.4
99999.4
99999.4
99999.3
99999.3
99999.3
99999.3
99999.3
99999.3
99999.3
99999.3
99999.3
99999.3
99999.3
99999.3
99999.4
99999.3
99999.4
99999.4
99999.4
99999.4
99999.5
99999.3
99999.7
99999.1
100001
99999.7
99999.7
99999.7
99999.7
99999.7
99999.7
99999.6
99999.6
99999.6
99999.6
99999.6
99999.6
99999.6
99999.5
99999.5
99999.5
99999.5
99999.5
99999.4
99999.4
99999.4
99999.4
99999.4
99999.4
99999.4
99999.4
99999.3
99999.3
99999.3
99999.3
99999.3
99999.3
99999.3
99999.3
99999.3
99999.3
99999.3
99999.3
99999.3
99999.3
99999.3
99999.4
99999.4
99999.4
99999.4
99999.6
99999.3
99999.8
99999.1
100001
99999.7
99999.7
99999.7
99999.6
99999.6
99999.6
99999.6
99999.6
99999.6
99999.6
99999.6
99999.6
99999.5
99999.5
99999.5
99999.5
99999.5
99999.5
99999.4
99999.4
99999.4
99999.4
99999.4
99999.4
99999.4
99999.3
99999.3
99999.3
99999.3
99999.3
99999.3
99999.3
99999.3
99999.3
99999.3
99999.3
99999.3
99999.3
99999.3
99999.3
99999.3
99999.4
99999.4
99999.4
99999.4
99999.6
99999.5
100000
99999.2
100001
99999.6
99999.6
99999.6
99999.6
99999.6
99999.6
99999.6
99999.6
99999.6
99999.6
99999.6
99999.5
99999.5
99999.5
99999.5
99999.5
99999.5
99999.5
99999.4
99999.4
99999.4
99999.4
99999.4
99999.4
99999.4
99999.4
99999.3
99999.3
99999.3
99999.3
99999.3
99999.3
99999.3
99999.3
99999.3
99999.3
99999.3
99999.3
99999.3
99999.3
99999.4
99999.4
99999.4
99999.5
99999.5
99999.6
99999.5
100000
99999.5
100001
99999.6
99999.6
99999.6
99999.6
99999.6
99999.6
99999.6
99999.6
99999.6
99999.6
99999.6
99999.6
99999.5
99999.5
99999.5
99999.5
99999.5
99999.5
99999.4
99999.4
99999.4
99999.4
99999.4
99999.4
99999.4
99999.3
99999.3
99999.3
99999.3
99999.3
99999.3
99999.3
99999.3
99999.3
99999.3
99999.3
99999.3
99999.3
99999.3
99999.3
99999.3
99999.4
99999.4
99999.5
99999.5
99999.8
99999.6
100000
99999.4
100001
99999.6
99999.6
99999.6
99999.6
99999.6
99999.6
99999.6
99999.6
99999.6
99999.6
99999.6
99999.6
99999.6
99999.5
99999.5
99999.5
99999.5
99999.5
99999.5
99999.4
99999.4
99999.4
99999.4
99999.4
99999.4
99999.4
99999.3
99999.3
99999.3
99999.3
99999.3
99999.3
99999.3
99999.3
99999.3
99999.3
99999.3
99999.3
99999.3
99999.3
99999.3
99999.4
99999.4
99999.5
99999.4
99999.7
99999.5
100000
99999.4
100001
)
;

boundaryField
{
    AXIS
    {
        type            empty;
    }
    OUTLET
    {
        type            fixedValue;
        value           uniform 100000;
    }
    COFLOW
    {
        type            zeroGradient;
    }
    PILOT
    {
        type            zeroGradient;
    }
    FUEL
    {
        type            zeroGradient;
    }
    WALL
    {
        type            zeroGradient;
    }
    front
    {
        type            wedge;
    }
    back
    {
        type            wedge;
    }
}


// ************************************************************************* //
