/*--------------------------------*- C++ -*----------------------------------*\
| =========                 |                                                 |
| \\      /  F ield         | OpenFOAM: The Open Source CFD Toolbox           |
|  \\    /   O peration     | Version:  2.4.x                                 |
|   \\  /    A nd           | Web:      www.OpenFOAM.org                      |
|    \\/     M anipulation  |                                                 |
\*---------------------------------------------------------------------------*/
FoamFile
{
    version     2.0;
    format      ascii;
    class       surfaceScalarField;
    location    "0.1";
    object      phi;
}
// * * * * * * * * * * * * * * * * * * * * * * * * * * * * * * * * * * * * * //

dimensions      [1 0 -1 0 0 0 0];

internalField   nonuniform List<scalar> 
2425
(
1.06633e-06
-1.55498e-08
1.03587e-06
3.04561e-08
9.77156e-07
5.87183e-08
9.10514e-07
6.66416e-08
8.44525e-07
6.59887e-08
7.82363e-07
6.21618e-08
7.28264e-07
5.40972e-08
6.7844e-07
4.98224e-08
6.32366e-07
4.6073e-08
5.8766e-07
4.4706e-08
5.47187e-07
4.04722e-08
5.1231e-07
3.48755e-08
4.79642e-07
3.26675e-08
4.51046e-07
2.85973e-08
4.24612e-07
2.6434e-08
4.01286e-07
2.3327e-08
3.80097e-07
2.11884e-08
3.61337e-07
1.87585e-08
3.439e-07
1.7435e-08
3.27769e-07
1.61317e-08
3.13334e-07
1.44364e-08
2.99665e-07
1.36697e-08
2.87099e-07
1.25642e-08
2.75574e-07
1.15241e-08
2.64061e-07
1.15133e-08
2.53469e-07
1.05934e-08
2.43549e-07
9.91919e-09
2.34536e-07
9.01329e-09
2.2611e-07
8.4254e-09
2.18411e-07
7.70093e-09
2.11168e-07
7.2425e-09
2.04535e-07
6.63268e-09
1.98429e-07
6.10647e-09
1.92871e-07
5.55971e-09
1.87569e-07
5.30265e-09
1.82618e-07
4.95266e-09
1.78029e-07
4.59203e-09
1.73641e-07
4.39e-09
1.69558e-07
4.08687e-09
1.65623e-07
3.93752e-09
1.61892e-07
3.73185e-09
1.58306e-07
3.59258e-09
1.54796e-07
3.50596e-09
1.51239e-07
3.56249e-09
1.47564e-07
3.67823e-09
1.43619e-07
3.92533e-09
1.39359e-07
4.30538e-09
1.35032e-07
4.41196e-09
1.2576e-07
9.49506e-09
7.52774e-09
3.2121e-06
-7.53892e-08
3.07411e-06
1.6844e-07
2.87661e-06
2.56213e-07
2.67197e-06
2.71281e-07
2.47413e-06
2.63826e-07
2.29557e-06
2.40726e-07
2.13633e-06
2.1333e-07
1.98891e-06
1.97238e-07
1.84763e-06
1.87352e-07
1.71928e-06
1.73054e-07
1.60392e-06
1.55836e-07
1.50129e-06
1.37501e-07
1.40857e-06
1.25388e-07
1.32526e-06
1.11908e-07
1.25002e-06
1.01677e-07
1.18168e-06
9.16612e-08
1.12103e-06
8.18414e-08
1.0661e-06
7.36856e-08
1.01594e-06
6.75881e-08
9.69597e-07
6.24782e-08
9.26813e-07
5.72243e-08
8.87234e-07
5.32501e-08
8.50953e-07
4.88432e-08
8.17402e-07
4.50718e-08
7.84604e-07
4.43133e-08
7.53209e-07
4.1991e-08
7.24345e-07
3.87824e-08
6.9762e-07
3.57373e-08
6.73003e-07
3.3044e-08
6.50145e-07
3.05607e-08
6.2895e-07
2.84376e-08
6.09247e-07
2.63356e-08
5.91289e-07
2.40652e-08
5.74748e-07
2.21032e-08
5.59196e-07
2.08592e-08
5.44656e-07
1.94975e-08
5.30999e-07
1.8258e-08
5.18106e-07
1.72874e-08
5.05952e-07
1.62512e-08
4.94381e-07
1.55161e-08
4.8337e-07
1.47464e-08
4.72729e-07
1.42527e-08
4.62378e-07
1.3848e-08
4.5186e-07
1.40973e-08
4.40995e-07
1.45519e-08
4.29331e-07
1.55321e-08
4.16596e-07
1.71719e-08
4.03997e-07
1.72703e-08
3.76836e-07
3.74488e-08
2.95888e-08
5.25935e-06
-8.03354e-08
4.91755e-06
5.10234e-07
4.54298e-06
6.30779e-07
4.19991e-06
6.14352e-07
3.89376e-06
5.69978e-07
3.61926e-06
5.15226e-07
3.35712e-06
4.75459e-07
3.11468e-06
4.3967e-07
2.89896e-06
4.03075e-07
2.70598e-06
3.66027e-07
2.53245e-06
3.29364e-07
2.37712e-06
2.92825e-07
2.23757e-06
2.64936e-07
2.11122e-06
2.38269e-07
1.99661e-06
2.16283e-07
1.89255e-06
1.95725e-07
1.79936e-06
1.75037e-07
1.71509e-06
1.5795e-07
1.63755e-06
1.45124e-07
1.56558e-06
1.34445e-07
1.49887e-06
1.23942e-07
1.43714e-06
1.14984e-07
1.38053e-06
1.05451e-07
1.32905e-06
9.65456e-08
1.27914e-06
9.42319e-08
1.23003e-06
9.11053e-08
1.18408e-06
8.47284e-08
1.14151e-06
7.83026e-08
1.10214e-06
7.24176e-08
1.06555e-06
6.71542e-08
1.03157e-06
6.24243e-08
9.99982e-07
5.79208e-08
9.70971e-07
5.30745e-08
9.44349e-07
4.87305e-08
9.19453e-07
4.57632e-08
8.96077e-07
4.28826e-08
8.74117e-07
4.02331e-08
8.5337e-07
3.80441e-08
8.338e-07
3.58387e-08
8.15145e-07
3.41835e-08
7.97352e-07
3.25486e-08
7.80203e-07
3.1434e-08
7.63432e-07
3.06047e-08
7.46442e-07
3.11178e-08
7.28799e-07
3.22085e-08
7.09977e-07
3.42786e-08
6.89461e-07
3.79059e-08
6.68991e-07
3.82105e-08
6.24684e-07
8.31111e-08
6.53034e-08
6.93623e-06
3.4223e-07
6.23798e-06
1.20847e-06
5.70235e-06
1.1664e-06
5.27754e-06
1.03916e-06
4.8842e-06
9.63319e-07
4.52354e-06
8.75876e-07
4.20792e-06
7.91073e-07
3.92975e-06
7.17832e-07
3.68087e-06
6.51958e-07
3.4575e-06
5.89395e-07
3.25657e-06
5.30295e-07
3.07481e-06
4.74572e-07
2.90898e-06
4.30764e-07
2.75756e-06
3.89698e-07
2.61968e-06
3.54164e-07
2.49398e-06
3.21429e-07
2.38025e-06
2.88771e-07
2.27595e-06
2.62248e-07
2.17922e-06
2.41851e-07
2.08924e-06
2.24423e-07
2.00545e-06
2.07734e-07
1.92771e-06
1.9273e-07
1.85644e-06
1.76723e-07
1.79106e-06
1.6192e-07
1.73028e-06
1.55018e-07
1.6699e-06
1.51487e-07
1.60997e-06
1.44664e-07
1.55434e-06
1.33932e-07
1.50264e-06
1.24115e-07
1.45458e-06
1.15216e-07
1.40995e-06
1.07064e-07
1.3683e-06
9.95688e-08
1.32963e-06
9.17354e-08
1.29419e-06
8.41765e-08
1.26131e-06
7.86562e-08
1.23037e-06
7.38381e-08
1.20128e-06
6.93439e-08
1.17376e-06
6.55749e-08
1.14776e-06
6.18671e-08
1.12293e-06
5.90298e-08
1.09924e-06
5.62516e-08
1.07636e-06
5.43586e-08
1.05393e-06
5.30216e-08
1.03124e-06
5.38656e-08
1.00751e-06
5.59554e-08
9.8224e-07
5.94569e-08
9.54395e-07
6.60651e-08
9.26281e-07
6.71085e-08
8.66581e-07
1.44808e-07
1.1422e-07
7.10429e-06
2.70135e-06
6.29899e-06
2.01377e-06
5.887e-06
1.57837e-06
5.49673e-06
1.42943e-06
5.16814e-06
1.2919e-06
4.87714e-06
1.16687e-06
4.60984e-06
1.05837e-06
4.36385e-06
9.63812e-07
4.13543e-06
8.80377e-07
3.92593e-06
7.98891e-07
3.73359e-06
7.22629e-07
3.5549e-06
6.5325e-07
3.3896e-06
5.96073e-07
3.23595e-06
5.43354e-07
3.09241e-06
4.97701e-07
2.96017e-06
4.53662e-07
2.83927e-06
4.09678e-07
2.72651e-06
3.75011e-07
2.62125e-06
3.47107e-07
2.52263e-06
3.23041e-07
2.43028e-06
3.0009e-07
2.34396e-06
2.79055e-07
2.26425e-06
2.56437e-07
2.19057e-06
2.35596e-07
2.12169e-06
2.23898e-07
2.0568e-06
2.16385e-07
1.99128e-06
2.10181e-07
1.92605e-06
1.99164e-07
1.86548e-06
1.84686e-07
1.80896e-06
1.71744e-07
1.75616e-06
1.59865e-07
1.7068e-06
1.48918e-07
1.66047e-06
1.38064e-07
1.61779e-06
1.26861e-07
1.57868e-06
1.17776e-07
1.5419e-06
1.10639e-07
1.50722e-06
1.04047e-07
1.47434e-06
9.84728e-08
1.44318e-06
9.30587e-08
1.41342e-06
8.88126e-08
1.38499e-06
8.47117e-08
1.35743e-06
8.19662e-08
1.33031e-06
8.01394e-08
1.3029e-06
8.13513e-08
1.27395e-06
8.49382e-08
1.24335e-06
8.99845e-08
1.20896e-06
1.00888e-07
1.17358e-06
1.03565e-07
1.10057e-06
2.20523e-07
1.75205e-07
3.30821e-06
-3.30557e-09
4.34732e-06
9.74641e-07
4.69965e-06
1.22601e-06
4.76417e-06
1.3649e-06
4.72608e-06
1.32998e-06
4.63104e-06
1.26191e-06
4.50402e-06
1.18538e-06
4.36429e-06
1.10354e-06
4.22316e-06
1.0215e-06
4.08525e-06
9.36804e-07
3.94938e-06
8.58491e-07
3.81324e-06
7.89378e-07
3.67526e-06
7.34057e-07
3.53689e-06
6.81728e-07
3.40473e-06
6.29857e-07
3.28133e-06
5.77055e-07
3.16692e-06
5.24099e-07
3.05814e-06
4.83793e-07
2.955e-06
4.50239e-07
2.85737e-06
4.20676e-07
2.76504e-06
3.92419e-07
2.67786e-06
3.66241e-07
2.59618e-06
3.3812e-07
2.51995e-06
3.1182e-07
2.44822e-06
2.95632e-07
2.38077e-06
2.83847e-07
2.31594e-06
2.75009e-07
2.24962e-06
2.65482e-07
2.18358e-06
2.50735e-07
2.1219e-06
2.33421e-07
2.06437e-06
2.17392e-07
2.01032e-06
2.0296e-07
1.95921e-06
1.89171e-07
1.91116e-06
1.74906e-07
1.86705e-06
1.61904e-07
1.82636e-06
1.51353e-07
1.78786e-06
1.42577e-07
1.75126e-06
1.35093e-07
1.71656e-06
1.27799e-07
1.68331e-06
1.22094e-07
1.65146e-06
1.16598e-07
1.62048e-06
1.13017e-07
1.58982e-06
1.10806e-07
1.55887e-06
1.12409e-07
1.52571e-06
1.18146e-07
1.49104e-06
1.24657e-07
1.45108e-06
1.41424e-07
1.40906e-06
1.46887e-07
1.3253e-06
3.08319e-07
2.46111e-07
1.5169e-06
-8.069e-07
2.61681e-06
-1.253e-07
3.33805e-06
5.04746e-07
3.76176e-06
9.41168e-07
3.98772e-06
1.10402e-06
4.09039e-06
1.15924e-06
4.12065e-06
1.15511e-06
4.10368e-06
1.1205e-06
4.05945e-06
1.06572e-06
3.99923e-06
9.97025e-07
3.92659e-06
9.31123e-07
3.84432e-06
8.71643e-07
3.75701e-06
8.21364e-07
3.66564e-06
7.73104e-07
3.56749e-06
7.28001e-07
3.46557e-06
6.78953e-07
3.36814e-06
6.21541e-07
3.27366e-06
5.78284e-07
3.18218e-06
5.4172e-07
3.09422e-06
5.08626e-07
3.00969e-06
4.76957e-07
2.9281e-06
4.47827e-07
2.85013e-06
4.16097e-07
2.77678e-06
3.85167e-07
2.70748e-06
3.64937e-07
2.64146e-06
3.49874e-07
2.57873e-06
3.37737e-07
2.51686e-06
3.27365e-07
2.4531e-06
3.14491e-07
2.39005e-06
2.96471e-07
2.33083e-06
2.766e-07
2.27494e-06
2.58835e-07
2.22188e-06
2.42225e-07
2.17145e-06
2.25324e-07
2.12432e-06
2.09044e-07
2.08101e-06
1.9469e-07
2.04062e-06
1.83003e-07
2.0021e-06
1.73642e-07
1.96543e-06
1.64515e-07
1.93021e-06
1.57348e-07
1.8964e-06
1.5047e-07
1.86339e-06
1.46098e-07
1.83052e-06
1.43725e-07
1.79731e-06
1.45768e-07
1.76108e-06
1.54452e-07
1.72382e-06
1.62018e-07
1.67926e-06
1.86741e-07
1.63134e-06
1.96409e-07
1.53966e-06
4.05483e-07
3.25767e-07
9.36386e-07
-9.20164e-07
1.58891e-06
-7.77848e-07
2.29611e-06
-2.02487e-07
2.84606e-06
3.91205e-07
3.22094e-06
7.29124e-07
3.46e-06
9.20171e-07
3.61145e-06
1.00365e-06
3.69994e-06
1.032e-06
3.74704e-06
1.01861e-06
3.76501e-06
9.79054e-07
3.75891e-06
9.37213e-07
3.73456e-06
8.95982e-07
3.69772e-06
8.58207e-07
3.65195e-06
8.18878e-07
3.59997e-06
7.79961e-07
3.53565e-06
7.4325e-07
3.46284e-06
6.9436e-07
3.38971e-06
6.51431e-07
3.31631e-06
6.15119e-07
3.24316e-06
5.81761e-07
3.17079e-06
5.49334e-07
3.0998e-06
5.18816e-07
3.03015e-06
4.85746e-07
2.96362e-06
4.51697e-07
2.90096e-06
4.27594e-07
2.8408e-06
4.10039e-07
2.783e-06
3.95538e-07
2.72724e-06
3.83133e-07
2.67046e-06
3.71282e-07
2.6115e-06
3.55419e-07
2.55413e-06
3.33948e-07
2.4996e-06
3.13345e-07
2.44728e-06
2.94525e-07
2.39726e-06
2.7534e-07
2.34955e-06
2.56765e-07
2.30505e-06
2.39209e-07
2.2642e-06
2.23881e-07
2.22566e-06
2.12225e-07
2.18878e-06
2.01445e-07
2.15318e-06
1.93008e-07
2.11883e-06
1.84907e-07
2.08509e-06
1.79946e-07
2.05134e-06
1.77581e-07
2.01714e-06
1.80178e-07
1.97918e-06
1.9254e-07
1.94081e-06
2.00721e-07
1.89284e-06
2.35678e-07
1.84021e-06
2.51271e-07
1.74358e-06
5.10059e-07
4.12553e-07
7.95834e-07
-7.83091e-07
1.04917e-06
-1.03119e-06
1.59987e-06
-7.53195e-07
2.13892e-06
-1.47855e-07
2.5605e-06
3.07533e-07
2.87406e-06
6.06609e-07
3.1005e-06
7.772e-07
3.26327e-06
8.69222e-07
3.38e-06
9.01881e-07
3.46109e-06
8.97957e-07
3.51188e-06
8.86416e-07
3.53956e-06
8.68294e-07
3.54961e-06
8.48154e-07
3.54585e-06
8.22643e-07
3.53119e-06
7.94605e-07
3.50432e-06
7.70097e-07
3.46489e-06
7.33781e-07
3.4169e-06
6.99444e-07
3.36548e-06
6.66539e-07
3.31171e-06
6.35521e-07
3.2565e-06
6.04537e-07
3.20052e-06
5.74796e-07
3.14341e-06
5.42847e-07
3.08771e-06
5.07398e-07
3.03512e-06
4.80178e-07
2.98382e-06
4.61345e-07
2.93401e-06
4.45346e-07
2.88542e-06
4.31727e-07
2.83783e-06
4.18873e-07
2.78746e-06
4.05782e-07
2.73491e-06
3.8647e-07
2.68447e-06
3.6375e-07
2.63567e-06
3.43296e-07
2.5886e-06
3.22396e-07
2.54334e-06
3.02025e-07
2.49974e-06
2.82835e-07
2.45918e-06
2.64483e-07
2.42193e-06
2.49527e-07
2.38639e-06
2.37058e-07
2.35184e-06
2.27645e-07
2.31843e-06
2.18436e-07
2.28554e-06
2.12985e-07
2.25239e-06
2.10913e-07
2.21868e-06
2.14177e-07
2.18022e-06
2.31253e-07
2.14206e-06
2.39465e-07
2.09203e-06
2.86964e-07
2.03601e-06
3.1024e-07
1.93761e-06
6.18358e-07
5.02671e-07
9.55027e-07
-6.95414e-07
9.75513e-07
-1.05165e-06
1.27317e-06
-1.05083e-06
1.67814e-06
-5.52825e-07
2.06612e-06
-8.04419e-08
2.38971e-06
2.83005e-07
2.64975e-06
5.17156e-07
2.85077e-06
6.68202e-07
3.0018e-06
7.50842e-07
3.11367e-06
7.86081e-07
3.19745e-06
8.02622e-07
3.25878e-06
8.06969e-07
3.30267e-06
8.04257e-07
3.33352e-06
7.91789e-07
3.35747e-06
7.70646e-07
3.37177e-06
7.55756e-07
3.37109e-06
7.3446e-07
3.35581e-06
7.14734e-07
3.33258e-06
6.89773e-07
3.30398e-06
6.64106e-07
3.27139e-06
6.37123e-07
3.23625e-06
6.09931e-07
3.1984e-06
5.80687e-07
3.15834e-06
5.47444e-07
3.11801e-06
5.20503e-07
3.07771e-06
5.01638e-07
3.0379e-06
4.85148e-07
2.99856e-06
4.71052e-07
2.95946e-06
4.57959e-07
2.9192e-06
4.46023e-07
2.87625e-06
4.29372e-07
2.83227e-06
4.07671e-07
2.78914e-06
3.86391e-07
2.74697e-06
3.64546e-07
2.70602e-06
3.4298e-07
2.66639e-06
3.22497e-07
2.62803e-06
3.02896e-07
2.59233e-06
2.85334e-07
2.55927e-06
2.70213e-07
2.5273e-06
2.59747e-07
2.49629e-06
2.49623e-07
2.46561e-06
2.43893e-07
2.4342e-06
2.4263e-07
2.40193e-06
2.46864e-07
2.36434e-06
2.69325e-07
2.32745e-06
2.77313e-07
2.27662e-06
3.39431e-07
2.21913e-06
3.71801e-07
2.12155e-06
7.29081e-07
5.9883e-07
1.81773e-06
-1.48234e-07
1.53068e-06
-7.64549e-07
1.41542e-06
-9.35499e-07
1.56632e-06
-7.03692e-07
1.85019e-06
-3.64289e-07
2.14599e-06
-1.27964e-08
2.41208e-06
2.51064e-07
2.64109e-06
4.39186e-07
2.83085e-06
5.61082e-07
2.97559e-06
6.41335e-07
3.08522e-06
6.92994e-07
3.17188e-06
7.20301e-07
3.24052e-06
7.35613e-07
3.29469e-06
7.37618e-07
3.34382e-06
7.21505e-07
3.38661e-06
7.12945e-07
3.41666e-06
7.04396e-07
3.43254e-06
6.98861e-07
3.4379e-06
6.84403e-07
3.43522e-06
6.66772e-07
3.42589e-06
6.46441e-07
3.41147e-06
6.24344e-07
3.39217e-06
5.99968e-07
3.36767e-06
5.71918e-07
3.3401e-06
5.48053e-07
3.31136e-06
5.30349e-07
3.28185e-06
5.1463e-07
3.25161e-06
5.01262e-07
3.22083e-06
4.88699e-07
3.18972e-06
4.77078e-07
3.15535e-06
4.63659e-07
3.11787e-06
4.4508e-07
3.0804e-06
4.23798e-07
3.04311e-06
4.018e-07
3.00644e-06
3.7966e-07
2.97055e-06
3.58428e-07
2.93541e-06
3.38135e-07
2.9014e-06
3.19503e-07
2.86939e-06
3.02448e-07
2.83934e-06
2.90012e-07
2.81034e-06
2.78913e-07
2.78148e-06
2.73115e-07
2.75154e-06
2.73101e-07
2.72013e-06
2.78909e-07
2.68283e-06
3.07399e-07
2.64666e-06
3.14958e-07
2.59319e-06
3.95135e-07
2.53356e-06
4.37125e-07
2.43327e-06
8.48169e-07
7.03465e-07
2.75253e-06
3.48935e-08
2.41504e-06
-4.27028e-07
2.0546e-06
-5.75007e-07
1.90269e-06
-5.51733e-07
1.96782e-06
-4.29323e-07
2.15885e-06
-2.03795e-07
2.39156e-06
1.83782e-08
2.62299e-06
2.07768e-07
2.83037e-06
3.53703e-07
3.01247e-06
4.59236e-07
3.16872e-06
5.36745e-07
3.29986e-06
5.8915e-07
3.41023e-06
6.25242e-07
3.50257e-06
6.45269e-07
3.57489e-06
6.49179e-07
3.6278e-06
6.60045e-07
3.66934e-06
6.62844e-07
3.70548e-06
6.62718e-07
3.73414e-06
6.55729e-07
3.75448e-06
6.46405e-07
3.76728e-06
6.33616e-07
3.77334e-06
6.18251e-07
3.77307e-06
6.00201e-07
3.76604e-06
5.78896e-07
3.75405e-06
5.59977e-07
3.73917e-06
5.45163e-07
3.72206e-06
5.31662e-07
3.70322e-06
5.20006e-07
3.68275e-06
5.09069e-07
3.6612e-06
4.98524e-07
3.63647e-06
4.88282e-07
3.6077e-06
4.73717e-07
3.57736e-06
4.54042e-07
3.5462e-06
4.32913e-07
3.51488e-06
4.10989e-07
3.48359e-06
3.898e-07
3.45262e-06
3.69275e-07
3.42229e-06
3.50109e-07
3.39232e-06
3.3281e-07
3.36361e-06
3.1924e-07
3.33606e-06
3.06998e-07
3.30942e-06
3.00391e-07
3.2815e-06
3.01949e-07
3.25115e-06
3.10322e-07
3.21402e-06
3.46083e-07
3.17779e-06
3.53585e-07
3.11901e-06
4.57341e-07
3.056e-06
5.09118e-07
2.94917e-06
9.80801e-07
8.26556e-07
3.5821e-06
1.01729e-07
3.31357e-06
-1.58499e-07
2.99211e-06
-2.53532e-07
2.70805e-06
-2.67629e-07
2.53011e-06
-2.51268e-07
2.49596e-06
-1.69584e-07
2.57494e-06
-6.05413e-08
2.72273e-06
6.00304e-08
2.89982e-06
1.76634e-07
3.08021e-06
2.78865e-07
3.2477e-06
3.69266e-07
3.39787e-06
4.38977e-07
3.53294e-06
4.90172e-07
3.65227e-06
5.2593e-07
3.75388e-06
5.47556e-07
3.84212e-06
5.71804e-07
3.918e-06
5.8694e-07
3.98296e-06
5.97738e-07
4.03676e-06
6.01895e-07
4.08052e-06
6.02588e-07
4.11508e-06
5.98993e-07
4.14144e-06
5.91807e-07
4.16012e-06
5.8141e-07
4.1714e-06
5.67481e-07
4.17834e-06
5.52916e-07
4.1822e-06
5.41151e-07
4.18248e-06
5.31206e-07
4.17991e-06
5.22384e-07
4.17462e-06
5.14145e-07
4.16731e-06
5.05618e-07
4.15589e-06
4.9945e-07
4.13971e-06
4.89695e-07
4.1214e-06
4.72213e-07
4.10145e-06
4.52808e-07
4.08019e-06
4.32301e-07
4.05815e-06
4.12012e-07
4.03569e-06
3.92063e-07
4.0132e-06
3.73088e-07
3.99026e-06
3.56421e-07
3.96775e-06
3.42653e-07
3.94481e-06
3.31079e-07
3.92247e-06
3.24177e-07
3.89888e-06
3.27203e-07
3.87285e-06
3.38171e-07
3.83964e-06
3.8199e-07
3.80518e-06
3.92052e-07
3.74211e-06
5.25956e-07
3.67832e-06
5.87481e-07
3.56855e-06
1.1293e-06
9.70515e-07
4.53279e-06
1.10035e-07
4.36146e-06
1.27786e-08
4.12271e-06
-1.48198e-08
3.86565e-06
-1.05929e-08
3.60714e-06
7.24222e-09
3.39523e-06
4.23133e-08
3.2585e-06
7.62244e-08
3.2095e-06
1.09116e-07
3.23538e-06
1.50824e-07
3.31507e-06
1.99229e-07
3.42864e-06
2.55729e-07
3.55669e-06
3.1094e-07
3.68915e-06
3.57725e-07
3.81705e-06
3.98013e-07
3.93322e-06
4.3138e-07
4.04169e-06
4.63347e-07
4.14187e-06
4.86713e-07
4.23232e-06
5.07231e-07
4.31292e-06
5.21209e-07
4.38406e-06
5.31333e-07
4.44619e-06
5.36706e-07
4.4997e-06
5.38098e-07
4.5445e-06
5.36367e-07
4.58124e-06
5.30447e-07
4.61268e-06
5.21173e-07
4.6399e-06
5.13572e-07
4.66278e-06
5.07951e-07
4.68159e-06
5.03153e-07
4.69661e-06
4.98683e-07
4.70636e-06
4.95426e-07
4.71172e-06
4.93651e-07
4.71443e-06
4.86645e-07
4.71388e-06
4.72545e-07
4.71075e-06
4.55888e-07
4.70549e-06
4.37733e-07
4.69847e-06
4.19399e-07
4.6897e-06
4.01487e-07
4.68038e-06
3.83303e-07
4.66968e-06
3.68382e-07
4.65891e-06
3.55009e-07
4.64651e-06
3.45536e-07
4.63453e-06
3.38653e-07
4.61978e-06
3.45216e-07
4.60097e-06
3.60583e-07
4.57515e-06
4.13026e-07
4.54725e-06
4.27122e-07
4.48298e-06
6.00675e-07
4.41984e-06
6.7388e-07
4.31374e-06
1.29015e-06
1.13455e-06
5.66703e-06
1.00654e-07
5.56404e-06
1.15672e-07
5.40049e-06
1.48646e-07
5.20732e-06
1.82492e-07
4.99527e-06
2.19216e-07
4.77618e-06
2.61353e-07
4.5594e-06
2.93001e-07
4.35894e-06
3.09602e-07
4.1956e-06
3.14203e-07
4.08579e-06
3.09091e-07
4.03571e-06
3.05838e-07
4.04523e-06
3.01439e-07
4.09655e-06
3.06412e-07
4.17192e-06
3.22626e-07
4.26247e-06
3.40799e-07
4.36194e-06
3.63862e-07
4.46319e-06
3.85348e-07
4.56133e-06
4.08932e-07
4.65232e-06
4.2999e-07
4.73725e-06
4.46092e-07
4.81741e-06
4.56146e-07
4.89162e-06
4.63388e-07
4.95935e-06
4.68048e-07
5.02143e-06
4.67666e-07
5.07897e-06
4.62942e-07
5.1311e-06
4.60653e-07
5.17791e-06
4.60282e-07
5.21832e-06
4.61823e-07
5.25257e-06
4.63489e-07
5.2829e-06
4.64216e-07
5.31174e-06
4.64053e-07
5.3387e-06
4.59195e-07
5.36203e-06
4.48977e-07
5.38217e-06
4.35862e-07
5.39907e-06
4.21332e-07
5.41331e-06
4.0599e-07
5.42493e-06
3.91215e-07
5.43533e-06
3.74642e-07
5.44355e-06
3.62577e-07
5.45147e-06
3.50024e-07
5.45579e-06
3.44777e-07
5.46063e-06
3.38237e-07
5.46081e-06
3.50441e-07
5.45586e-06
3.71899e-07
5.44413e-06
4.33319e-07
5.42503e-06
4.57486e-07
5.36216e-06
6.81232e-07
5.30433e-06
7.71095e-07
5.21345e-06
1.46279e-06
1.31783e-06
7.06435e-06
9.21783e-08
7.00618e-06
1.73706e-07
6.90584e-06
2.48838e-07
6.773e-06
3.15187e-07
6.61418e-06
3.77886e-07
6.44354e-06
4.31842e-07
6.26055e-06
4.75848e-07
6.06001e-06
5.10004e-07
5.84953e-06
5.24544e-07
5.63487e-06
5.23616e-07
5.43062e-06
5.09977e-07
5.25529e-06
4.76632e-07
5.12129e-06
4.40286e-07
5.03523e-06
4.08508e-07
4.99932e-06
3.7652e-07
5.006e-06
3.56945e-07
5.04115e-06
3.49811e-07
5.09843e-06
3.51148e-07
5.17012e-06
3.57631e-07
5.24967e-06
3.65661e-07
5.33272e-06
3.72049e-07
5.41485e-06
3.80002e-07
5.49472e-06
3.86707e-07
5.57053e-06
3.90247e-07
5.64047e-06
3.91219e-07
5.70474e-06
3.9442e-07
5.76549e-06
3.97511e-07
5.82404e-06
4.01183e-07
5.88033e-06
4.05275e-07
5.93538e-06
4.07481e-07
5.99044e-06
4.07765e-07
6.044e-06
4.04924e-07
6.09504e-06
3.9784e-07
6.14338e-06
3.88107e-07
6.18833e-06
3.77656e-07
6.23073e-06
3.65579e-07
6.26973e-06
3.5511e-07
6.30633e-06
3.41542e-07
6.33977e-06
3.33591e-07
6.37254e-06
3.22512e-07
6.40093e-06
3.22636e-07
6.43042e-06
3.16476e-07
6.45216e-06
3.3796e-07
6.46905e-06
3.6579e-07
6.47708e-06
4.39812e-07
6.47346e-06
4.79196e-07
6.42404e-06
7.62206e-07
6.37613e-06
8.87955e-07
6.31368e-06
1.64762e-06
1.51778e-06
8.81282e-06
8.70755e-08
8.78411e-06
2.02219e-07
8.72782e-06
3.04933e-07
8.64626e-06
3.9653e-07
8.54245e-06
4.81456e-07
8.41784e-06
5.56195e-07
8.27511e-06
6.18267e-07
8.12067e-06
6.64106e-07
7.95005e-06
6.9476e-07
7.75723e-06
7.1596e-07
7.54896e-06
7.17802e-07
7.32439e-06
7.00653e-07
7.09106e-06
6.72982e-07
6.86599e-06
6.32795e-07
6.65977e-06
5.81828e-07
6.48432e-06
5.31269e-07
6.34564e-06
4.87047e-07
6.24916e-06
4.45816e-07
6.19582e-06
4.0874e-07
6.17896e-06
3.79809e-07
6.19104e-06
3.57015e-07
6.22477e-06
3.42809e-07
6.27328e-06
3.34295e-07
6.33117e-06
3.2812e-07
6.39467e-06
3.23224e-07
6.46219e-06
3.22272e-07
6.53211e-06
3.22958e-07
6.60325e-06
3.25582e-07
6.67643e-06
3.28211e-07
6.75211e-06
3.28679e-07
6.82968e-06
3.28202e-07
6.90874e-06
3.25146e-07
6.98757e-06
3.19565e-07
7.06504e-06
3.12543e-07
7.14055e-06
3.05282e-07
7.21428e-06
2.96268e-07
7.28447e-06
2.90746e-07
7.35304e-06
2.79895e-07
7.41807e-06
2.77082e-07
7.48167e-06
2.68505e-07
7.54084e-06
2.74547e-07
7.60145e-06
2.6898e-07
7.65083e-06
3.03826e-07
7.69226e-06
3.42861e-07
7.72144e-06
4.34786e-07
7.73633e-06
4.95828e-07
7.72e-06
8.33613e-07
7.69747e-06
1.01635e-06
7.69499e-06
1.84738e-06
1.77205e-06
1.10087e-05
8.202e-08
1.09997e-05
2.10934e-07
1.09753e-05
3.29021e-07
1.09342e-05
4.37331e-07
1.08769e-05
5.38493e-07
1.08017e-05
6.30989e-07
1.07068e-05
7.12639e-07
1.0591e-05
7.79382e-07
1.04546e-05
8.30381e-07
1.03082e-05
8.61661e-07
1.0149e-05
8.76112e-07
9.96681e-06
8.8172e-07
9.764e-06
8.74302e-07
9.54535e-06
8.49608e-07
9.31059e-06
8.14223e-07
9.06469e-06
7.74064e-07
8.81774e-06
7.30012e-07
8.58016e-06
6.78327e-07
8.36441e-06
6.18366e-07
8.17615e-06
5.60475e-07
8.01896e-06
5.05231e-07
7.89717e-06
4.54244e-07
7.81255e-06
4.07407e-07
7.76133e-06
3.67275e-07
7.73861e-06
3.33675e-07
7.73894e-06
3.09625e-07
7.7588e-06
2.91222e-07
7.795e-06
2.78433e-07
7.8471e-06
2.6704e-07
7.91444e-06
2.54756e-07
7.99472e-06
2.44377e-07
8.08447e-06
2.34659e-07
8.18033e-06
2.25593e-07
8.28023e-06
2.16785e-07
8.38174e-06
2.1011e-07
8.48404e-06
2.02122e-07
8.585e-06
1.99828e-07
8.68506e-06
1.91497e-07
8.78176e-06
1.94168e-07
8.87813e-06
1.8753e-07
8.97178e-06
1.98244e-07
9.06749e-06
1.93413e-07
9.1489e-06
2.45578e-07
9.22242e-06
2.99189e-07
9.27539e-06
4.21373e-07
9.32124e-06
5.05064e-07
9.35336e-06
8.96516e-07
9.37969e-06
1.16085e-06
9.52132e-06
2.046e-06
2.12552e-06
1.37644e-05
7.49574e-08
1.37704e-05
2.04542e-07
1.37712e-05
3.27892e-07
1.3763e-05
4.4513e-07
1.37441e-05
5.56966e-07
1.37126e-05
6.6194e-07
1.36661e-05
7.58458e-07
1.36013e-05
8.43432e-07
1.35173e-05
9.13521e-07
1.34125e-05
9.65417e-07
1.32857e-05
1.0015e-06
1.31438e-05
1.02173e-06
1.29917e-05
1.02403e-06
1.28244e-05
1.01371e-06
1.26393e-05
9.94952e-07
1.24361e-05
9.71564e-07
1.22203e-05
9.38074e-07
1.19961e-05
8.93797e-07
1.17567e-05
8.45921e-07
1.15073e-05
7.94033e-07
1.12544e-05
7.38069e-07
1.10047e-05
6.78923e-07
1.07676e-05
6.14875e-07
1.05512e-05
5.5059e-07
1.03621e-05
4.87651e-07
1.0203e-05
4.329e-07
1.00806e-05
3.79003e-07
9.99704e-06
3.29485e-07
9.95262e-06
2.83745e-07
9.9452e-06
2.41791e-07
9.97126e-06
2.05066e-07
1.00231e-05
1.75281e-07
1.00925e-05
1.5337e-07
1.0175e-05
1.35444e-07
1.02658e-05
1.23759e-07
1.03638e-05
1.11319e-07
1.04663e-05
1.07225e-07
1.05723e-05
9.76462e-08
1.06805e-05
1.00888e-07
1.07943e-05
9.08965e-08
1.09076e-05
1.06371e-07
1.10209e-05
1.05269e-07
1.11275e-05
1.72601e-07
1.12226e-05
2.53056e-07
1.12803e-05
4.27719e-07
1.13541e-05
5.29536e-07
1.14458e-05
9.73306e-07
1.16486e-05
1.26978e-06
1.21749e-05
2.15157e-06
2.70687e-06
1.72217e-05
6.50484e-08
1.72403e-05
1.85503e-07
1.72621e-05
3.05586e-07
1.72823e-05
4.24447e-07
1.72975e-05
5.41164e-07
1.73051e-05
6.53679e-07
1.73034e-05
7.59333e-07
1.72905e-05
8.55522e-07
1.72629e-05
9.40075e-07
1.7216e-05
1.01102e-06
1.71481e-05
1.06768e-06
1.70598e-05
1.10758e-06
1.6951e-05
1.12946e-06
1.68229e-05
1.13709e-06
1.66823e-05
1.1291e-06
1.65384e-05
1.10721e-06
1.63923e-05
1.07552e-06
1.62367e-05
1.03699e-06
1.60646e-05
1.00049e-06
1.58763e-05
9.58291e-07
1.56726e-05
9.09605e-07
1.54532e-05
8.56616e-07
1.52115e-05
8.03002e-07
1.49516e-05
7.44045e-07
1.46841e-05
6.77556e-07
1.44192e-05
6.11578e-07
1.41684e-05
5.37866e-07
1.39384e-05
4.63186e-07
1.37429e-05
3.87129e-07
1.3589e-05
3.12879e-07
1.34773e-05
2.44256e-07
1.34035e-05
1.87001e-07
1.33612e-05
1.42307e-07
1.33454e-05
1.05004e-07
1.33509e-05
7.94713e-08
1.33758e-05
5.38081e-08
1.34169e-05
4.09182e-08
1.34732e-05
2.18091e-08
1.35394e-05
2.22962e-08
1.36208e-05
4.26087e-09
1.37125e-05
1.84576e-08
1.38117e-05
2.90447e-08
1.39225e-05
1.06901e-07
1.40328e-05
2.23959e-07
1.41536e-05
4.2209e-07
1.42811e-05
5.85479e-07
1.45684e-05
1.01849e-06
1.51829e-05
1.29357e-06
1.64091e-05
2.24199e-06
3.9291e-06
2.15597e-05
5.21869e-08
2.15889e-05
1.55747e-07
2.16287e-05
2.65137e-07
2.16741e-05
3.78395e-07
2.17215e-05
4.9321e-07
2.17677e-05
6.068e-07
2.18101e-05
7.16203e-07
2.1846e-05
8.18669e-07
2.18731e-05
9.11913e-07
2.18889e-05
9.93793e-07
2.18917e-05
1.06294e-06
2.18782e-05
1.11836e-06
2.18457e-05
1.15827e-06
2.17946e-05
1.1829e-06
2.17272e-05
1.18898e-06
2.16503e-05
1.17704e-06
2.15622e-05
1.15298e-06
2.14618e-05
1.12191e-06
2.13598e-05
1.08015e-06
2.12581e-05
1.03149e-06
2.11427e-05
9.84872e-07
2.10121e-05
9.31834e-07
2.08582e-05
8.82916e-07
2.06787e-05
8.26713e-07
2.04806e-05
7.61786e-07
2.02634e-05
6.90861e-07
2.00244e-05
6.15926e-07
1.97659e-05
5.39926e-07
1.94942e-05
4.58155e-07
1.92228e-05
3.75352e-07
1.8967e-05
2.96778e-07
1.87302e-05
2.30102e-07
1.85154e-05
1.75199e-07
1.83255e-05
1.2759e-07
1.81638e-05
9.14668e-08
1.80303e-05
5.6204e-08
1.79284e-05
3.17203e-08
1.78606e-05
6.57288e-10
1.78198e-05
-3.46439e-09
1.78123e-05
-3.22315e-08
1.78239e-05
-9.47061e-09
1.78502e-05
2.16927e-08
1.79023e-05
1.2443e-07
1.8024e-05
2.77463e-07
1.81566e-05
5.41259e-07
1.84019e-05
7.71522e-07
1.90899e-05
1.14756e-06
2.0271e-05
1.57479e-06
2.3006e-05
2.35894e-06
5.75978e-06
2.70042e-05
3.65904e-08
2.70419e-05
1.17327e-07
2.70968e-05
2.09599e-07
2.71645e-05
3.09998e-07
2.72418e-05
4.15246e-07
2.73257e-05
5.22054e-07
2.74138e-05
6.27338e-07
2.75032e-05
7.28271e-07
2.75917e-05
8.22238e-07
2.76771e-05
9.07008e-07
2.77574e-05
9.80761e-07
2.7831e-05
1.0423e-06
2.78957e-05
1.09005e-06
2.79514e-05
1.12228e-06
2.79995e-05
1.13744e-06
2.80336e-05
1.13739e-06
2.80524e-05
1.12527e-06
2.80574e-05
1.10294e-06
2.80492e-05
1.06696e-06
2.80275e-05
1.0215e-06
2.79937e-05
9.72387e-07
2.7943e-05
9.16463e-07
2.78842e-05
8.49582e-07
2.78302e-05
7.81513e-07
2.77379e-05
7.1658e-07
2.76023e-05
6.46429e-07
2.74178e-05
5.78677e-07
2.71853e-05
5.12222e-07
2.69035e-05
4.42787e-07
2.6577e-05
3.73424e-07
2.62289e-05
3.08882e-07
2.58761e-05
2.5453e-07
2.55306e-05
2.08914e-07
2.52026e-05
1.68334e-07
2.49032e-05
1.35042e-07
2.46386e-05
1.0181e-07
2.44158e-05
7.68862e-08
2.42382e-05
4.57473e-08
2.4113e-05
4.19683e-08
2.40294e-05
2.96756e-08
2.40076e-05
5.65338e-08
2.40339e-05
1.39865e-07
2.41771e-05
2.52046e-07
2.44164e-05
4.82565e-07
2.4906e-05
7.77396e-07
2.57288e-05
1.17976e-06
2.73256e-05
1.59438e-06
2.99292e-05
2.16445e-06
3.50368e-05
2.26957e-06
6.44933e-06
3.38374e-05
2.05794e-08
3.38797e-05
7.41715e-08
3.3945e-05
1.43558e-07
3.40316e-05
2.22505e-07
3.41383e-05
3.07729e-07
3.42631e-05
3.96386e-07
3.44036e-05
4.85941e-07
3.45569e-05
5.73987e-07
3.47207e-05
6.57386e-07
3.48931e-05
7.33439e-07
3.50716e-05
8.00818e-07
3.52537e-05
8.58401e-07
3.54397e-05
9.04253e-07
3.56255e-05
9.36615e-07
3.58074e-05
9.54907e-07
3.59826e-05
9.60385e-07
3.61498e-05
9.53923e-07
3.63072e-05
9.37387e-07
3.64512e-05
9.08257e-07
3.65795e-05
8.69105e-07
3.66971e-05
8.16331e-07
3.68104e-05
7.59276e-07
3.68956e-05
6.93562e-07
3.69395e-05
6.29622e-07
3.69248e-05
5.75426e-07
3.68381e-05
5.20347e-07
3.66925e-05
4.7009e-07
3.64779e-05
4.19218e-07
3.61898e-05
3.75926e-07
3.584e-05
3.31332e-07
3.54501e-05
2.9411e-07
3.50474e-05
2.65475e-07
3.46531e-05
2.41567e-07
3.42822e-05
2.19696e-07
3.39536e-05
2.02432e-07
3.36809e-05
1.83749e-07
3.34755e-05
1.74807e-07
3.33459e-05
1.61222e-07
3.33092e-05
1.75826e-07
3.33855e-05
1.96431e-07
3.35635e-05
2.70116e-07
3.3858e-05
3.8425e-07
3.44515e-05
5.27461e-07
3.54364e-05
7.57006e-07
3.70067e-05
1.08796e-06
3.93846e-05
1.43373e-06
4.28734e-05
1.75837e-06
4.74869e-05
2.07552e-06
5.36145e-05
1.58339e-06
5.15233e-06
4.2417e-05
6.58708e-09
4.24588e-05
3.13565e-08
4.25328e-05
6.85437e-08
4.26409e-05
1.13401e-07
4.27839e-05
1.63658e-07
4.2961e-05
2.18338e-07
4.31696e-05
2.76326e-07
4.34048e-05
3.37882e-07
4.36645e-05
3.97767e-07
4.3948e-05
4.50352e-07
4.42538e-05
4.95891e-07
4.45781e-05
5.35505e-07
4.49162e-05
5.68212e-07
4.5263e-05
5.92711e-07
4.56128e-05
6.08634e-07
4.59625e-05
6.14675e-07
4.63108e-05
6.09475e-07
4.66579e-05
5.92714e-07
4.70104e-05
5.62751e-07
4.73585e-05
5.22765e-07
4.76919e-05
4.75181e-07
4.79987e-05
4.28446e-07
4.82556e-05
3.86818e-07
4.84437e-05
3.53828e-07
4.85511e-05
3.30195e-07
4.85625e-05
3.1111e-07
4.84703e-05
2.96311e-07
4.82907e-05
2.81763e-07
4.80395e-05
2.72161e-07
4.77297e-05
2.61923e-07
4.74006e-05
2.55284e-07
4.70804e-05
2.52701e-07
4.67959e-05
2.52125e-07
4.65698e-05
2.53985e-07
4.64267e-05
2.52955e-07
4.63892e-05
2.57715e-07
4.64946e-05
2.60565e-07
4.67504e-05
2.76568e-07
4.71433e-05
2.95483e-07
4.77501e-05
3.2497e-07
4.8767e-05
3.80194e-07
5.01332e-05
4.61408e-07
5.20007e-05
4.99702e-07
5.44086e-05
6.21284e-07
5.77725e-05
8.93278e-07
6.16765e-05
1.13429e-06
6.61496e-05
9.95767e-07
7.017e-05
1.34896e-06
7.36874e-05
4.76954e-07
2.22639e-06
5.31899e-05
5.322e-05
5.32872e-05
5.33994e-05
5.35619e-05
5.37791e-05
5.40545e-05
5.43919e-05
5.47897e-05
5.52405e-05
5.57378e-05
5.62757e-05
5.6848e-05
5.74472e-05
5.80665e-05
5.86945e-05
5.93204e-05
5.99326e-05
6.05148e-05
6.10549e-05
6.1542e-05
6.19724e-05
6.23459e-05
6.26655e-05
6.29368e-05
6.31635e-05
6.33537e-05
6.35178e-05
6.36761e-05
6.38444e-05
6.4048e-05
6.43215e-05
6.46937e-05
6.51912e-05
6.58349e-05
6.66498e-05
6.76472e-05
6.88482e-05
7.02631e-05
7.19043e-05
7.37786e-05
7.58523e-05
7.80377e-05
8.03344e-05
8.28085e-05
8.5336e-05
8.74451e-05
8.95913e-05
9.05824e-05
)
;

boundaryField
{
    AXIS
    {
        type            empty;
        value           nonuniform 0();
    }
    OUTLET
    {
        type            calculated;
        value           nonuniform List<scalar> 
25
(
1.19015e-07
3.57126e-07
5.92895e-07
8.24128e-07
1.04923e-06
1.26731e-06
1.4774e-06
1.67987e-06
1.87529e-06
2.06329e-06
2.37757e-06
2.89728e-06
3.52875e-06
4.30057e-06
5.24977e-06
6.43535e-06
7.9648e-06
1.00455e-05
1.31354e-05
1.81157e-05
2.63262e-05
4.00957e-05
5.88153e-05
7.7946e-05
9.31108e-05
)
;
    }
    COFLOW
    {
        type            calculated;
        value           nonuniform List<scalar> 
15
(
-2.36491e-06
-2.93567e-06
-3.64898e-06
-4.54117e-06
-5.65776e-06
-7.05602e-06
-8.80789e-06
-1.10039e-05
-1.37576e-05
-1.72122e-05
-2.15473e-05
-2.69892e-05
-3.38222e-05
-4.2404e-05
-5.31845e-05
)
;
    }
    PILOT
    {
        type            calculated;
        value           nonuniform List<scalar> 5(-6.03564e-07 -7.13319e-07 -8.23131e-07 -9.3291e-07 -1.04269e-06);
    }
    FUEL
    {
        type            calculated;
        value           nonuniform List<scalar> 5(-1.05078e-06 -3.15226e-06 -5.25441e-06 -7.3588e-06 -9.46342e-06);
    }
    WALL
    {
        type            calculated;
        value           uniform 0;
    }
    front
    {
        type            wedge;
        value           nonuniform List<scalar> 
1250
(
1.34144e-20
3.65233e-20
5.52279e-20
7.27408e-20
1.01049e-19
6.81863e-20
1.99377e-19
3.80955e-19
7.26043e-19
1.47214e-18
1.22502e-19
3.51633e-19
6.4103e-19
1.11593e-18
1.52818e-18
2.50245e-19
6.97835e-19
1.33052e-18
2.2211e-18
1.59257e-18
1.8161e-19
3.8167e-19
6.299e-19
5.81752e-19
9.84218e-19
-3.95335e-21
-7.37903e-20
-5.0343e-19
-1.62627e-18
-3.1084e-19
-1.23786e-19
-2.91895e-19
-7.00177e-19
-1.14882e-18
-6.60421e-19
-9.65535e-20
-2.7698e-19
-4.84682e-19
-6.19889e-19
-4.80391e-19
-1.87087e-19
-3.94611e-19
-7.15815e-19
-9.96017e-19
-1.15214e-18
-2.03422e-20
-2.72331e-20
7.76206e-20
4.02035e-19
8.58232e-19
-1.32774e-19
-4.12964e-19
-9.33761e-19
-2.23573e-18
-4.77228e-18
-2.69649e-19
-6.03046e-19
-1.33757e-18
-2.51572e-18
-4.02216e-18
-4.01912e-19
-1.1549e-18
-2.0923e-18
-3.1763e-18
-4.07903e-18
-2.37604e-19
-4.77824e-19
-7.58832e-19
-1.0873e-18
-2.42877e-18
-4.356e-19
-1.41268e-18
-3.36775e-18
-6.48402e-18
-4.40017e-18
-1.37127e-18
-2.94994e-18
-5.64263e-18
-8.05027e-18
-6.79536e-18
-2.13192e-19
-4.41887e-19
1.74333e-19
2.56683e-18
-1.48905e-18
-1.29803e-18
-2.37796e-18
-2.76843e-18
-2.22284e-18
-3.54253e-18
2.93826e-18
6.30881e-18
5.78781e-18
3.88695e-18
2.25672e-18
-1.32906e-17
-1.93213e-17
-1.39927e-17
-8.19691e-18
-6.73858e-18
-6.20986e-18
-9.03027e-18
-6.68156e-18
6.07076e-20
-3.41101e-18
-1.77307e-18
-3.93049e-18
-3.46943e-18
-1.85428e-18
-4.18114e-18
-1.26373e-18
-3.42972e-18
-5.01557e-18
-6.08196e-18
-2.53587e-19
-6.80844e-19
-1.35011e-18
-2.17201e-18
-3.27644e-18
-4.73038e-18
-1.34546e-18
-3.99397e-18
-7.75626e-18
-1.30794e-17
-8.98872e-18
-1.77646e-18
-3.74398e-18
-6.73965e-18
-9.014e-18
-8.17204e-18
-1.29892e-18
-3.59775e-18
-5.71921e-18
-7.13406e-18
-7.35872e-18
-1.22853e-18
-2.52238e-18
-4.23786e-18
-5.36978e-18
-5.76079e-18
-1.03119e-18
-2.82887e-18
-4.36482e-18
-5.25477e-18
-5.2526e-18
-5.57313e-19
-1.10023e-18
-1.6584e-18
-2.02455e-18
-3.27373e-18
-8.80904e-19
-2.66776e-18
-5.40367e-18
-8.93747e-18
-4.07377e-18
-1.74215e-18
-3.66355e-18
-6.69534e-18
-9.39156e-18
-1.0073e-17
-8.96031e-19
-2.39405e-18
-3.27021e-18
-3.59478e-18
-1.32622e-17
-8.25267e-19
-1.68554e-18
-2.85659e-18
-4.36494e-18
-7.94508e-18
-4.69151e-19
-1.53186e-18
-3.92713e-18
-6.92126e-18
-5.8214e-18
-3.66661e-18
-9.98616e-18
-1.4776e-17
-1.79406e-17
-2.0136e-17
3.64071e-18
6.48064e-18
4.85414e-18
-5.08713e-18
-6.02398e-18
8.59632e-18
2.19605e-17
2.59467e-17
1.96326e-17
2.07646e-17
-1.66473e-17
-3.25986e-17
-4.42963e-17
-3.87738e-17
-3.32853e-17
-9.80322e-18
-2.5801e-17
-3.52873e-17
-3.63244e-17
-3.36014e-17
-6.64761e-18
-1.8207e-17
-2.62653e-17
-2.96788e-17
-2.94785e-17
-3.85553e-18
-8.0033e-18
-1.37266e-17
-1.77783e-17
-1.96647e-17
-8.52407e-18
-1.97208e-17
-2.49912e-17
-2.44379e-17
-2.27698e-17
3.86743e-17
4.28994e-17
3.08023e-17
2.83547e-18
-9.55732e-18
9.42035e-18
1.90998e-17
2.41877e-17
2.46017e-17
7.87401e-18
3.99709e-18
7.69839e-18
1.08641e-17
1.02614e-17
5.06377e-18
1.15831e-18
2.89545e-18
2.99371e-18
9.76119e-19
6.85942e-18
-1.11483e-18
-2.35456e-18
-4.39485e-18
-6.42316e-18
-7.30275e-18
1.982e-18
5.55243e-18
9.11142e-18
1.3119e-17
1.73301e-17
-1.61776e-17
-3.14449e-17
-3.15919e-17
-2.09155e-17
-6.08951e-18
2.01091e-19
6.19476e-19
1.18541e-18
9.79669e-19
1.87999e-19
2.16189e-18
1.98246e-18
1.61548e-18
1.0881e-18
5.29141e-19
1.85978e-18
1.75146e-18
1.47877e-18
1.11694e-18
7.39128e-19
1.70447e-18
2.13565e-18
2.74788e-18
1.83327e-18
1.13756e-18
1.25305e-18
1.07788e-18
4.87061e-20
-7.00112e-19
5.86765e-20
2.1581e-19
-2.94072e-19
-1.95081e-18
-2.23924e-18
-7.88741e-19
-4.37763e-19
-8.40152e-19
-1.79257e-18
-2.44618e-18
-1.23243e-18
-4.74073e-19
-8.04222e-19
-1.34738e-18
-1.74493e-18
-1.67111e-18
-1.21539e-18
-1.38902e-18
-1.65521e-18
-1.98465e-18
-2.46897e-18
5.39169e-19
2.1735e-19
-4.41402e-19
-1.05695e-18
-1.93926e-18
-3.45716e-18
-4.24899e-18
-3.34812e-18
-4.21553e-18
-3.28448e-18
-4.08586e-18
-4.67751e-18
-5.29005e-18
-7.0497e-18
-5.07934e-18
-4.54044e-18
-5.02349e-18
-5.55077e-18
-6.04296e-18
-5.16164e-18
-3.34049e-18
-3.74019e-18
-3.85253e-18
-4.20924e-18
-4.00672e-18
-3.97525e-18
-5.10415e-18
-7.45651e-18
-6.24094e-18
-5.11487e-18
-6.0081e-18
-6.07864e-18
-5.958e-18
-3.20825e-18
-3.71628e-18
-2.88024e-18
-2.44378e-18
-6.5666e-19
-1.44838e-18
-2.56979e-18
-4.18288e-18
-3.75212e-18
-2.73534e-18
-2.73881e-18
-2.99232e-18
1.79197e-18
1.25759e-18
5.08228e-19
-3.10134e-19
-1.49836e-18
-9.88176e-18
-9.08142e-18
-6.5975e-18
-6.20649e-18
-3.83172e-18
-6.03168e-18
-5.5003e-18
-2.81745e-18
-4.15672e-18
-4.65383e-18
-4.9679e-18
-4.28517e-18
-3.19769e-18
-4.21456e-18
-4.95108e-18
-2.5247e-18
-4.91193e-18
-6.93736e-18
-3.47463e-18
-3.96173e-18
-3.55473e-18
-3.34028e-18
-3.4487e-18
-2.89744e-18
-3.26296e-18
-6.56937e-18
-6.53674e-18
-8.12109e-18
-5.58271e-18
-4.45965e-18
-7.19239e-18
-7.00634e-18
-7.24618e-18
-6.46597e-18
-5.40746e-18
-7.05814e-18
-6.59096e-18
-5.595e-18
-3.60511e-18
-3.29165e-18
-5.40896e-18
-4.13414e-18
-1.46639e-18
2.62054e-18
1.1522e-18
-4.5717e-18
-3.35626e-18
-1.72676e-18
-2.46288e-19
-7.24999e-19
-3.73273e-18
-3.13128e-18
-2.0684e-18
-1.80622e-18
-2.13307e-18
-1.1881e-18
-1.44081e-18
-3.86418e-18
-1.79621e-18
-1.11431e-18
-1.42799e-17
-1.31281e-17
-9.25855e-18
-5.87957e-18
-4.39274e-18
-1.24961e-17
-8.75616e-18
-3.65895e-18
-3.62636e-18
-3.78514e-18
-8.00888e-18
-6.01492e-18
-3.81875e-18
-4.11351e-18
-5.50193e-18
-6.40587e-18
-8.2606e-18
-1.09268e-17
-7.99084e-18
-5.71258e-18
-1.469e-17
-9.72147e-18
-4.93599e-18
-4.22039e-18
-2.34988e-18
-5.02274e-18
-3.90523e-18
-4.09517e-18
-3.36303e-18
-6.03516e-18
1.86684e-17
1.39309e-17
7.50038e-18
5.13337e-18
2.32704e-18
-2.75757e-17
-2.27284e-17
-1.77116e-17
-1.20515e-17
-9.77677e-18
-2.92045e-17
-2.43421e-17
-1.92436e-17
-1.42753e-17
-1.02231e-17
-2.70484e-17
-2.34848e-17
-1.94723e-17
-1.55203e-17
-1.20417e-17
-1.954e-17
-1.79345e-17
-1.54725e-17
-1.27196e-17
-1.00661e-17
-2.1053e-17
-1.94121e-17
-1.77077e-17
-1.56368e-17
-1.26029e-17
-1.32024e-17
-1.23728e-17
-8.684e-18
-3.33811e-18
-6.54955e-18
-1.59064e-18
-5.3537e-18
-5.74882e-18
-4.5452e-18
-3.55713e-18
1.05279e-18
-1.19419e-18
-2.13307e-18
-2.76253e-18
-3.26774e-18
2.44459e-18
-2.42769e-18
-6.59574e-18
-5.6964e-18
-4.71502e-18
-8.08092e-18
-8.05577e-18
-7.39785e-18
-5.97107e-18
-4.4519e-18
1.7012e-17
1.26456e-17
6.90126e-18
3.20034e-18
1.41808e-18
1.55177e-18
4.13103e-18
4.18456e-18
3.41903e-18
2.50166e-18
4.22299e-20
-9.35266e-20
-2.41024e-19
-1.13776e-19
-2.03279e-20
-1.01575e-20
-9.35175e-20
-7.51477e-20
2.48354e-19
-1.83591e-18
-6.27775e-19
1.80903e-19
3.29815e-19
-1.15018e-18
8.22442e-19
5.6073e-20
-4.89341e-19
-1.38391e-18
-4.15538e-19
3.55899e-20
4.01639e-20
-4.24685e-19
-3.99068e-19
1.56872e-18
-2.50793e-18
-1.72807e-18
8.34352e-19
1.58268e-18
1.74042e-18
1.86446e-17
3.6582e-19
-3.08208e-22
-2.41579e-19
3.98344e-19
7.57745e-19
5.34946e-19
-1.16776e-18
-1.45855e-18
1.11914e-18
-2.40729e-19
1.4198e-18
2.35547e-18
3.58805e-18
7.1482e-18
-1.2027e-17
7.47809e-19
6.64033e-19
1.28125e-18
2.87614e-18
2.95033e-18
2.90411e-18
1.74983e-18
1.79962e-18
2.34869e-18
2.36774e-18
5.91376e-18
4.47696e-18
6.3485e-18
2.01133e-17
-2.36243e-18
6.42322e-19
1.70637e-18
5.18296e-18
1.34865e-17
8.05003e-18
8.25166e-18
5.41527e-18
6.92584e-18
4.40245e-18
4.52725e-18
7.89907e-18
6.4309e-18
8.72598e-18
2.6953e-17
-2.37459e-17
6.67188e-19
3.47089e-18
1.15645e-17
1.11818e-17
9.13681e-18
1.06672e-17
7.18255e-18
6.77966e-18
5.59279e-18
6.29833e-18
1.15602e-17
8.14427e-18
9.8222e-18
1.90575e-17
-6.02726e-17
1.97861e-19
2.2075e-18
4.70811e-18
3.00872e-19
5.91714e-18
8.14817e-18
7.17176e-18
6.70947e-18
6.20592e-18
6.97447e-18
1.11234e-17
8.84549e-18
1.02217e-17
1.38049e-17
-5.29589e-17
-2.21706e-18
-5.3572e-18
-6.69739e-18
-5.87599e-19
1.09397e-17
8.20164e-18
7.07835e-18
6.66429e-18
6.36674e-18
6.33922e-18
5.76618e-18
8.28024e-18
1.03548e-17
1.17518e-17
-4.54257e-17
-3.96846e-18
-7.99894e-18
-6.60673e-18
-2.12524e-18
4.89323e-18
6.45317e-18
6.65516e-18
6.63104e-18
6.46992e-18
5.60076e-18
5.52446e-18
7.73056e-18
1.07402e-17
1.55376e-17
-3.84895e-17
-3.23778e-18
-5.12513e-18
-5.0201e-18
-2.66503e-18
1.67288e-18
5.00535e-18
6.66852e-18
7.03485e-18
7.20812e-18
3.76518e-18
4.52938e-18
6.74509e-18
1.12607e-17
3.52155e-17
-3.03566e-17
-3.36565e-18
-4.11577e-18
-4.23071e-18
-2.77046e-18
3.04102e-18
2.00871e-17
1.09644e-17
8.83752e-18
1.12212e-17
-2.23668e-18
2.21631e-18
4.55726e-18
7.9422e-18
4.93279e-17
-2.28032e-17
-3.96989e-18
-3.42508e-18
-1.95705e-18
2.6693e-18
4.67101e-18
1.2868e-17
1.06663e-17
8.39171e-18
6.44313e-18
-5.75521e-18
-3.22002e-19
5.75301e-19
-7.00533e-18
5.47493e-17
-1.62307e-17
-4.52971e-18
-4.46804e-18
-4.88241e-18
3.30005e-18
5.22384e-18
9.57048e-18
9.48177e-18
7.54571e-18
4.49308e-18
-2.45231e-18
-1.90918e-18
-3.42299e-18
-1.70929e-17
3.83223e-17
-1.44621e-17
-3.69613e-18
-3.29556e-18
-2.0088e-18
2.18455e-18
4.44148e-18
6.0277e-18
8.48475e-18
6.42959e-18
3.30493e-18
-1.57113e-18
-4.07308e-18
-6.61946e-18
-1.52707e-17
2.74681e-17
-3.52316e-17
-4.80837e-18
-5.69123e-18
-8.48319e-18
-6.26392e-18
1.63367e-18
1.63639e-17
-7.85106e-18
1.14774e-18
1.32658e-18
-2.69448e-18
-9.22496e-18
-1.12439e-17
-2.55383e-17
3.65652e-17
-2.92882e-19
-3.88952e-18
-3.63192e-18
-1.7607e-18
-2.39669e-18
2.17572e-18
1.09758e-17
7.17678e-19
8.56957e-19
1.47535e-19
-4.48341e-18
-2.39795e-17
-1.5724e-17
-2.07339e-17
3.35053e-18
-4.77092e-19
-3.39848e-18
-4.52115e-18
-6.82613e-18
-4.51703e-18
-2.71695e-18
-9.04764e-18
-3.41739e-18
-2.7442e-19
2.1087e-18
5.7312e-18
-1.57824e-17
-1.5566e-17
-1.46584e-17
2.70501e-17
9.44649e-19
-3.43093e-18
-4.20134e-18
-5.14302e-18
-4.30494e-18
-3.49452e-18
-5.54827e-18
-2.4092e-18
2.57597e-18
1.74695e-17
6.01451e-18
-1.02709e-17
-1.40012e-17
-1.16916e-17
1.94032e-17
2.31378e-18
-2.64613e-18
-3.87752e-18
-5.09929e-18
-5.86836e-18
-6.46023e-18
-9.26253e-18
-7.72834e-18
2.76051e-18
1.18391e-17
4.64807e-18
-7.36375e-18
-1.32293e-17
-1.39606e-17
1.29151e-17
3.30948e-18
-2.62739e-18
-2.48603e-18
-1.95257e-18
6.27891e-19
9.27238e-19
1.22295e-17
1.50707e-17
-1.10741e-17
3.60927e-18
2.17198e-18
-6.67989e-18
-1.61972e-17
-4.18446e-17
-2.7957e-17
1.26632e-18
-5.78174e-18
-4.71218e-18
-4.80307e-18
-1.59381e-18
-1.2916e-18
-5.51631e-18
4.0711e-18
-6.25232e-18
-2.05598e-18
-4.2337e-19
-6.95139e-18
-1.7775e-17
-4.08723e-17
-6.617e-17
-4.51848e-19
-6.00274e-18
-7.17155e-18
-9.61396e-18
-5.80711e-18
-2.83395e-18
-1.29822e-18
2.83824e-18
9.87743e-19
2.02228e-17
1.5983e-18
-5.47278e-18
-1.77284e-17
-3.91856e-17
-6.12638e-17
3.07543e-17
-4.66289e-18
-4.72378e-18
-2.91484e-18
-3.09138e-18
-4.97377e-18
-1.34525e-17
-4.01744e-18
1.14959e-18
1.80622e-17
4.86113e-17
3.8227e-17
-7.4227e-18
-3.13138e-17
-1.10941e-17
3.52233e-17
-3.89609e-18
-4.74458e-18
-6.29552e-18
-1.23012e-17
-8.41035e-18
-7.87256e-18
-3.11853e-18
4.23951e-18
2.34256e-17
4.31811e-17
3.54821e-17
-7.83161e-19
-2.32151e-17
-8.31315e-18
7.23561e-17
-4.58464e-18
-5.62282e-18
-7.59197e-18
-1.11588e-17
-1.27906e-17
-2.03917e-17
-1.01547e-17
-3.26269e-18
-7.81569e-18
2.07555e-17
2.60997e-17
-3.27616e-18
-5.51924e-17
-1.16323e-17
7.05786e-17
-4.59603e-18
-4.88379e-18
-5.84268e-18
-7.47849e-18
-1.05339e-17
-1.4636e-17
-9.48333e-18
4.97073e-20
5.37505e-18
6.35877e-17
3.05397e-17
-3.30086e-18
-4.8365e-17
-1.81584e-17
6.75722e-17
-7.23116e-18
-7.94869e-18
-1.02379e-17
-1.64078e-17
-1.43914e-17
-1.42461e-17
-1.3256e-17
-2.18136e-17
3.44025e-18
4.61427e-17
3.02563e-17
6.188e-19
-2.8518e-17
1.64254e-20
6.502e-17
-2.87622e-18
-6.32917e-18
-9.82476e-18
-1.38329e-17
-1.45119e-17
-1.45807e-17
-1.46495e-17
-1.69776e-17
-3.87014e-20
3.17408e-17
2.53494e-17
-7.15574e-18
-8.72766e-17
-6.46714e-17
6.1483e-17
-2.86267e-18
-5.76667e-18
-8.80213e-18
-1.1645e-17
-1.32559e-17
-1.38708e-17
-1.34061e-17
-1.07778e-17
4.45239e-18
2.61386e-17
2.28083e-17
-9.04822e-19
-1.36952e-17
-4.73714e-17
1.34785e-16
-2.78772e-18
-4.17088e-18
-7.47753e-18
-1.13826e-17
-1.31373e-17
-1.38601e-17
-1.51408e-17
-1.80399e-17
-1.38781e-17
1.12223e-17
1.56481e-17
-7.39616e-18
-6.98294e-17
-4.70234e-17
1.27092e-16
-4.83017e-18
-1.11316e-17
-8.77406e-18
-5.18497e-18
-1.0498e-17
-1.47199e-17
-1.21116e-17
7.15615e-18
3.5778e-17
1.94689e-17
1.4132e-17
-3.2633e-18
-6.63793e-18
-3.13998e-17
2.01271e-16
-5.07292e-18
-6.67771e-18
-5.63789e-18
-4.20997e-18
-4.35699e-18
1.81154e-18
-3.10804e-18
6.86105e-18
2.45246e-17
1.59244e-17
1.0086e-17
-1.64641e-18
-6.54749e-18
-1.36618e-17
2.68853e-16
-4.52208e-18
-6.52006e-18
-1.01742e-17
-7.21875e-18
-5.40744e-18
-2.21596e-18
-1.26484e-18
6.80168e-18
2.25367e-17
3.21102e-17
1.98519e-17
4.26241e-18
-2.61766e-18
7.12682e-18
3.35349e-16
-8.01197e-18
-1.20237e-17
-1.69101e-17
-9.78262e-18
-3.07642e-18
5.4087e-19
2.50735e-18
7.31211e-18
1.13549e-17
-2.69163e-17
-6.98474e-18
-5.05082e-19
3.16373e-18
2.48418e-17
3.11155e-16
-3.61108e-18
-4.49174e-18
-1.3165e-17
-1.76728e-17
-2.0781e-17
-1.207e-17
-4.22106e-18
1.29039e-18
1.68152e-18
4.00377e-18
4.72404e-17
1.33545e-17
7.83014e-19
3.67164e-17
2.87911e-16
-3.05894e-20
1.7121e-18
1.2597e-18
3.09655e-18
-3.56617e-18
1.92103e-18
-6.80664e-19
4.13865e-18
2.08871e-17
-3.76673e-17
4.15585e-18
2.72689e-18
4.39062e-17
4.58628e-17
2.64804e-16
-9.46747e-18
-1.53802e-17
-1.57687e-17
-1.71991e-17
-5.98903e-18
-8.76359e-19
5.11852e-18
9.76402e-18
2.13694e-17
2.26584e-17
6.52817e-17
7.13342e-17
6.11495e-17
8.17534e-17
1.6746e-16
-3.36537e-19
-1.04954e-18
5.61917e-18
1.42014e-17
1.44383e-17
4.72681e-18
-1.02913e-17
2.07206e-18
1.72787e-17
3.05365e-17
5.07545e-17
2.41616e-17
5.00277e-17
1.41803e-18
1.49326e-16
-5.4214e-18
-1.10741e-18
4.24788e-18
7.70368e-18
1.5656e-18
-6.88873e-18
-8.966e-18
7.05856e-19
1.40952e-17
2.81562e-17
4.12124e-17
2.96665e-17
3.48876e-17
-7.98575e-17
4.55622e-17
-6.64393e-18
-3.60357e-18
-1.67451e-18
-3.26403e-18
-3.71894e-18
-6.83603e-18
-1.01824e-17
-1.72428e-18
1.21875e-17
2.61816e-17
3.65037e-17
3.10821e-17
3.17847e-18
-7.01182e-17
3.60459e-17
-9.6554e-18
-8.33565e-18
-8.19996e-18
-9.73684e-18
-9.93507e-18
-1.04023e-17
1.21226e-17
3.96879e-18
4.8559e-18
1.64243e-17
2.42583e-17
1.28768e-17
8.88887e-17
-4.07941e-17
3.15842e-17
-7.93678e-18
-5.72571e-18
-2.10264e-18
4.28252e-18
-1.40323e-18
-2.0779e-18
7.34283e-18
1.31289e-17
3.18746e-17
2.49864e-17
2.24374e-17
1.79632e-17
5.93354e-17
-1.12421e-17
3.01732e-17
-1.01394e-17
-8.41492e-18
-7.82486e-18
-1.01219e-17
-4.76408e-18
-1.33889e-18
4.50396e-18
1.02318e-17
1.85183e-17
1.64483e-17
1.78145e-17
2.48668e-17
1.00078e-16
-3.80475e-17
2.31058e-17
-8.91586e-18
-1.05333e-17
-1.0491e-17
-9.99202e-18
-7.75217e-18
-2.73569e-18
5.67064e-18
1.71212e-17
3.63822e-17
5.0926e-17
3.2105e-17
3.67704e-17
1.00096e-16
-4.23586e-17
-8.18259e-18
-1.63994e-18
1.8688e-18
-2.29986e-18
-5.7125e-18
9.0727e-18
2.3012e-17
3.56782e-17
3.47569e-17
4.00804e-17
4.11844e-17
3.40003e-17
4.32797e-17
9.16183e-17
4.36736e-17
-9.31018e-17
-4.02828e-18
-5.86351e-18
-1.0306e-17
-4.88581e-18
5.75597e-18
1.73663e-17
2.74469e-17
3.31099e-17
3.86126e-17
5.57321e-17
4.29804e-17
4.83636e-17
6.91548e-17
1.37104e-16
-1.05035e-16
-4.20198e-18
-3.70059e-18
-1.92829e-18
4.30168e-18
8.54226e-18
1.53901e-17
2.32863e-17
2.99877e-17
3.55635e-17
4.52695e-17
4.43638e-17
4.65082e-17
2.82816e-17
1.27997e-16
-1.16392e-16
-3.12594e-18
-1.51475e-18
1.44182e-18
7.19284e-18
8.98661e-18
1.29732e-17
1.80478e-17
2.3333e-17
2.88394e-17
3.55821e-17
4.04876e-17
4.65534e-17
3.80733e-17
1.1839e-16
-1.2389e-16
1.01196e-18
1.7226e-18
3.6343e-18
6.79773e-18
9.79991e-18
1.2897e-17
1.59375e-17
2.04748e-17
2.61513e-17
3.35986e-17
3.9728e-17
5.06437e-17
4.9336e-17
1.0332e-16
-1.3434e-16
1.63627e-18
4.2467e-19
-2.27016e-18
-8.11781e-18
-1.28617e-17
-7.36514e-18
1.82519e-17
2.16116e-17
2.57648e-17
3.08734e-17
2.77224e-17
9.46443e-17
1.28374e-16
1.70519e-16
-1.55446e-16
)
;
    }
    back
    {
        type            wedge;
        value           nonuniform List<scalar> 
1250
(
-1.34003e-20
-3.64969e-20
-5.52149e-20
-7.28503e-20
-1.01194e-19
-6.81995e-20
-1.99426e-19
-3.81031e-19
-7.26341e-19
-1.4724e-18
-1.22535e-19
-3.51741e-19
-6.41167e-19
-1.11625e-18
-1.52846e-18
-2.50282e-19
-6.97941e-19
-1.3306e-18
-2.22151e-18
-1.59286e-18
-1.81646e-19
-3.81781e-19
-6.29998e-19
-5.82046e-19
-9.8445e-19
3.9142e-21
7.36786e-20
5.03338e-19
1.62599e-18
3.10604e-19
1.23766e-19
2.91809e-19
7.00113e-19
1.14858e-18
6.60279e-19
9.65204e-20
2.76884e-19
4.84597e-19
6.19649e-19
4.80206e-19
1.8707e-19
3.94552e-19
7.15756e-19
9.9582e-19
1.15206e-18
2.03152e-20
2.71451e-20
-7.77133e-20
-4.02257e-19
-8.58374e-19
1.32751e-19
4.12887e-19
9.33688e-19
2.23554e-18
4.77218e-18
2.69637e-19
6.02989e-19
1.33752e-18
2.51557e-18
4.02207e-18
4.01897e-19
1.15485e-18
2.09224e-18
3.17615e-18
4.07895e-18
2.37592e-19
4.77783e-19
7.58806e-19
1.08717e-18
2.42869e-18
4.35587e-19
1.41265e-18
3.36772e-18
6.48391e-18
4.40007e-18
1.37126e-18
2.94991e-18
5.64258e-18
8.05016e-18
6.79529e-18
2.13183e-19
4.41857e-19
-1.74348e-19
-2.56695e-18
1.48899e-18
1.29802e-18
2.37794e-18
2.7684e-18
2.22273e-18
3.54246e-18
-2.93827e-18
-6.30883e-18
-5.78784e-18
-3.88705e-18
-2.25676e-18
1.32906e-17
1.93213e-17
1.39927e-17
8.19683e-18
6.73853e-18
6.20986e-18
9.03025e-18
6.68155e-18
-6.07838e-20
3.41097e-18
1.77306e-18
3.93047e-18
3.46941e-18
1.85421e-18
4.18111e-18
1.26372e-18
3.42971e-18
5.01555e-18
6.08191e-18
2.53544e-19
6.8084e-19
1.35009e-18
2.172e-18
3.27638e-18
4.73035e-18
1.34546e-18
3.99396e-18
7.75624e-18
1.30793e-17
8.98869e-18
1.77645e-18
3.74397e-18
6.73964e-18
9.01395e-18
8.172e-18
1.29892e-18
3.59773e-18
5.7192e-18
7.13401e-18
7.35869e-18
1.22853e-18
2.52236e-18
4.23785e-18
5.36974e-18
5.76076e-18
1.03119e-18
2.82886e-18
4.36481e-18
5.25474e-18
5.25257e-18
5.57311e-19
1.10021e-18
1.6584e-18
2.02451e-18
3.2737e-18
8.80902e-19
2.66775e-18
5.40366e-18
8.93744e-18
4.07375e-18
1.74215e-18
3.66354e-18
6.69533e-18
9.39152e-18
1.0073e-17
8.96028e-19
2.39404e-18
3.2702e-18
3.59474e-18
1.32622e-17
8.25266e-19
1.68554e-18
2.85659e-18
4.3649e-18
7.94507e-18
4.69149e-19
1.53185e-18
3.92712e-18
6.92124e-18
5.82139e-18
3.66661e-18
9.98615e-18
1.4776e-17
1.79405e-17
2.0136e-17
-3.64071e-18
-6.48064e-18
-4.85415e-18
5.08711e-18
6.02396e-18
-8.59632e-18
-2.19605e-17
-2.59467e-17
-1.96327e-17
-2.07647e-17
1.66473e-17
3.25986e-17
4.42963e-17
3.87738e-17
3.32853e-17
9.80322e-18
2.5801e-17
3.52873e-17
3.63244e-17
3.36014e-17
6.64761e-18
1.8207e-17
2.62653e-17
2.96787e-17
2.94785e-17
3.85553e-18
8.00329e-18
1.37266e-17
1.77783e-17
1.96647e-17
8.52407e-18
1.97208e-17
2.49912e-17
2.44379e-17
2.27698e-17
-3.86743e-17
-4.28994e-17
-3.08023e-17
-2.83549e-18
9.55731e-18
-9.42035e-18
-1.90998e-17
-2.41877e-17
-2.46017e-17
-7.87403e-18
-3.99709e-18
-7.69839e-18
-1.08641e-17
-1.02614e-17
-5.06378e-18
-1.15831e-18
-2.89545e-18
-2.99371e-18
-9.76143e-19
-6.85943e-18
1.11483e-18
2.35455e-18
4.39485e-18
6.42313e-18
7.30273e-18
-1.982e-18
-5.55244e-18
-9.11143e-18
-1.3119e-17
-1.73302e-17
1.61776e-17
3.14449e-17
3.15919e-17
2.09154e-17
6.08948e-18
-2.0109e-19
-6.19436e-19
-1.18523e-18
-9.7958e-19
-1.87972e-19
-2.16193e-18
-1.98251e-18
-1.61536e-18
-1.08798e-18
-5.29065e-19
-1.8599e-18
-1.75164e-18
-1.47879e-18
-1.11686e-18
-7.39079e-19
-1.70451e-18
-2.13591e-18
-2.74802e-18
-1.83328e-18
-1.13754e-18
-1.25309e-18
-1.07814e-18
-4.88874e-20
7.00053e-19
-5.86833e-20
-2.15909e-19
2.93784e-19
1.95064e-18
2.23915e-18
7.88716e-19
4.37696e-19
8.39915e-19
1.79235e-18
2.44604e-18
1.23238e-18
4.73983e-19
8.03973e-19
1.34712e-18
1.74478e-18
1.67103e-18
1.21533e-18
1.38881e-18
1.65502e-18
1.9845e-18
2.46893e-18
-5.39219e-19
-2.1756e-19
4.4122e-19
1.05685e-18
1.93921e-18
3.45713e-18
4.24882e-18
3.34797e-18
4.21542e-18
3.28443e-18
4.08583e-18
4.67733e-18
5.28989e-18
7.04959e-18
5.0793e-18
4.54038e-18
5.02334e-18
5.55061e-18
6.04283e-18
5.16158e-18
3.34044e-18
3.74003e-18
3.85238e-18
4.2091e-18
4.00666e-18
3.97523e-18
5.10401e-18
7.45637e-18
6.24081e-18
5.11483e-18
6.00809e-18
6.07849e-18
5.95788e-18
3.20814e-18
3.71621e-18
2.88022e-18
2.44366e-18
6.56526e-19
1.44828e-18
2.56974e-18
4.18285e-18
3.752e-18
2.73521e-18
2.73872e-18
2.99228e-18
-1.792e-18
-1.2577e-18
-5.08363e-19
3.10041e-19
1.49829e-18
9.88174e-18
9.08132e-18
6.5974e-18
6.2064e-18
3.83168e-18
6.03166e-18
5.5002e-18
2.81733e-18
4.15664e-18
4.65377e-18
4.96788e-18
4.28508e-18
3.1976e-18
4.21447e-18
4.95105e-18
2.52468e-18
4.91185e-18
6.93728e-18
3.47456e-18
3.96169e-18
3.55471e-18
3.34021e-18
3.44861e-18
2.89737e-18
3.26292e-18
6.56936e-18
6.53668e-18
8.12102e-18
5.58265e-18
4.45962e-18
7.19237e-18
7.00627e-18
7.24611e-18
6.46591e-18
5.40743e-18
7.05813e-18
6.5909e-18
5.59494e-18
3.60505e-18
3.29162e-18
5.40896e-18
4.13408e-18
1.46632e-18
-2.6206e-18
-1.15223e-18
4.5717e-18
3.35619e-18
1.72669e-18
2.46233e-19
7.24964e-19
3.73272e-18
3.13122e-18
2.06834e-18
1.80617e-18
2.13305e-18
1.1881e-18
1.44075e-18
3.86412e-18
1.79616e-18
1.1143e-18
1.42798e-17
1.31281e-17
9.2585e-18
5.87952e-18
4.39269e-18
1.24961e-17
8.75611e-18
3.6589e-18
3.62632e-18
3.7851e-18
8.00888e-18
6.01488e-18
3.81871e-18
4.11346e-18
5.50191e-18
6.40586e-18
8.26057e-18
1.09268e-17
7.99079e-18
5.71256e-18
1.469e-17
9.72144e-18
4.93594e-18
4.22035e-18
2.34987e-18
5.02274e-18
3.90519e-18
4.09514e-18
3.36299e-18
6.03514e-18
-1.86684e-17
-1.3931e-17
-7.50041e-18
-5.13339e-18
-2.32706e-18
2.75757e-17
2.27284e-17
1.77116e-17
1.20515e-17
9.77675e-18
2.92045e-17
2.43421e-17
1.92436e-17
1.42753e-17
1.02231e-17
2.70484e-17
2.34848e-17
1.94723e-17
1.55203e-17
1.20416e-17
1.954e-17
1.79345e-17
1.54725e-17
1.27195e-17
1.0066e-17
2.1053e-17
1.94121e-17
1.77077e-17
1.56368e-17
1.26029e-17
1.32024e-17
1.23728e-17
8.68397e-18
3.33808e-18
6.54953e-18
1.59063e-18
5.35367e-18
5.74878e-18
4.54517e-18
3.55711e-18
-1.0528e-18
1.19416e-18
2.13303e-18
2.7625e-18
3.26772e-18
-2.4446e-18
2.42765e-18
6.5957e-18
5.69637e-18
4.71499e-18
8.08091e-18
8.05574e-18
7.3978e-18
5.97103e-18
4.45188e-18
-1.7012e-17
-1.26457e-17
-6.90135e-18
-3.20042e-18
-1.41811e-18
-1.55178e-18
-4.1311e-18
-4.18463e-18
-3.4191e-18
-2.5017e-18
-4.22129e-20
9.35326e-20
2.4101e-19
1.13784e-19
2.03007e-20
1.01402e-20
9.35145e-20
7.51432e-20
-2.48362e-19
1.83591e-18
6.27766e-19
-1.80907e-19
-3.29817e-19
1.15018e-18
-8.2244e-19
-5.59735e-20
4.89411e-19
1.38396e-18
4.15534e-19
-3.56131e-20
-4.01917e-20
4.24674e-19
3.99052e-19
-1.56876e-18
2.50794e-18
1.72804e-18
-8.34371e-19
-1.58269e-18
-1.74043e-18
-1.86446e-17
-3.65713e-19
3.66592e-22
2.41654e-19
-3.98356e-19
-7.57771e-19
-5.34984e-19
1.16774e-18
1.45853e-18
-1.11919e-18
2.40732e-19
-1.41985e-18
-2.3555e-18
-3.58808e-18
-7.14821e-18
1.2027e-17
-7.47745e-19
-6.63972e-19
-1.28118e-18
-2.87615e-18
-2.95036e-18
-2.90416e-18
-1.74985e-18
-1.79964e-18
-2.34875e-18
-2.36772e-18
-5.91384e-18
-4.477e-18
-6.34854e-18
-2.01133e-17
2.36243e-18
-6.42292e-19
-1.70633e-18
-5.1829e-18
-1.34865e-17
-8.05006e-18
-8.25172e-18
-5.41529e-18
-6.92587e-18
-4.40253e-18
-4.52724e-18
-7.89917e-18
-6.43096e-18
-8.72602e-18
-2.6953e-17
2.37459e-17
-6.67198e-19
-3.47088e-18
-1.15644e-17
-1.11818e-17
-9.13685e-18
-1.06673e-17
-7.18257e-18
-6.7797e-18
-5.59288e-18
-6.2983e-18
-1.15603e-17
-8.14435e-18
-9.82226e-18
-1.90575e-17
6.02726e-17
-1.97896e-19
-2.20751e-18
-4.70809e-18
-3.00875e-19
-5.91719e-18
-8.14825e-18
-7.1718e-18
-6.70951e-18
-6.20601e-18
-6.97445e-18
-1.11235e-17
-8.84556e-18
-1.02217e-17
-1.3805e-17
5.29589e-17
2.21701e-18
5.35717e-18
6.69737e-18
5.87603e-19
-1.09397e-17
-8.20173e-18
-7.07838e-18
-6.66436e-18
-6.36682e-18
-6.33917e-18
-5.76634e-18
-8.28035e-18
-1.03549e-17
-1.17519e-17
4.54257e-17
3.96839e-18
7.99889e-18
6.60669e-18
2.12525e-18
-4.89327e-18
-6.45325e-18
-6.65521e-18
-6.63108e-18
-6.47006e-18
-5.60074e-18
-5.52464e-18
-7.73066e-18
-1.07404e-17
-1.55377e-17
3.84895e-17
3.2377e-18
5.12506e-18
5.02004e-18
2.66506e-18
-1.67293e-18
-5.00544e-18
-6.66855e-18
-7.03491e-18
-7.20825e-18
-3.76513e-18
-4.52958e-18
-6.74521e-18
-1.12609e-17
-3.52156e-17
3.03566e-17
3.36557e-18
4.11571e-18
4.23061e-18
2.77049e-18
-3.04107e-18
-2.00872e-17
-1.09645e-17
-8.83759e-18
-1.12213e-17
2.23668e-18
-2.21652e-18
-4.55739e-18
-7.94233e-18
-4.9328e-17
2.28032e-17
3.96984e-18
3.42502e-18
1.95695e-18
-2.66927e-18
-4.67106e-18
-1.28681e-17
-1.06664e-17
-8.39179e-18
-6.44327e-18
5.75525e-18
3.21774e-19
-5.75441e-19
7.00518e-18
-5.47494e-17
1.62307e-17
4.52965e-18
4.46797e-18
4.8823e-18
-3.3e-18
-5.2239e-18
-9.57054e-18
-9.48181e-18
-7.54576e-18
-4.49321e-18
2.45234e-18
1.90897e-18
3.42285e-18
1.70927e-17
-3.83224e-17
1.44621e-17
3.69607e-18
3.29549e-18
2.00869e-18
-2.1845e-18
-4.44156e-18
-6.02776e-18
-8.48477e-18
-6.42963e-18
-3.30508e-18
1.57114e-18
4.07286e-18
6.6193e-18
1.52705e-17
-2.74682e-17
3.52316e-17
4.80828e-18
5.69115e-18
8.48307e-18
6.26398e-18
-1.63372e-18
-1.6364e-17
7.85103e-18
-1.14778e-18
-1.32673e-18
2.6945e-18
9.22476e-18
1.12437e-17
2.55381e-17
-3.65653e-17
2.92897e-19
3.88944e-18
3.63186e-18
1.76057e-18
2.39674e-18
-2.17578e-18
-1.09758e-17
-7.17694e-19
-8.56992e-19
-1.47678e-19
4.48344e-18
2.39793e-17
1.57239e-17
2.07337e-17
-3.35064e-18
4.77094e-19
3.39841e-18
4.52108e-18
6.82601e-18
4.51709e-18
2.71689e-18
9.04758e-18
3.41736e-18
2.74396e-19
-2.10883e-18
-5.73117e-18
1.57821e-17
1.55658e-17
1.46582e-17
-2.70501e-17
-9.44636e-19
3.43088e-18
4.20127e-18
5.1429e-18
4.305e-18
3.49444e-18
5.54819e-18
2.40918e-18
-2.57599e-18
-1.74696e-17
-6.01449e-18
1.02707e-17
1.4001e-17
1.16914e-17
-1.94033e-17
-2.31377e-18
2.64607e-18
3.87745e-18
5.09917e-18
5.86842e-18
6.46016e-18
9.26245e-18
7.72832e-18
-2.76054e-18
-1.18391e-17
-4.64805e-18
7.36356e-18
1.32292e-17
1.39605e-17
-1.29152e-17
-3.30947e-18
2.62732e-18
2.48597e-18
1.95244e-18
-6.27834e-19
-9.27331e-19
-1.22295e-17
-1.50708e-17
1.10741e-17
-3.60936e-18
-2.17195e-18
6.6797e-18
1.6197e-17
4.18445e-17
2.79568e-17
-1.26632e-18
5.78168e-18
4.71212e-18
4.80295e-18
1.59387e-18
1.29151e-18
5.51623e-18
-4.07112e-18
6.2523e-18
2.05589e-18
4.23402e-19
6.95119e-18
1.77748e-17
4.08721e-17
6.617e-17
4.51858e-19
6.00269e-18
7.1715e-18
9.61385e-18
5.80716e-18
2.83387e-18
1.29814e-18
-2.83826e-18
-9.87761e-19
-2.02228e-17
-1.59829e-18
5.47261e-18
1.77282e-17
3.91854e-17
6.12637e-17
-3.07543e-17
4.66284e-18
4.72374e-18
2.9147e-18
3.09143e-18
4.97368e-18
1.34524e-17
4.01743e-18
-1.14962e-18
-1.80622e-17
-4.86112e-17
-3.82271e-17
7.42258e-18
3.13136e-17
1.1094e-17
-3.52233e-17
3.89604e-18
4.74453e-18
6.29542e-18
1.23013e-17
8.41026e-18
7.87248e-18
3.11852e-18
-4.23953e-18
-2.34257e-17
-4.31811e-17
-3.54822e-17
7.83064e-19
2.3215e-17
8.31309e-18
-7.23561e-17
4.5846e-18
5.62277e-18
7.59187e-18
1.11589e-17
1.27906e-17
2.03916e-17
1.01547e-17
3.26267e-18
7.81564e-18
-2.07555e-17
-2.60999e-17
3.27608e-18
5.51923e-17
1.16323e-17
-7.05786e-17
4.59598e-18
4.88374e-18
5.84258e-18
7.47855e-18
1.05338e-17
1.46359e-17
9.48331e-18
-4.97266e-20
-5.3751e-18
-6.35877e-17
-3.05398e-17
3.30078e-18
4.83649e-17
1.81584e-17
-6.75722e-17
7.23112e-18
7.94865e-18
1.02378e-17
1.64078e-17
1.43913e-17
1.42461e-17
1.3256e-17
2.18136e-17
-3.4403e-18
-4.61427e-17
-3.02564e-17
-6.18877e-19
2.85179e-17
-1.6482e-20
-6.502e-17
2.87619e-18
6.32912e-18
9.82467e-18
1.3833e-17
1.45118e-17
1.45806e-17
1.46495e-17
1.69776e-17
3.86674e-20
-3.17408e-17
-2.53495e-17
7.15568e-18
8.72766e-17
6.46714e-17
-6.1483e-17
2.86262e-18
5.76663e-18
8.80204e-18
1.16451e-17
1.32558e-17
1.38707e-17
1.34061e-17
1.07778e-17
-4.45242e-18
-2.61386e-17
-2.28083e-17
9.04763e-19
1.36952e-17
4.73714e-17
-1.34785e-16
2.78767e-18
4.17084e-18
7.47742e-18
1.13827e-17
1.31372e-17
1.386e-17
1.51408e-17
1.80399e-17
1.3878e-17
-1.12223e-17
-1.56482e-17
7.39611e-18
6.98293e-17
4.70233e-17
-1.27092e-16
4.83014e-18
1.11316e-17
8.77396e-18
5.18503e-18
1.04979e-17
1.47198e-17
1.21116e-17
-7.15617e-18
-3.5778e-17
-1.94689e-17
-1.41321e-17
3.26328e-18
6.63789e-18
3.13998e-17
-2.01271e-16
5.07289e-18
6.67767e-18
5.63779e-18
4.21002e-18
4.35689e-18
-1.81164e-18
3.10801e-18
-6.86106e-18
-2.45246e-17
-1.59244e-17
-1.00861e-17
1.64638e-18
6.54745e-18
1.36617e-17
-2.68853e-16
4.52205e-18
6.52001e-18
1.01741e-17
7.2188e-18
5.40736e-18
2.21588e-18
1.26482e-18
-6.80169e-18
-2.25368e-17
-3.21102e-17
-1.98519e-17
-4.26244e-18
2.61763e-18
-7.12685e-18
-3.35349e-16
8.01194e-18
1.20236e-17
1.691e-17
9.78267e-18
3.07633e-18
-5.40952e-19
-2.50737e-18
-7.31213e-18
-1.13549e-17
2.69163e-17
6.98472e-18
5.05068e-19
-3.16375e-18
-2.48419e-17
-3.11155e-16
3.61106e-18
4.4917e-18
1.31649e-17
1.76729e-17
2.07809e-17
1.20699e-17
4.22105e-18
-1.2904e-18
-1.68155e-18
-4.00377e-18
-4.72404e-17
-1.33545e-17
-7.83041e-19
-3.67164e-17
-2.87911e-16
3.05645e-20
-1.71213e-18
-1.25978e-18
-3.09649e-18
3.56609e-18
-1.92112e-18
6.80641e-19
-4.13867e-18
-2.08871e-17
3.76673e-17
-4.15586e-18
-2.72689e-18
-4.39062e-17
-4.58629e-17
-2.64804e-16
9.46743e-18
1.53801e-17
1.57686e-17
1.71992e-17
5.98895e-18
8.76283e-19
-5.11853e-18
-9.76403e-18
-2.13694e-17
-2.26584e-17
-6.52817e-17
-7.13342e-17
-6.11495e-17
-8.17534e-17
-1.6746e-16
3.36512e-19
1.04951e-18
-5.61924e-18
-1.42014e-17
-1.44383e-17
-4.72688e-18
1.02913e-17
-2.07207e-18
-1.72787e-17
-3.05365e-17
-5.07545e-17
-2.41616e-17
-5.00277e-17
-1.41806e-18
-1.49326e-16
5.42138e-18
1.10737e-18
-4.24796e-18
-7.70365e-18
-1.56567e-18
6.88866e-18
8.96599e-18
-7.05877e-19
-1.40952e-17
-2.81562e-17
-4.12124e-17
-2.96665e-17
-3.48876e-17
7.98574e-17
-4.55622e-17
6.64391e-18
3.60354e-18
1.67445e-18
3.26406e-18
3.71886e-18
6.83597e-18
1.01824e-17
1.72426e-18
-1.21875e-17
-2.61816e-17
-3.65036e-17
-3.10821e-17
-3.17848e-18
7.01182e-17
-3.60459e-17
9.65538e-18
8.33563e-18
8.1999e-18
9.73688e-18
9.93501e-18
1.04023e-17
-1.21226e-17
-3.96881e-18
-4.85592e-18
-1.64243e-17
-2.42583e-17
-1.28768e-17
-8.88887e-17
4.07941e-17
-3.15842e-17
7.93676e-18
5.72568e-18
2.10257e-18
-4.28248e-18
1.40316e-18
2.07785e-18
-7.34284e-18
-1.3129e-17
-3.18746e-17
-2.49864e-17
-2.24374e-17
-1.79632e-17
-5.93354e-17
1.12421e-17
-3.01732e-17
1.01394e-17
8.41489e-18
7.8248e-18
1.01219e-17
4.76401e-18
1.33882e-18
-4.50397e-18
-1.02318e-17
-1.85183e-17
-1.64483e-17
-1.78145e-17
-2.48668e-17
-1.00078e-16
3.80474e-17
-2.31058e-17
8.91584e-18
1.05332e-17
1.0491e-17
9.99207e-18
7.75211e-18
2.73562e-18
-5.67067e-18
-1.71212e-17
-3.63822e-17
-5.0926e-17
-3.2105e-17
-3.67704e-17
-1.00096e-16
4.23585e-17
8.18261e-18
1.63991e-18
-1.86884e-18
2.29978e-18
5.71254e-18
-9.07278e-18
-2.30121e-17
-3.56782e-17
-3.47569e-17
-4.00805e-17
-4.11844e-17
-3.40004e-17
-4.32798e-17
-9.16185e-17
-4.36738e-17
9.31018e-17
4.02825e-18
5.86349e-18
1.0306e-17
4.88584e-18
-5.75605e-18
-1.73664e-17
-2.74469e-17
-3.311e-17
-3.86126e-17
-5.57321e-17
-4.29805e-17
-4.83637e-17
-6.9155e-17
-1.37105e-16
1.05035e-16
4.20194e-18
3.70057e-18
1.92821e-18
-4.30162e-18
-8.54236e-18
-1.53902e-17
-2.32863e-17
-2.99877e-17
-3.55636e-17
-4.52695e-17
-4.4364e-17
-4.65083e-17
-2.82818e-17
-1.27997e-16
1.16392e-16
3.1259e-18
1.5147e-18
-1.44193e-18
-7.19276e-18
-8.98675e-18
-1.29733e-17
-1.80479e-17
-2.3333e-17
-2.88396e-17
-3.55821e-17
-4.04878e-17
-4.65537e-17
-3.80737e-17
-1.1839e-16
1.2389e-16
-1.01203e-18
-1.72268e-18
-3.63449e-18
-6.79759e-18
-9.80015e-18
-1.28973e-17
-1.59376e-17
-2.04749e-17
-2.61516e-17
-3.35986e-17
-3.97285e-17
-5.0644e-17
-4.93364e-17
-1.03321e-16
1.3434e-16
-1.63633e-18
-4.2475e-19
2.26996e-18
8.11793e-18
1.28615e-17
7.36484e-18
-1.8252e-17
-2.16117e-17
-2.57652e-17
-3.08733e-17
-2.77234e-17
-9.46451e-17
-1.28374e-16
-1.7052e-16
1.55446e-16
)
;
    }
}


// ************************************************************************* //
