/*--------------------------------*- C++ -*----------------------------------*\
| =========                 |                                                 |
| \\      /  F ield         | OpenFOAM: The Open Source CFD Toolbox           |
|  \\    /   O peration     | Version:  2.4.x                                 |
|   \\  /    A nd           | Web:      www.OpenFOAM.org                      |
|    \\/     M anipulation  |                                                 |
\*---------------------------------------------------------------------------*/
FoamFile
{
    version     2.0;
    format      ascii;
    class       volVectorField;
    location    "0.1";
    object      U;
}
// * * * * * * * * * * * * * * * * * * * * * * * * * * * * * * * * * * * * * //

dimensions      [0 1 -1 0 0 0 0];

internalField   nonuniform List<vector> 
1250
(
(10.4548 -0.0355135 -8.08559e-15)
(11.9038 0.0624692 -4.51931e-14)
(12.6124 0.128724 -8.85286e-14)
(12.9531 0.157008 -1.94179e-13)
(13.0633 0.147693 -1.49749e-13)
(13.0236 0.166677 3.42426e-15)
(12.9164 0.112105 1.12271e-13)
(12.786 0.144647 9.09419e-14)
(12.637 0.105207 1.8256e-13)
(12.5303 0.140968 2.06922e-14)
(12.3736 0.135424 1.40378e-13)
(12.2244 0.0858518 2.94845e-13)
(12.0904 0.115471 4.53678e-13)
(11.9419 0.0750628 2.76346e-13)
(11.8209 0.0988628 5.2057e-13)
(11.6899 0.0641926 1.68173e-12)
(11.5722 0.0833471 2.6735e-13)
(11.4362 0.0548779 1.65734e-12)
(11.3117 0.0703464 -3.81369e-12)
(11.1864 0.0673595 2.48394e-11)
(11.071 0.0434534 8.30009e-12)
(10.9808 0.0575361 2.40125e-12)
(10.8637 0.0546313 1.73217e-12)
(10.7565 0.0353829 9.40361e-13)
(10.6398 0.0504467 1.87564e-12)
(10.5339 0.0333206 2.50092e-12)
(10.4357 0.0440701 1.84408e-12)
(10.3338 0.0286455 1.756e-12)
(10.2406 0.0378752 1.48198e-12)
(10.1448 0.0247463 8.04036e-13)
(10.0534 0.0327721 1.27416e-12)
(9.9606 0.0215951 2.52308e-12)
(9.86913 0.0276064 1.29709e-12)
(9.77713 0.0176147 1.19126e-12)
(9.68142 0.0237436 6.74487e-13)
(9.58355 0.0222232 5.24371e-12)
(9.48772 0.0144153 -5.17341e-12)
(9.39395 0.0193745 -1.21259e-11)
(9.29449 0.0127989 2.51297e-11)
(9.20343 0.0169986 1.35865e-11)
(9.0975 0.0160759 9.12137e-12)
(9.00793 0.0130121 5.23314e-12)
(8.89487 0.0143493 1.14368e-11)
(8.7994 0.0130646 -6.79678e-11)
(8.65707 0.0141955 -1.23245e-11)
(8.53747 0.0140516 -5.16251e-12)
(8.34351 0.0166292 -1.47482e-12)
(8.15371 0.0116032 1.39428e-12)
(7.88507 0.0362689 -2.43333e-12)
(7.0728 0.0214325 1.93973e-11)
(10.5667 -0.09662 -2.21968e-14)
(12.0693 0.192977 -1.34689e-13)
(12.6791 0.356188 -2.5953e-13)
(12.9553 0.427522 -5.53175e-13)
(13.0204 0.462509 -3.21141e-13)
(12.9595 0.43658 6.51805e-14)
(12.8307 0.401094 2.68876e-13)
(12.6827 0.378947 2.64288e-13)
(12.5507 0.388662 3.92512e-13)
(12.433 0.369527 2.81784e-14)
(12.2873 0.342337 4.44096e-13)
(12.1354 0.30902 6.69907e-13)
(11.9971 0.295973 1.32329e-12)
(11.8565 0.272196 5.63314e-13)
(11.7363 0.253428 1.70994e-12)
(11.6132 0.232686 3.66138e-12)
(11.4922 0.211076 5.60228e-13)
(11.3611 0.199373 3.06701e-12)
(11.2362 0.181744 -8.26678e-12)
(11.1236 0.169424 2.90609e-11)
(11.0106 0.159009 1.2172e-11)
(10.9143 0.148596 5.36537e-12)
(10.8101 0.136465 4.73596e-12)
(10.7004 0.130217 1.87768e-12)
(10.5842 0.127717 5.5945e-12)
(10.481 0.121672 5.29469e-12)
(10.3839 0.112283 5.12885e-12)
(10.286 0.105506 3.61939e-12)
(10.1926 0.0966276 4.07994e-12)
(10.0994 0.0912429 1.59253e-12)
(10.0083 0.0835633 3.87045e-12)
(9.91803 0.0797865 5.32056e-12)
(9.82722 0.0706543 3.47506e-12)
(9.73634 0.0648253 2.43916e-12)
(9.64021 0.0609171 2.20735e-12)
(9.54648 0.0563702 1.43113e-11)
(9.45015 0.0539757 -1.33489e-11)
(9.35793 0.0493649 -3.10312e-11)
(9.25879 0.0475227 5.12633e-11)
(9.16842 0.0435686 3.58088e-11)
(9.06525 0.0407905 2.50143e-11)
(8.9755 0.040653 1.08751e-11)
(8.86415 0.0377125 2.64862e-11)
(8.76978 0.0389718 -6.62098e-11)
(8.62945 0.0389584 -2.5007e-11)
(8.51129 0.0418091 -9.94935e-12)
(8.31908 0.0437138 -3.68852e-12)
(8.1285 0.0447715 2.94586e-12)
(7.86902 0.090802 -6.81707e-12)
(7.06943 0.0747487 4.24497e-11)
(10.7111 -0.154512 -3.4355e-14)
(12.289 0.438028 -2.70898e-13)
(12.742 0.655958 -4.99651e-13)
(12.8886 0.726062 -1.11196e-12)
(12.8655 0.720229 -5.55761e-13)
(12.7603 0.685485 4.62908e-13)
(12.5958 0.656607 6.69308e-13)
(12.4554 0.630418 4.83673e-13)
(12.3292 0.609849 7.44001e-13)
(12.211 0.580334 -8.38445e-14)
(12.0745 0.541056 1.04294e-12)
(11.9261 0.494794 1.53923e-12)
(11.7915 0.461067 2.47634e-12)
(11.6649 0.423408 9.21746e-13)
(11.552 0.393588 4.19311e-12)
(11.4432 0.364367 7.18898e-12)
(11.3227 0.331648 -2.26347e-13)
(11.1993 0.302578 3.65055e-12)
(11.0848 0.282284 -7.74273e-12)
(10.9792 0.264965 1.95339e-11)
(10.875 0.246 9.17296e-12)
(10.7812 0.231004 4.81793e-12)
(10.686 0.214382 7.03757e-12)
(10.5787 0.197342 3.06604e-12)
(10.4665 0.19502 1.0995e-11)
(10.3663 0.188414 9.62546e-12)
(10.2726 0.17507 8.22772e-12)
(10.1809 0.162269 6.13308e-12)
(10.0899 0.150794 6.34458e-12)
(10.0008 0.139835 2.41807e-12)
(9.91196 0.13054 7.89296e-12)
(9.82541 0.120521 9.78409e-12)
(9.73767 0.110511 4.77488e-12)
(9.64883 0.101304 4.15696e-12)
(9.55544 0.0947811 5.68756e-12)
(9.46484 0.0883417 2.12733e-11)
(9.37032 0.0820318 -1.00155e-11)
(9.28111 0.0771589 -3.6803e-11)
(9.18393 0.0717883 6.5883e-11)
(9.09636 0.067947 4.91261e-11)
(8.99549 0.0640334 3.61874e-11)
(8.90785 0.0606778 1.86983e-11)
(8.7993 0.0586903 3.36395e-11)
(8.70636 0.058648 -4.52304e-11)
(8.56998 0.0600317 -3.17217e-11)
(8.45271 0.062885 -1.40603e-11)
(8.26647 0.0689858 -3.81746e-12)
(8.08185 0.065286 5.50215e-12)
(7.81785 0.144832 -1.11843e-11)
(7.0287 0.110698 4.08304e-11)
(10.6625 0.116576 -4.84169e-14)
(12.5152 0.917729 -5.74941e-13)
(12.6681 1.09463 -9.64496e-13)
(12.5957 1.08892 -2.4764e-12)
(12.4648 1.05878 -4.0582e-13)
(12.3125 1.00208 2.27655e-12)
(12.1627 0.952204 1.18828e-12)
(12.0333 0.90585 6.65023e-13)
(11.92 0.853641 1.10673e-12)
(11.8202 0.797715 -4.61911e-13)
(11.7013 0.739475 2.64277e-12)
(11.5771 0.675414 3.04948e-12)
(11.4623 0.625837 3.94406e-12)
(11.3566 0.577628 1.38123e-12)
(11.2612 0.535292 9.46697e-12)
(11.1685 0.49539 1.06568e-11)
(11.062 0.450146 -4.91177e-12)
(10.9519 0.412722 3.02833e-12)
(10.8508 0.384371 -5.3619e-12)
(10.757 0.360312 1.14387e-11)
(10.6644 0.336549 -2.39993e-12)
(10.5784 0.315105 2.64041e-12)
(10.4926 0.291599 1.02113e-11)
(10.3959 0.268025 4.72614e-12)
(10.2891 0.25923 1.98662e-11)
(10.1919 0.253835 1.30606e-11)
(10.1038 0.239908 1.04025e-11)
(10.0195 0.222352 7.86825e-12)
(9.93449 0.20678 7.72723e-12)
(9.85089 0.192314 2.98383e-12)
(9.767 0.178773 1.56572e-11)
(9.6851 0.166082 1.38482e-11)
(9.60168 0.152251 2.83501e-12)
(9.51743 0.139214 6.40383e-12)
(9.42869 0.129865 1.21589e-11)
(9.34192 0.120871 2.60059e-11)
(9.25141 0.112691 7.31839e-12)
(9.16575 0.10554 -2.70573e-11)
(9.07254 0.0985837 5.88694e-11)
(8.98841 0.0930645 5.08024e-11)
(8.89129 0.0876799 4.1058e-11)
(8.80685 0.0837729 2.43053e-11)
(8.70188 0.0805596 3.29998e-11)
(8.61135 0.0808937 -3.77965e-12)
(8.48029 0.0826134 -3.48861e-11)
(8.36373 0.086733 -1.33048e-11)
(8.18498 0.0943223 -3.19212e-14)
(7.99643 0.0915599 8.04897e-12)
(7.73266 0.197914 -1.6098e-11)
(6.95703 0.152261 2.66971e-11)
(10.006 0.754149 -8.43682e-14)
(12.1696 1.79161 -1.49748e-12)
(12.001 1.67045 -1.55084e-12)
(11.6912 1.51467 -1.67288e-12)
(11.5885 1.43069 -1.06742e-12)
(11.4797 1.32582 3.46166e-13)
(11.3944 1.22554 7.56183e-13)
(11.3326 1.13873 5.6539e-13)
(11.2836 1.06197 1.39393e-12)
(11.2342 0.985292 -1.06644e-12)
(11.1606 0.905075 7.37954e-12)
(11.0762 0.83081 5.20826e-12)
(10.9987 0.766985 5.38237e-12)
(10.9246 0.707627 3.26209e-12)
(10.8576 0.656531 6.01233e-12)
(10.7915 0.606903 9.44065e-12)
(10.706 0.553145 2.0929e-12)
(10.6168 0.509446 5.03179e-12)
(10.5349 0.475126 -3.23666e-12)
(10.4568 0.445395 9.75164e-12)
(10.3794 0.416266 4.97583e-12)
(10.3054 0.389255 6.14277e-12)
(10.2324 0.35923 -2.9503e-13)
(10.1475 0.330494 7.18913e-12)
(10.0523 0.314708 1.33337e-11)
(9.96357 0.306117 1.21222e-11)
(9.88139 0.296537 1.09166e-11)
(9.80374 0.278466 8.5784e-12)
(9.72798 0.257485 7.83997e-12)
(9.65171 0.23956 4.89125e-12)
(9.5748 0.222787 6.08539e-12)
(9.49933 0.20705 1.50268e-11)
(9.42185 0.190858 2.15268e-11)
(9.34383 0.174358 1.17773e-11)
(9.26111 0.161413 8.57558e-12)
(9.17988 0.150611 3.11765e-11)
(9.09441 0.140279 6.89471e-12)
(9.01386 0.131505 -2.98303e-11)
(8.92564 0.122918 4.9883e-11)
(8.84626 0.116019 4.72681e-11)
(8.7539 0.109328 4.09907e-11)
(8.67392 0.104382 2.7007e-11)
(8.57351 0.100611 3.08695e-11)
(8.48625 0.100783 1.27829e-11)
(8.36171 0.103413 -1.038e-11)
(8.24594 0.108182 -6.5803e-12)
(8.07714 0.118564 -1.02388e-11)
(7.88375 0.116224 9.16068e-12)
(7.61818 0.247652 -2.19736e-11)
(6.85786 0.191053 7.22928e-12)
(7.58796 0.409877 -3.61055e-13)
(8.4733 2.30881 -3.03468e-12)
(9.42424 1.87918 -2.39933e-12)
(9.71831 1.76323 -2.16937e-12)
(9.99937 1.61273 -1.59989e-12)
(10.1513 1.48547 -2.78091e-13)
(10.2645 1.38026 5.71563e-13)
(10.3474 1.28629 6.29346e-13)
(10.4113 1.19968 1.6395e-12)
(10.4447 1.1088 -7.37889e-13)
(10.4398 1.02123 4.77795e-12)
(10.4203 0.938378 5.7071e-12)
(10.3969 0.874248 6.4099e-12)
(10.3707 0.813906 4.78023e-12)
(10.3445 0.756883 5.76467e-12)
(10.3113 0.699079 8.82137e-12)
(10.2549 0.63778 4.26127e-12)
(10.1941 0.590469 6.2324e-12)
(10.1373 0.551408 -2.68758e-12)
(10.0802 0.517112 1.6494e-11)
(10.022 0.483661 9.14546e-12)
(9.96437 0.452243 7.5646e-12)
(9.90694 0.417789 3.85774e-12)
(9.83737 0.384718 5.43557e-12)
(9.75687 0.364534 1.00321e-11)
(9.68035 0.349937 1.09636e-11)
(9.60806 0.339229 1.07317e-11)
(9.53884 0.324875 8.20904e-12)
(9.47202 0.303955 6.94483e-12)
(9.40578 0.282056 5.669e-12)
(9.33774 0.262167 1.80148e-12)
(9.2705 0.243807 2.28523e-11)
(9.20063 0.225842 1.88233e-11)
(9.13019 0.207059 1.2006e-11)
(9.05513 0.190488 9.54268e-12)
(8.98102 0.177098 2.17004e-11)
(8.90214 0.165254 6.81266e-12)
(8.82777 0.154869 -2.70441e-11)
(8.74583 0.144844 4.15958e-11)
(8.67212 0.136668 4.13571e-11)
(8.58556 0.128822 3.78331e-11)
(8.51109 0.123122 2.6974e-11)
(8.41614 0.118892 2.86697e-11)
(8.33301 0.118932 1.77234e-11)
(8.21588 0.122647 2.10331e-12)
(8.10113 0.127793 -1.3712e-12)
(7.94442 0.1413 -3.13048e-12)
(7.74404 0.141091 1.01427e-11)
(7.47673 0.293641 -2.13833e-11)
(6.73391 0.226736 -1.83069e-12)
(4.00889 -0.65133 -1.71775e-12)
(5.18879 0.378474 -3.98014e-12)
(6.56736 1.00348 -2.81121e-12)
(7.43903 1.36545 -3.24391e-12)
(8.08909 1.42499 -1.59998e-12)
(8.53347 1.41352 4.34402e-13)
(8.88101 1.36894 1.24478e-12)
(9.13929 1.30712 1.19892e-12)
(9.34279 1.23426 2.08786e-12)
(9.48367 1.14821 -3.28791e-13)
(9.57357 1.06405 7.23399e-12)
(9.63558 0.991697 7.12776e-12)
(9.68112 0.933067 7.68883e-12)
(9.70935 0.878027 5.74997e-12)
(9.72856 0.823719 7.88438e-12)
(9.73482 0.765032 9.46125e-12)
(9.71552 0.699068 3.81887e-12)
(9.68994 0.650221 5.88456e-12)
(9.66337 0.608881 -1.97869e-12)
(9.63209 0.571539 1.53896e-11)
(9.5969 0.535283 8.69115e-12)
(9.55946 0.50163 6.77978e-12)
(9.52077 0.464856 7.77863e-12)
(9.46966 0.428909 5.28303e-12)
(9.40645 0.405005 1.03015e-11)
(9.34464 0.386745 1.0998e-11)
(9.2857 0.372099 1.03002e-11)
(9.22779 0.359017 6.42879e-12)
(9.17101 0.341163 5.19973e-12)
(9.1155 0.318506 4.84154e-12)
(9.05863 0.295687 2.22081e-12)
(9.0017 0.275174 2.12021e-11)
(8.94123 0.255669 1.33711e-11)
(8.87973 0.235713 9.12889e-12)
(8.81355 0.216654 1.24478e-11)
(8.74806 0.200229 1.45208e-11)
(8.67728 0.186637 4.53446e-12)
(8.6102 0.175043 -2.03637e-11)
(8.53559 0.16372 3.44806e-11)
(8.46859 0.154514 3.47186e-11)
(8.38883 0.145697 3.30551e-11)
(8.32066 0.139368 2.4892e-11)
(8.23201 0.13489 2.65559e-11)
(8.15389 0.134749 1.66716e-11)
(8.04478 0.139925 7.09998e-12)
(7.93151 0.144905 1.55849e-12)
(7.78827 0.162323 3.11152e-12)
(7.57974 0.164483 1.01111e-11)
(7.31195 0.334431 -1.61137e-11)
(6.58655 0.258721 -4.83333e-12)
(2.80941 -2.40357 -4.75017e-12)
(2.81667 -0.866366 -3.41787e-12)
(4.13375 0.119649 -2.6697e-12)
(5.25925 0.744015 -5.27065e-12)
(6.17131 1.02177 4.8334e-13)
(6.84965 1.15847 3.79114e-12)
(7.39925 1.20545 2.95921e-12)
(7.82435 1.20578 2.22871e-12)
(8.16421 1.17191 2.74706e-12)
(8.41563 1.1104 7.32002e-13)
(8.60404 1.04793 5.54553e-12)
(8.75112 0.990464 8.75429e-12)
(8.86926 0.940052 9.18078e-12)
(8.96075 0.889777 6.36724e-12)
(9.03347 0.84263 1.35318e-11)
(9.08014 0.795053 9.81944e-12)
(9.10082 0.733848 6.53951e-14)
(9.11507 0.685063 4.51162e-12)
(9.12261 0.644407 -8.38413e-13)
(9.1207 0.606865 1.08768e-11)
(9.11204 0.570422 4.16759e-12)
(9.09783 0.536427 5.26004e-12)
(9.07999 0.49938 1.1895e-11)
(9.04972 0.461921 5.64637e-12)
(9.00615 0.434997 1.41955e-11)
(8.96121 0.414357 1.17232e-11)
(8.91775 0.397037 8.99268e-12)
(8.87396 0.382017 2.34049e-12)
(8.82956 0.366816 2.73587e-12)
(8.78545 0.346607 3.25959e-12)
(8.74114 0.32241 6.55524e-12)
(8.69645 0.300371 1.44363e-11)
(8.64709 0.279828 4.73109e-12)
(8.59598 0.259048 5.87039e-12)
(8.53985 0.238878 1.71381e-11)
(8.48413 0.220145 6.35802e-12)
(8.4228 0.204237 6.11619e-12)
(8.36415 0.191445 -1.00085e-11)
(8.29795 0.179215 2.72109e-11)
(8.2385 0.169201 2.76411e-11)
(8.16646 0.15965 2.75743e-11)
(8.1052 0.152883 2.15864e-11)
(8.02361 0.148347 2.43285e-11)
(7.95133 0.148055 1.17397e-11)
(7.85058 0.154868 7.64312e-12)
(7.73957 0.159206 2.7872e-12)
(7.61009 0.181276 9.25698e-12)
(7.39531 0.186332 9.27488e-12)
(7.12518 0.370428 -8.39168e-12)
(6.4179 0.286829 -4.84198e-12)
(2.66938 -1.45529 -3.77069e-12)
(1.60421 -1.13608 -2.24127e-12)
(2.39876 -0.575768 -2.01786e-12)
(3.50253 0.0893855 -3.25053e-12)
(4.4914 0.523172 1.45258e-12)
(5.29294 0.794529 4.48619e-12)
(5.96684 0.939168 4.86321e-12)
(6.51342 1.00965 3.12592e-12)
(6.95983 1.02383 3.56445e-12)
(7.30808 0.999258 1.89304e-12)
(7.58613 0.969062 8.25108e-12)
(7.81245 0.935121 1.31474e-11)
(7.99972 0.901587 1.07065e-11)
(8.15214 0.864188 7.42687e-12)
(8.27935 0.825775 1.09652e-11)
(8.36942 0.789778 4.48762e-12)
(8.43032 0.742361 2.51504e-12)
(8.48339 0.699183 4.74376e-12)
(8.5282 0.660267 5.35624e-13)
(8.55755 0.624794 1.10325e-11)
(8.57693 0.58991 7.1308e-12)
(8.58758 0.556746 7.20105e-12)
(8.5923 0.521259 4.76042e-12)
(8.58421 0.48331 4.90529e-12)
(8.56195 0.453543 9.37777e-12)
(8.53608 0.431578 1.07717e-11)
(8.50972 0.412804 4.92106e-12)
(8.48196 0.396304 -5.43316e-12)
(8.45218 0.380904 3.99427e-13)
(8.42126 0.364009 2.90161e-12)
(8.38992 0.341957 2.86608e-12)
(8.35908 0.318658 9.31239e-12)
(8.32225 0.297651 5.6961e-12)
(8.28288 0.276376 6.40315e-12)
(8.2379 0.255828 1.23159e-11)
(8.19283 0.236356 6.4359e-12)
(8.14188 0.218331 4.23955e-12)
(8.0929 0.20375 -7.63877e-12)
(8.03601 0.190923 1.76817e-11)
(7.98483 0.180477 2.06389e-11)
(7.92136 0.170425 2.20998e-11)
(7.86743 0.163403 1.78249e-11)
(7.79368 0.158866 2.15566e-11)
(7.72787 0.158474 3.20633e-12)
(7.63558 0.167178 6.05041e-12)
(7.52793 0.170509 3.60998e-12)
(7.41143 0.197776 7.29264e-12)
(7.19308 0.206356 7.46655e-12)
(6.92084 0.40026 -3.86839e-12)
(6.23183 0.30881 -3.90052e-12)
(2.14522 -1.04517 -4.29418e-13)
(1.22713 -0.976281 -8.49313e-13)
(1.52555 -0.814686 -1.14182e-12)
(2.27503 -0.361457 -1.90028e-12)
(3.16714 0.0771558 -1.03154e-13)
(3.96511 0.410652 1.43218e-12)
(4.67753 0.625641 2.2827e-12)
(5.28465 0.760264 3.13881e-12)
(5.79658 0.826639 4.67893e-12)
(6.21636 0.84559 3.69382e-12)
(6.56586 0.849879 6.2647e-12)
(6.85738 0.843327 9.6768e-12)
(7.10388 0.830564 9.80531e-12)
(7.31092 0.808812 7.57589e-12)
(7.4882 0.781604 9.61281e-12)
(7.6167 0.752995 6.90204e-12)
(7.71791 0.718002 4.7165e-12)
(7.81007 0.686825 5.45314e-12)
(7.89121 0.654912 2.71341e-12)
(7.95246 0.623164 6.89261e-12)
(8.00075 0.590981 8.31268e-12)
(8.03754 0.559666 8.77913e-12)
(8.06571 0.526694 6.97024e-12)
(8.08042 0.490188 5.69412e-12)
(8.08104 0.460069 7.70814e-12)
(8.07599 0.438179 9.25255e-12)
(8.06813 0.418899 4.52973e-12)
(8.05752 0.401957 -2.83525e-12)
(8.04387 0.386013 1.20133e-12)
(8.02792 0.371156 3.49487e-12)
(8.01043 0.352081 1.44707e-12)
(7.99403 0.329546 7.05892e-12)
(7.97109 0.308627 6.02307e-12)
(7.94457 0.287454 8.6628e-12)
(7.91181 0.266864 8.89414e-12)
(7.87824 0.2475 3.61492e-12)
(7.83827 0.228941 9.16784e-12)
(7.79979 0.212682 -3.48813e-12)
(7.75306 0.198784 1.53627e-11)
(7.71059 0.188123 1.48591e-11)
(7.65647 0.177757 1.72191e-11)
(7.61027 0.170535 1.41503e-11)
(7.54502 0.166284 1.74085e-11)
(7.48612 0.165909 8.88333e-12)
(7.4022 0.176756 4.73466e-12)
(7.29926 0.178831 4.26371e-12)
(7.19386 0.211445 6.01978e-12)
(6.97545 0.223908 5.54196e-12)
(6.70126 0.423978 -1.7003e-12)
(6.03111 0.326917 -2.80628e-12)
(1.08276 -0.078852 -3.16689e-14)
(1.29391 -0.425094 -5.274e-14)
(1.25236 -0.599915 -3.99737e-13)
(1.57888 -0.476211 -9.82179e-13)
(2.20162 -0.20874 -9.68154e-13)
(2.88241 0.0878294 -1.09313e-12)
(3.55169 0.319651 -3.41612e-13)
(4.16027 0.4905 3.96136e-12)
(4.69269 0.597857 7.21425e-12)
(5.14977 0.662401 5.95562e-12)
(5.54511 0.702123 6.25518e-12)
(5.88567 0.721244 7.42335e-12)
(6.17814 0.728368 8.48431e-12)
(6.42987 0.722377 6.91636e-12)
(6.64713 0.700434 8.9638e-12)
(6.81491 0.684707 7.16228e-12)
(6.95707 0.660048 6.17791e-12)
(7.0903 0.644646 6.17679e-12)
(7.20463 0.621673 4.71919e-12)
(7.29795 0.596629 4.64037e-12)
(7.37594 0.569919 1.11031e-11)
(7.44003 0.542505 1.03908e-11)
(7.49319 0.51355 7.98733e-12)
(7.53244 0.4817 6.60314e-12)
(7.55732 0.454534 7.68376e-12)
(7.57415 0.433742 7.61331e-12)
(7.58611 0.415059 1.25608e-11)
(7.594 0.39862 4.64997e-12)
(7.59794 0.383221 4.57068e-12)
(7.59821 0.36903 4.39441e-12)
(7.59607 0.352596 7.51662e-12)
(7.59524 0.333155 7.81089e-12)
(7.58728 0.312883 6.88352e-12)
(7.5748 0.292357 1.20509e-11)
(7.55536 0.272233 5.23305e-12)
(7.53439 0.253082 4.48169e-14)
(7.50649 0.235 1.36822e-11)
(7.47908 0.21842 4.7934e-13)
(7.44323 0.203375 7.60406e-12)
(7.41044 0.19204 9.16539e-12)
(7.36658 0.181502 1.30898e-11)
(7.32849 0.174431 1.05662e-11)
(7.27256 0.170764 1.32482e-11)
(7.22103 0.17063 1.14257e-11)
(7.14533 0.183391 2.06012e-12)
(7.04946 0.184324 4.95254e-12)
(6.95218 0.222307 5.04736e-12)
(6.73781 0.23851 3.65457e-12)
(6.46057 0.442909 -1.13409e-12)
(5.81223 0.341932 -1.70173e-12)
(0.964271 -0.0193371 4.65781e-14)
(1.17362 -0.181523 2.95842e-13)
(1.14952 -0.267738 2.41788e-16)
(1.25874 -0.300444 -5.75515e-13)
(1.56433 -0.258441 -1.82109e-12)
(2.03872 -0.105286 -4.3532e-12)
(2.58391 0.071953 -3.09463e-12)
(3.12818 0.231739 8.78534e-12)
(3.63976 0.355611 1.33382e-11)
(4.10468 0.448593 8.2774e-12)
(4.51545 0.514565 6.75688e-12)
(4.88112 0.556338 5.68363e-12)
(5.20338 0.582564 7.45194e-12)
(5.48646 0.593488 5.50296e-12)
(5.73088 0.585718 9.47604e-12)
(5.94059 0.585711 6.02628e-12)
(6.12812 0.578295 7.47505e-12)
(6.29599 0.572902 6.90524e-12)
(6.44133 0.559555 6.31791e-12)
(6.56588 0.54341 4.01179e-12)
(6.67412 0.524464 7.52476e-12)
(6.7668 0.503785 1.13269e-11)
(6.84684 0.481274 7.37563e-12)
(6.91259 0.456417 7.32069e-12)
(6.96336 0.434404 8.56921e-12)
(7.00387 0.416294 7.34692e-12)
(7.03768 0.399569 1.18e-11)
(7.06611 0.384733 9.26933e-12)
(7.08946 0.370661 8.32977e-12)
(7.10812 0.35735 5.94072e-12)
(7.12386 0.343894 1.66086e-11)
(7.14003 0.32795 9.26007e-12)
(7.1487 0.309337 8.92558e-12)
(7.15201 0.290216 1.62404e-11)
(7.1476 0.271061 5.12297e-12)
(7.1409 0.252755 -2.24712e-12)
(7.12664 0.235401 2.08854e-11)
(7.11176 0.219296 1.33522e-12)
(7.08822 0.204535 1.38579e-12)
(7.0664 0.192652 4.43225e-12)
(7.03403 0.181803 1.00686e-11)
(7.00489 0.174652 6.78456e-12)
(6.95969 0.171693 9.77314e-12)
(6.91644 0.172315 1.19825e-11)
(6.84954 0.18702 -3.20169e-12)
(6.76384 0.186736 6.38035e-12)
(6.67224 0.230655 3.92784e-12)
(6.46316 0.249717 1.56112e-12)
(6.18353 0.456569 -1.69275e-12)
(5.56269 0.353941 -3.8399e-13)
(0.950179 0.0234386 9.84435e-14)
(1.0392 -0.0556872 7.1736e-13)
(1.0627 -0.095347 1.21763e-13)
(1.12111 -0.116186 -7.40726e-13)
(1.24835 -0.13203 -3.5803e-12)
(1.4855 -0.108378 -9.96667e-12)
(1.83312 -0.0441145 -4.68962e-12)
(2.24623 0.0501063 7.9125e-12)
(2.67793 0.150814 8.22353e-12)
(3.09987 0.23857 6.63748e-12)
(3.49676 0.312406 5.82603e-12)
(3.86591 0.369067 2.77536e-12)
(4.1996 0.410821 7.38102e-12)
(4.50124 0.438179 2.93325e-12)
(4.76943 0.452373 1.32098e-11)
(5.00843 0.468644 2.07459e-12)
(5.22432 0.477109 1.08031e-11)
(5.41784 0.479198 7.51987e-12)
(5.59189 0.475196 7.41331e-12)
(5.74661 0.4687 2.81865e-12)
(5.88424 0.458753 7.62298e-12)
(6.00533 0.446237 1.43573e-11)
(6.11295 0.431386 3.78374e-12)
(6.20634 0.414224 8.74437e-12)
(6.28407 0.397616 1.04204e-11)
(6.34946 0.383108 7.91204e-12)
(6.4068 0.369756 1.36733e-11)
(6.45785 0.357568 1.29366e-11)
(6.50289 0.345944 1.14231e-11)
(6.54225 0.334303 9.56132e-12)
(6.57807 0.323987 1.10519e-11)
(6.61328 0.31208 7.00627e-12)
(6.6403 0.295984 1.30085e-11)
(6.66128 0.278947 2.1468e-11)
(6.67383 0.261591 1.56541e-11)
(6.68329 0.244841 -1.47436e-12)
(6.68447 0.228659 1.81533e-11)
(6.68399 0.213502 -7.2121e-12)
(6.67458 0.199868 -4.72204e-12)
(6.66499 0.188389 1.82708e-12)
(6.64544 0.178025 8.77753e-12)
(6.62657 0.170683 2.206e-12)
(6.5939 0.168293 8.03903e-12)
(6.55955 0.169653 1.05422e-11)
(6.50308 0.186261 2.25867e-12)
(6.43 0.185366 1.0596e-11)
(6.34172 0.237051 1.79883e-12)
(6.13906 0.257073 -1.30144e-12)
(5.85777 0.464862 -3.11131e-12)
(5.27254 0.363203 1.77052e-12)
(0.930533 0.020855 4.02947e-14)
(0.990499 -0.00947535 1.55247e-13)
(1.01741 -0.021604 -1.58376e-13)
(1.05886 -0.0246009 -1.2331e-12)
(1.11938 -0.0247475 -6.80799e-12)
(1.22079 -0.0185733 -6.06945e-12)
(1.38227 -0.00839069 -1.59413e-13)
(1.61355 0.0115338 4.37343e-13)
(1.90314 0.0465645 1.8262e-12)
(2.22957 0.0950972 2.57825e-12)
(2.56649 0.152828 2.9241e-12)
(2.8983 0.207703 -3.41416e-12)
(3.21508 0.251994 -3.99949e-12)
(3.51254 0.286265 -2.64456e-12)
(3.78691 0.311579 8.29287e-12)
(4.03876 0.335203 3.00382e-12)
(4.27166 0.351118 5.70355e-12)
(4.48595 0.363795 5.45586e-12)
(4.68182 0.370861 7.43725e-12)
(4.86006 0.374487 -1.39526e-12)
(5.02233 0.374222 2.0052e-12)
(5.16858 0.370557 7.25763e-12)
(5.30164 0.364164 3.83281e-12)
(5.42069 0.355056 1.59161e-11)
(5.52405 0.343887 1.35631e-11)
(5.61463 0.333469 8.97659e-12)
(5.69661 0.324248 2.05926e-11)
(5.77139 0.315434 1.61593e-11)
(5.83919 0.307161 1.34105e-11)
(5.90122 0.298872 1.29165e-11)
(5.95904 0.292677 4.9554e-12)
(6.01421 0.284161 4.64481e-12)
(6.06044 0.270984 7.84667e-12)
(6.10052 0.256659 1.04699e-11)
(6.1316 0.241851 1.86088e-11)
(6.15866 0.227203 -3.535e-12)
(6.17674 0.213126 1.82384e-11)
(6.19226 0.199535 -1.57657e-11)
(6.19835 0.187599 -7.55053e-12)
(6.20259 0.1771 3.28726e-12)
(6.19751 0.168107 9.16752e-12)
(6.18933 0.161334 -4.12365e-12)
(6.17088 0.159827 9.88418e-12)
(6.14616 0.162004 8.79732e-12)
(6.10124 0.179593 5.70863e-12)
(6.04108 0.179926 4.0866e-12)
(5.95833 0.238224 -3.71315e-12)
(5.76322 0.259047 -6.12113e-12)
(5.47901 0.465905 -5.02322e-12)
(4.93962 0.367618 5.44293e-12)
(0.920412 0.0174776 6.34136e-15)
(0.959826 0.0143902 -1.13876e-14)
(0.985922 0.0166669 -2.50462e-13)
(1.01855 0.0209327 -1.0185e-12)
(1.05723 0.0272585 -2.93377e-12)
(1.1104 0.0367375 -3.57323e-12)
(1.18493 0.0459623 -2.5284e-12)
(1.28916 0.0530263 -5.43951e-12)
(1.43113 0.0606387 -2.64171e-12)
(1.61519 0.069831 -1.03007e-12)
(1.83546 0.0842337 -2.12242e-12)
(2.07884 0.104057 -3.62677e-12)
(2.33388 0.128131 -4.41074e-12)
(2.59234 0.155501 -4.00917e-12)
(2.84482 0.182494 -1.55028e-12)
(3.08778 0.207983 -2.14236e-12)
(3.31984 0.227941 2.74745e-12)
(3.53892 0.24577 3.60133e-12)
(3.74442 0.259374 6.74525e-12)
(3.93691 0.269612 -9.7712e-13)
(4.11593 0.275752 1.36702e-12)
(4.28098 0.279011 3.00229e-12)
(4.43424 0.280059 5.25952e-12)
(4.57465 0.277728 8.85701e-12)
(4.70011 0.271997 1.33708e-11)
(4.81394 0.266825 1.09101e-11)
(4.9193 0.262669 1.47514e-11)
(5.01713 0.259062 1.47081e-11)
(5.10852 0.255489 1.32834e-11)
(5.1937 0.252368 1.3008e-11)
(5.27233 0.249188 1.02622e-11)
(5.3469 0.242785 4.20054e-12)
(5.41283 0.233295 5.13677e-12)
(5.47247 0.222462 2.87716e-12)
(5.52267 0.210862 1.98185e-11)
(5.56828 0.199345 3.22429e-12)
(5.60423 0.187948 4.89286e-12)
(5.63656 0.17639 -1.30525e-11)
(5.65901 0.166703 -9.09196e-13)
(5.67835 0.157572 3.11097e-12)
(5.68833 0.150942 8.13368e-12)
(5.69308 0.1447 1.1232e-12)
(5.68896 0.145027 3.72405e-12)
(5.67484 0.149157 5.91226e-12)
(5.643 0.16835 -7.00003e-12)
(5.59646 0.169643 -4.15487e-12)
(5.51464 0.238481 -5.97886e-12)
(5.3333 0.256414 -6.03267e-12)
(5.04503 0.455481 -6.17157e-12)
(4.5684 0.364204 7.69965e-12)
(0.913795 0.0140428 2.80617e-15)
(0.940549 0.0231198 -1.12104e-14)
(0.963764 0.0326391 -1.51477e-13)
(0.989645 0.0415208 -8.39655e-13)
(1.01927 0.0508161 -2.57073e-12)
(1.05545 0.0606068 -3.41153e-12)
(1.09889 0.069844 -2.63335e-12)
(1.1538 0.0791735 -2.80905e-12)
(1.2228 0.0863529 -2.36881e-12)
(1.30883 0.0910026 -1.99556e-12)
(1.41451 0.094573 -9.05897e-12)
(1.54246 0.0942863 -6.22259e-12)
(1.69635 0.0951924 -5.12755e-12)
(1.87069 0.100022 -3.55861e-12)
(2.05856 0.105799 -1.11057e-11)
(2.2556 0.115546 -7.57644e-12)
(2.45437 0.128055 6.96488e-12)
(2.65208 0.143114 4.24558e-12)
(2.84629 0.158203 7.34e-12)
(3.03433 0.170823 -1.04935e-11)
(3.21516 0.179641 5.22281e-12)
(3.38739 0.186645 1.09312e-12)
(3.55054 0.191578 1.17996e-11)
(3.70304 0.193603 6.72888e-12)
(3.84407 0.193285 1.82235e-11)
(3.97688 0.193897 1.25293e-11)
(4.10236 0.194548 1.21692e-11)
(4.22043 0.195573 1.24001e-11)
(4.33112 0.1964 1.17213e-11)
(4.4351 0.195759 1.1618e-11)
(4.53224 0.193756 1.2216e-11)
(4.62515 0.19 -2.22183e-12)
(4.70963 0.184008 1.795e-12)
(4.78775 0.17659 -4.31937e-13)
(4.85638 0.168826 9.48916e-12)
(4.91993 0.160277 -1.72433e-12)
(4.97322 0.152558 6.65497e-13)
(5.02267 0.143594 -3.52268e-12)
(5.06141 0.136906 5.37834e-12)
(5.09697 0.129523 4.89002e-12)
(5.12194 0.125604 7.58244e-12)
(5.14252 0.120652 1.42075e-12)
(5.15191 0.123301 8.93179e-13)
(5.14971 0.128664 1.77841e-12)
(5.13276 0.146203 -1.50485e-11)
(5.09765 0.15361 -1.06506e-11)
(5.02085 0.225913 -9.12816e-12)
(4.85966 0.249054 -7.33581e-12)
(4.56259 0.435533 -6.80448e-12)
(4.16143 0.350311 3.81848e-12)
(0.909055 0.0117756 2.2956e-14)
(0.928754 0.0257527 1.04235e-13)
(0.948034 0.0382505 3.62639e-13)
(0.969139 0.0495572 -4.34209e-13)
(0.992268 0.0605086 -1.36002e-12)
(1.01902 0.0704605 -1.83576e-12)
(1.05058 0.079569 -1.87779e-12)
(1.08689 0.0877105 -1.90967e-12)
(1.1277 0.0941611 -1.85683e-12)
(1.17589 0.100677 -1.94183e-12)
(1.23125 0.105305 -3.35523e-12)
(1.29283 0.106579 -3.44751e-12)
(1.36542 0.106282 -3.26852e-12)
(1.45223 0.104305 -3.14248e-12)
(1.55334 0.0999835 3.37929e-12)
(1.67023 0.09643 -3.10662e-13)
(1.80095 0.0951015 1.59814e-12)
(1.94265 0.0949476 1.21079e-12)
(2.09313 0.0964731 4.14075e-12)
(2.24903 0.0996688 -8.83462e-12)
(2.40648 0.103693 -2.41082e-12)
(2.56261 0.109283 -1.74287e-12)
(2.717 0.114908 2.54039e-12)
(2.86809 0.119423 2.01769e-12)
(3.01326 0.122755 6.68511e-12)
(3.15312 0.126045 6.32226e-12)
(3.28715 0.128568 8.91327e-12)
(3.41621 0.130566 9.90185e-12)
(3.53956 0.132279 9.08187e-12)
(3.65714 0.133056 1.02468e-11)
(3.76832 0.132887 8.16604e-12)
(3.87538 0.131395 2.08303e-12)
(3.97439 0.128352 8.40435e-13)
(4.06788 0.124439 -1.64865e-12)
(4.15211 0.11996 2.74082e-12)
(4.23145 0.115085 4.35708e-13)
(4.30063 0.110302 -3.22496e-12)
(4.3659 0.104642 6.53523e-12)
(4.41985 0.100796 5.44923e-12)
(4.47116 0.0955334 6.06516e-12)
(4.51032 0.0948517 -7.85976e-12)
(4.54679 0.0906481 -4.18471e-12)
(4.56932 0.0974062 -2.5049e-12)
(4.58174 0.104309 -3.07253e-12)
(4.57222 0.127189 -1.93507e-11)
(4.54947 0.134606 -1.39991e-11)
(4.47192 0.216403 -1.14513e-11)
(4.35132 0.240175 -8.41428e-12)
(4.05221 0.40412 -6.89903e-12)
(3.72369 0.329718 -7.34838e-12)
(0.906331 0.00997645 1.64047e-14)
(0.921039 0.0247146 8.65486e-14)
(0.936656 0.0379259 4.10139e-13)
(0.953923 0.0498797 -3.88285e-13)
(0.972818 0.0611105 -1.58727e-12)
(0.993876 0.071556 -1.47272e-12)
(1.01741 0.0809478 -1.47037e-12)
(1.04388 0.0887618 -1.47972e-12)
(1.07407 0.0953827 -1.49902e-12)
(1.10691 0.100739 -1.62574e-12)
(1.14016 0.103868 -2.08551e-12)
(1.17664 0.106296 -2.03313e-12)
(1.21908 0.108148 -1.88805e-12)
(1.26621 0.108113 -1.67017e-12)
(1.31816 0.106467 -3.10674e-13)
(1.3767 0.103916 -2.43246e-13)
(1.44347 0.100913 8.20516e-14)
(1.5192 0.0969282 -8.15292e-13)
(1.60482 0.091428 -9.26727e-13)
(1.70006 0.0862233 4.22151e-12)
(1.80475 0.0812456 2.36194e-12)
(1.91727 0.0772456 -3.94495e-13)
(2.03681 0.0745617 -4.83168e-13)
(2.16102 0.0728837 -1.86439e-12)
(2.28691 0.0719305 1.49152e-12)
(2.41439 0.0723471 -2.34921e-14)
(2.54169 0.073517 1.09752e-11)
(2.66839 0.075521 8.43397e-12)
(2.79246 0.0770679 5.44853e-12)
(2.91319 0.0773516 9.23072e-12)
(3.02904 0.0772319 -3.98764e-12)
(3.14211 0.0762186 -3.54805e-12)
(3.24903 0.0744834 -3.51628e-12)
(3.35155 0.0722583 -3.76641e-12)
(3.44581 0.0702243 -6.60297e-13)
(3.53662 0.0671789 -2.09884e-12)
(3.61743 0.0660466 -4.89552e-12)
(3.69548 0.0624205 -1.02509e-12)
(3.76195 0.061747 -3.43933e-13)
(3.82718 0.0590572 8.25927e-13)
(3.87842 0.0598612 -1.86581e-12)
(3.9302 0.0576912 -6.0435e-12)
(3.9633 0.0657721 -4.60381e-12)
(3.99237 0.0758534 -7.51368e-12)
(3.9904 0.0932743 -1.48279e-11)
(3.97882 0.10978 -1.36671e-11)
(3.90617 0.179682 -1.18941e-11)
(3.82451 0.220033 -8.73879e-12)
(3.5242 0.363685 -7.05541e-12)
(3.26741 0.299949 -6.24464e-12)
(0.904544 0.00832743 -4.8235e-14)
(0.915642 0.0220207 -3.80504e-13)
(0.928127 0.0345858 -2.13066e-13)
(0.942208 0.0461758 -4.43958e-13)
(0.957729 0.0570388 -8.27932e-13)
(0.974878 0.0671327 -1.04877e-12)
(0.993771 0.076426 -1.16323e-12)
(1.01446 0.0846835 -1.19602e-12)
(1.03677 0.0915734 -1.22133e-12)
(1.06045 0.0964521 -1.37027e-12)
(1.08604 0.0999753 -2.27455e-12)
(1.11389 0.102773 -1.25392e-12)
(1.14255 0.103929 -8.86775e-13)
(1.17203 0.10363 -6.62259e-13)
(1.20461 0.102845 -2.70888e-13)
(1.241 0.102228 -3.08251e-14)
(1.28085 0.101051 -4.52244e-13)
(1.32266 0.098418 -3.96209e-12)
(1.36821 0.0945029 -2.69108e-12)
(1.41932 0.0901943 -8.49891e-13)
(1.47645 0.0856033 5.03316e-13)
(1.54044 0.080438 -5.29181e-12)
(1.61216 0.0742816 -4.82827e-12)
(1.6917 0.0681543 -6.56378e-12)
(1.77792 0.062242 2.50188e-12)
(1.87063 0.0574785 -1.65092e-12)
(1.96839 0.0532294 -1.10254e-12)
(2.07083 0.0496294 1.28908e-14)
(2.17602 0.046253 -1.53347e-12)
(2.28317 0.0427692 4.91554e-12)
(2.38946 0.0396879 -1.33152e-11)
(2.49562 0.0370892 -9.03046e-12)
(2.5986 0.0350156 -8.39951e-12)
(2.70029 0.0331445 -4.26594e-12)
(2.79635 0.0317428 -6.34475e-13)
(2.8907 0.0302504 -7.93569e-12)
(2.97692 0.0296425 -8.05398e-12)
(3.06122 0.0279924 -6.47841e-12)
(3.13517 0.028759 -5.24411e-12)
(3.20814 0.0269194 -4.48501e-12)
(3.26739 0.0297771 -1.76324e-12)
(3.32806 0.0278677 -1.14841e-11)
(3.36563 0.0407961 -6.4917e-12)
(3.405 0.0509293 -1.24614e-11)
(3.40045 0.0813036 -1.33602e-11)
(3.39458 0.0939094 -1.24357e-11)
(3.32432 0.16233 -1.09827e-11)
(3.26601 0.198518 -8.35616e-12)
(3.01725 0.303213 -6.86241e-12)
(2.82314 0.277177 -5.485e-12)
(0.90325 0.00663038 3.81892e-13)
(0.911614 0.0183218 4.94163e-13)
(0.921472 0.0294439 4.05088e-14)
(0.932868 0.0400183 -3.93949e-13)
(0.945608 0.0500857 -7.45826e-13)
(0.959746 0.0595563 -1.02903e-12)
(0.975238 0.0683014 -1.13205e-12)
(0.991917 0.0761188 -1.02371e-12)
(1.00975 0.0828425 -9.01307e-13)
(1.02872 0.0884077 -6.04882e-13)
(1.04871 0.0928238 4.48404e-13)
(1.06992 0.0957009 9.90407e-13)
(1.09247 0.0970571 3.96562e-13)
(1.11667 0.0975542 2.55714e-13)
(1.14263 0.0972812 4.42432e-13)
(1.16893 0.0961758 7.42767e-13)
(1.19497 0.0939686 -1.05724e-12)
(1.22254 0.0910266 -1.01425e-12)
(1.25283 0.088795 -7.93405e-13)
(1.28619 0.0862871 -3.76376e-13)
(1.32275 0.0830363 7.46989e-14)
(1.36248 0.0794849 -2.87861e-13)
(1.40626 0.0754082 -9.19936e-12)
(1.45443 0.0708052 -8.19223e-12)
(1.50762 0.065634 -4.06303e-12)
(1.56669 0.0606767 -1.31321e-11)
(1.63136 0.0545485 -9.69202e-12)
(1.70238 0.0479747 -6.9192e-12)
(1.77855 0.0411224 -5.91346e-12)
(1.85937 0.0343119 -2.62782e-12)
(1.94251 0.0277397 -4.70432e-12)
(2.02843 0.0220482 -3.95389e-12)
(2.11416 0.0177472 -8.16375e-12)
(2.20158 0.0141611 7.22732e-12)
(2.28562 0.0118291 -1.05485e-12)
(2.37064 0.00922787 1.01112e-11)
(2.44931 0.00824012 -6.24438e-12)
(2.52849 0.00647298 -8.25118e-12)
(2.59746 0.00673006 -7.61799e-12)
(2.66851 0.0048836 -7.06623e-12)
(2.72476 0.0063843 -4.4064e-12)
(2.78492 0.00756864 -6.63429e-12)
(2.81742 0.0163764 -4.30393e-12)
(2.85917 0.0294612 -1.32718e-11)
(2.85156 0.0529398 -1.02366e-11)
(2.86919 0.0678981 -1.37218e-11)
(2.7793 0.122458 -1.03935e-11)
(2.77931 0.149503 -7.56923e-12)
(2.55085 0.222933 -6.32221e-12)
(2.4023 0.24844 -4.5226e-12)
(0.902259 0.00496523 9.66547e-14)
(0.908453 0.0142648 2.83737e-13)
(0.91609 0.0235317 -2.11647e-13)
(0.925182 0.0326783 -9.29641e-13)
(0.935519 0.0415971 -1.1449e-12)
(0.947062 0.0501284 -1.71909e-12)
(0.959762 0.0580822 -1.63222e-12)
(0.973578 0.0653069 -7.4383e-13)
(0.988461 0.0717023 -7.67655e-13)
(1.00436 0.0771446 -6.24707e-13)
(1.02126 0.0816009 -3.03807e-13)
(1.03914 0.0850613 4.3909e-14)
(1.05786 0.0874042 2.59494e-13)
(1.07749 0.0886732 5.52462e-13)
(1.09817 0.0885765 1.25046e-12)
(1.11974 0.0871216 3.36359e-12)
(1.14167 0.0849237 2.14181e-12)
(1.16502 0.0824828 1.39687e-12)
(1.18985 0.0798466 1.00531e-12)
(1.21441 0.0766257 9.14056e-13)
(1.24069 0.0734728 9.55227e-13)
(1.26993 0.070016 7.56995e-13)
(1.302 0.0672516 -5.42514e-12)
(1.33722 0.0640894 -5.01458e-12)
(1.37598 0.0600778 -3.74628e-12)
(1.41818 0.0557187 -4.46179e-12)
(1.46385 0.0507112 -4.51283e-12)
(1.51402 0.0453784 -3.87135e-12)
(1.56784 0.0393789 -3.57555e-12)
(1.62603 0.032832 -2.52293e-12)
(1.68683 0.0263041 -2.34386e-12)
(1.75038 0.0205189 -1.71913e-12)
(1.81401 0.0155625 -3.47181e-12)
(1.87964 0.0110506 1.25078e-12)
(1.94339 0.00778051 -8.82523e-12)
(2.00863 0.00433134 -7.7387e-13)
(2.06897 0.00236718 -1.24986e-11)
(2.13047 -0.000598274 -9.69144e-12)
(2.1841 -0.000710941 -7.92269e-12)
(2.23923 -0.00341676 -7.03422e-12)
(2.28219 -0.00126538 -4.66527e-12)
(2.32571 9.1369e-05 -4.285e-12)
(2.34577 0.0100429 -3.35933e-12)
(2.36664 0.026492 -5.92208e-12)
(2.35609 0.0457192 -6.08724e-12)
(2.34838 0.0644939 -7.38272e-12)
(2.26126 0.0940929 -7.14398e-12)
(2.25763 0.103361 -5.88003e-12)
(2.02513 0.160575 -4.93334e-12)
(2.01015 0.262327 -2.60965e-12)
(0.901457 0.00331639 -2.48137e-14)
(0.905857 0.0100659 -1.12307e-13)
(0.911538 0.0172662 -3.11421e-13)
(0.918566 0.0247101 -5.81887e-13)
(0.926798 0.0321856 -8.2242e-13)
(0.936223 0.0394844 -1.02573e-12)
(0.946785 0.046424 -1.09815e-12)
(0.958435 0.052838 -1.01424e-12)
(0.971129 0.0585902 -9.35129e-13)
(0.984814 0.0635821 -8.06519e-13)
(0.999471 0.0677383 -5.39143e-13)
(1.01507 0.071018 -6.74155e-14)
(1.03162 0.0733541 3.97515e-13)
(1.04901 0.0747594 7.62756e-13)
(1.06691 0.0750784 1.28611e-12)
(1.08515 0.0744066 1.78596e-12)
(1.10389 0.0729773 1.75712e-12)
(1.1235 0.0709875 1.57221e-12)
(1.1441 0.0680374 1.47934e-12)
(1.16601 0.0646268 1.8059e-12)
(1.18936 0.0615683 1.97883e-12)
(1.21507 0.0582131 1.97402e-12)
(1.24213 0.0547852 8.28371e-13)
(1.26936 0.0509863 8.74401e-14)
(1.29898 0.047066 3.67039e-13)
(1.33213 0.0427529 3.72304e-13)
(1.36796 0.0385139 -7.05093e-14)
(1.40684 0.0343715 8.26021e-13)
(1.44809 0.0297624 1.06124e-13)
(1.49193 0.0251582 8.83966e-13)
(1.53705 0.0206555 3.98088e-13)
(1.58358 0.0167334 2.05027e-13)
(1.62923 0.0133917 -5.41504e-13)
(1.67557 0.0103877 6.53567e-14)
(1.71936 0.00780758 -1.75694e-12)
(1.76392 0.00528524 -3.63746e-13)
(1.80356 0.00300684 -9.69657e-12)
(1.84449 0.000533131 -3.19924e-12)
(1.87757 -0.000149287 -4.04067e-12)
(1.91264 -0.00262336 -4.22622e-12)
(1.93336 -0.000691617 -1.73918e-12)
(1.95966 0.00281956 -2.39619e-12)
(1.95929 0.0114281 -3.24894e-12)
(1.97681 0.0198562 -4.67146e-12)
(1.94828 0.0431947 -5.27735e-12)
(1.94937 0.0571655 -5.54566e-12)
(1.85039 0.0760457 -4.85931e-12)
(1.85541 0.102085 -4.27638e-12)
(1.68875 0.102684 -3.90274e-12)
(1.79901 0.218666 -5.94924e-12)
(0.900786 0.00187625 -4.02852e-14)
(0.903647 0.00626559 -1.89457e-13)
(0.907647 0.0114058 -4.21188e-13)
(0.912898 0.0169918 -7.31258e-13)
(0.919338 0.0227795 -9.86942e-13)
(0.926982 0.0285552 -1.0916e-12)
(0.935799 0.0341339 -1.11702e-12)
(0.945743 0.0393733 -1.11345e-12)
(0.956763 0.0441403 -1.1372e-12)
(0.96882 0.0483213 -1.17486e-12)
(0.981926 0.0518428 -8.17067e-13)
(0.995967 0.0546651 7.6872e-13)
(1.01072 0.0567246 1.75737e-12)
(1.0261 0.0578757 1.51103e-12)
(1.04213 0.0581262 2.55476e-12)
(1.05881 0.0576304 2.00367e-12)
(1.07607 0.0565807 1.40106e-12)
(1.09407 0.0550757 1.10596e-12)
(1.11273 0.0531023 1.30792e-12)
(1.13226 0.0507275 3.91505e-12)
(1.15255 0.0477682 3.76591e-12)
(1.17361 0.0444937 3.58323e-12)
(1.19596 0.0403983 2.84512e-12)
(1.21973 0.0363882 2.09974e-12)
(1.24536 0.0331115 5.0628e-12)
(1.2728 0.0298615 4.36814e-12)
(1.30197 0.0269628 2.585e-12)
(1.33223 0.0241308 8.03691e-12)
(1.36335 0.0214815 1.19829e-12)
(1.3963 0.018733 6.5613e-12)
(1.42931 0.0162819 5.35233e-13)
(1.4629 0.014239 6.21899e-13)
(1.49504 0.0124462 2.5141e-13)
(1.52725 0.0107312 -3.06802e-13)
(1.55645 0.00934765 -7.64961e-14)
(1.58551 0.00776632 -4.36709e-12)
(1.60949 0.0068523 -6.00356e-12)
(1.63361 0.0053407 -4.89404e-12)
(1.65036 0.00549831 -3.38482e-12)
(1.66739 0.00623931 -3.04066e-13)
(1.6746 0.00789494 -8.4838e-12)
(1.68291 0.0144886 -5.41847e-12)
(1.67736 0.018649 -8.91398e-12)
(1.68159 0.0358091 -8.42434e-12)
(1.66122 0.0429428 -7.24725e-12)
(1.66757 0.0614685 -4.92076e-12)
(1.63299 0.0703632 -1.86311e-12)
(1.66296 0.0751719 -2.22586e-12)
(1.6032 0.0610231 -2.51177e-12)
(1.72282 0.165292 -5.76938e-12)
(0.900259 0.000687793 1.55333e-13)
(0.901754 0.00283342 -1.85381e-13)
(0.904392 0.0059387 -7.45681e-13)
(0.908192 0.0094358 -2.10076e-12)
(0.913188 0.013137 -2.76629e-12)
(0.919397 0.016915 -1.87292e-12)
(0.926844 0.02068 -1.33134e-12)
(0.935439 0.0243223 -1.11272e-12)
(0.945031 0.0276534 -1.44505e-12)
(0.955624 0.0305444 -3.26628e-12)
(0.967257 0.0329899 -4.46741e-12)
(0.979875 0.0349805 -4.89113e-12)
(0.993396 0.0364017 -3.33203e-12)
(1.0077 0.0372773 -2.35091e-12)
(1.02267 0.0376097 -3.11056e-12)
(1.03814 0.0374312 -2.47552e-13)
(1.05417 0.0366794 -2.27831e-12)
(1.0707 0.035473 -1.56469e-12)
(1.08773 0.0336219 -1.02689e-12)
(1.10526 0.0313182 2.24761e-12)
(1.12329 0.0284907 5.18179e-12)
(1.14201 0.0257184 4.6794e-12)
(1.16128 0.0231485 8.07386e-13)
(1.18104 0.0209245 6.21204e-13)
(1.20145 0.0190446 8.62e-13)
(1.22297 0.0172304 1.33754e-12)
(1.24533 0.0156373 -1.20723e-15)
(1.26877 0.0139982 4.75823e-12)
(1.29291 0.0128855 3.47798e-12)
(1.31775 0.0117901 3.46093e-12)
(1.34229 0.0110406 2.31836e-12)
(1.3668 0.0106198 1.01105e-12)
(1.38955 0.0103103 -5.27985e-13)
(1.4125 0.0100943 -1.83851e-12)
(1.43217 0.00979323 -2.70713e-12)
(1.45222 0.00955285 -3.35655e-12)
(1.46689 0.00947696 -5.91332e-12)
(1.48301 0.00941646 -2.99389e-14)
(1.49261 0.0103657 5.61682e-12)
(1.50428 0.011037 4.75658e-12)
(1.50848 0.015149 2.67447e-12)
(1.52028 0.0173602 7.06536e-13)
(1.52049 0.023677 2.36833e-12)
(1.53732 0.022915 2.39168e-12)
(1.53503 0.0358923 -2.34045e-12)
(1.57049 0.037402 -6.69157e-12)
(1.55352 0.0406617 -5.75703e-12)
(1.62179 0.0426809 -4.93714e-12)
(1.57589 0.0166223 -4.03659e-12)
(1.6884 0.0652376 -6.37225e-12)
(0.899961 4.70393e-05 -8.02708e-14)
(0.900455 0.000569672 -1.81513e-12)
(0.901613 0.00132662 1.16861e-12)
(0.903816 0.00234899 2.14494e-13)
(0.906948 0.00355143 2.14384e-12)
(0.91135 0.00494766 5.27687e-12)
(0.916865 0.00649966 4.51244e-12)
(0.923797 0.00836349 3.79161e-12)
(0.932008 0.0102003 3.14804e-12)
(0.941595 0.0115895 2.43365e-12)
(0.952259 0.0125996 1.79241e-12)
(0.964081 0.0133953 1.25124e-12)
(0.97684 0.0140696 1.09373e-12)
(0.990439 0.0145012 2.66625e-12)
(1.00467 0.0146999 -1.6306e-14)
(1.01943 0.0145454 3.41044e-14)
(1.03447 0.0140301 -6.62878e-14)
(1.04963 0.0130485 -1.59409e-13)
(1.0647 0.0116971 -2.23896e-13)
(1.07956 0.0101097 -8.41528e-14)
(1.09414 0.00857913 2.9509e-14)
(1.10841 0.007225 -1.97975e-12)
(1.12256 0.00621046 -2.22533e-12)
(1.13681 0.00563545 -4.54694e-12)
(1.15146 0.00553101 -4.32874e-12)
(1.16674 0.00579098 -4.0901e-12)
(1.18271 0.00621374 -3.88839e-12)
(1.19942 0.00673204 -3.63608e-12)
(1.21668 0.00711925 -7.97422e-12)
(1.23462 0.00743739 -7.36074e-12)
(1.25268 0.00767194 -1.15977e-11)
(1.27113 0.00784447 -1.52988e-11)
(1.28912 0.00800217 -1.88172e-11)
(1.30714 0.0082022 -1.71316e-11)
(1.32389 0.00826382 -1.55671e-11)
(1.34048 0.00860737 -1.4016e-11)
(1.35507 0.00853917 -8.58839e-12)
(1.36972 0.0093205 -7.49505e-12)
(1.38189 0.00910138 -2.16331e-12)
(1.39535 0.00985332 -1.69166e-12)
(1.40601 0.00858757 -1.42661e-12)
(1.42091 0.0105524 -1.30896e-12)
(1.43086 0.00535879 -9.61284e-13)
(1.44753 0.0110952 3.26411e-13)
(1.45776 0.00976356 3.5644e-12)
(1.48828 0.0165063 3.86645e-12)
(1.49436 0.0018809 4.13049e-12)
(1.53582 0.0135927 4.25427e-12)
(1.52505 0.0022684 4.47935e-12)
(1.57597 0.01945 5.04184e-12)
)
;

boundaryField
{
    AXIS
    {
        type            empty;
    }
    OUTLET
    {
        type            inletOutlet;
        inletValue      uniform (0 0 0);
        value           nonuniform List<vector> 
25
(
(7.0728 0.0214325 1.93973e-11)
(7.06943 0.0747487 4.24497e-11)
(7.0287 0.110698 4.08304e-11)
(6.95703 0.152261 2.66971e-11)
(6.85786 0.191053 7.22928e-12)
(6.73391 0.226736 -1.83069e-12)
(6.58655 0.258721 -4.83333e-12)
(6.4179 0.286829 -4.84198e-12)
(6.23183 0.30881 -3.90052e-12)
(6.03111 0.326917 -2.80628e-12)
(5.81223 0.341932 -1.70173e-12)
(5.56269 0.353941 -3.8399e-13)
(5.27254 0.363203 1.77052e-12)
(4.93962 0.367618 5.44293e-12)
(4.5684 0.364204 7.69965e-12)
(4.16143 0.350311 3.81848e-12)
(3.72369 0.329718 -7.34838e-12)
(3.26741 0.299949 -6.24464e-12)
(2.82314 0.277177 -5.485e-12)
(2.4023 0.24844 -4.5226e-12)
(2.01015 0.262327 -2.60965e-12)
(1.79901 0.218666 -5.94924e-12)
(1.72282 0.165292 -5.76938e-12)
(1.6884 0.0652376 -6.37225e-12)
(1.57597 0.01945 5.04184e-12)
)
;
    }
    COFLOW
    {
        type            fixedValue;
        value           uniform (0.9 0 0);
    }
    PILOT
    {
        type            fixedValue;
        value           uniform (3.5 0 0);
    }
    FUEL
    {
        type            fixedValue;
        value           uniform (10 0 0);
    }
    WALL
    {
        type            fixedValue;
        value           uniform (0.9 0 0);
    }
    front
    {
        type            wedge;
    }
    back
    {
        type            wedge;
    }
}


// ************************************************************************* //
