/*--------------------------------*- C++ -*----------------------------------*\
| =========                 |                                                 |
| \\      /  F ield         | OpenFOAM: The Open Source CFD Toolbox           |
|  \\    /   O peration     | Version:  2.4.x                                 |
|   \\  /    A nd           | Web:      www.OpenFOAM.org                      |
|    \\/     M anipulation  |                                                 |
\*---------------------------------------------------------------------------*/
FoamFile
{
    version     2.0;
    format      ascii;
    class       vectorField;
    location    "constant/polyMesh";
    object      points;
}
// * * * * * * * * * * * * * * * * * * * * * * * * * * * * * * * * * * * * * //


2601
(
(0 0 0)
(0.001644607348 0 0)
(0.003326504344 0 0)
(0.005046536489 0 0)
(0.006805568455 0 0)
(0.00860448452 0 0)
(0.01044418901 0 0)
(0.01232560676 0 0)
(0.01424968357 0 0)
(0.01621738669 0 0)
(0.0182297053 0 0)
(0.020287651 0 0)
(0.02239225833 0 0)
(0.0245445853 0 0)
(0.0267457139 0 0)
(0.02899675065 0 0)
(0.03129882716 0 0)
(0.0336531007 0 0)
(0.03606075478 0 0)
(0.03852299975 0 0)
(0.04104107339 0 0)
(0.04361624156 0 0)
(0.04624979881 0 0)
(0.04894306905 0 0)
(0.05169740621 0 0)
(0.05451419491 0 0)
(0.05739485117 0 0)
(0.06034082311 0 0)
(0.0633535917 0 0)
(0.06643467148 0 0)
(0.06958561132 0 0)
(0.07280799523 0 0)
(0.07610344312 0 0)
(0.07947361164 0 0)
(0.08292019499 0 0)
(0.08644492579 0 0)
(0.09004957596 0 0)
(0.09373595757 0 0)
(0.0975059238 0 0)
(0.1013613698 0 0)
(0.1053042338 0 0)
(0.1093364979 0 0)
(0.1134601891 0 0)
(0.1176773804 0 0)
(0.1219901918 0 0)
(0.1264007914 0 0)
(0.1309113965 0 0)
(0.1355242746 0 0)
(0.1402417446 0 0)
(0.145066178 0 0)
(0.15 0 0)
(0 0.001 -0.0001)
(0.001644607348 0.001 -0.0001)
(0.003326504344 0.001 -0.0001)
(0.005046536489 0.001 -0.0001)
(0.006805568455 0.001 -0.0001)
(0.00860448452 0.001 -0.0001)
(0.01044418901 0.001 -0.0001)
(0.01232560676 0.001 -0.0001)
(0.01424968357 0.001 -0.0001)
(0.01621738669 0.001 -0.0001)
(0.0182297053 0.001 -0.0001)
(0.020287651 0.001 -0.0001)
(0.02239225833 0.001 -0.0001)
(0.0245445853 0.001 -0.0001)
(0.0267457139 0.001 -0.0001)
(0.02899675065 0.001 -0.0001)
(0.03129882716 0.001 -0.0001)
(0.0336531007 0.001 -0.0001)
(0.03606075478 0.001 -0.0001)
(0.03852299975 0.001 -0.0001)
(0.04104107339 0.001 -0.0001)
(0.04361624156 0.001 -0.0001)
(0.04624979881 0.001 -0.0001)
(0.04894306905 0.001 -0.0001)
(0.05169740621 0.001 -0.0001)
(0.05451419491 0.001 -0.0001)
(0.05739485117 0.001 -0.0001)
(0.06034082311 0.001 -0.0001)
(0.0633535917 0.001 -0.0001)
(0.06643467148 0.001 -0.0001)
(0.06958561132 0.001 -0.0001)
(0.07280799523 0.001 -0.0001)
(0.07610344312 0.001 -0.0001)
(0.07947361164 0.001 -0.0001)
(0.08292019499 0.001 -0.0001)
(0.08644492579 0.001 -0.0001)
(0.09004957596 0.001 -0.0001)
(0.09373595757 0.001 -0.0001)
(0.0975059238 0.001 -0.0001)
(0.1013613698 0.001 -0.0001)
(0.1053042338 0.001 -0.0001)
(0.1093364979 0.001 -0.0001)
(0.1134601891 0.001 -0.0001)
(0.1176773804 0.001 -0.0001)
(0.1219901918 0.001 -0.0001)
(0.1264007914 0.001 -0.0001)
(0.1309113965 0.001 -0.0001)
(0.1355242746 0.001 -0.0001)
(0.1402417446 0.001 -0.0001)
(0.145066178 0.001 -0.0001)
(0.15 0.001 -0.0001)
(0 0.002 -0.0002)
(0.001644607348 0.002 -0.0002)
(0.003326504344 0.002 -0.0002)
(0.005046536489 0.002 -0.0002)
(0.006805568455 0.002 -0.0002)
(0.00860448452 0.002 -0.0002)
(0.01044418901 0.002 -0.0002)
(0.01232560676 0.002 -0.0002)
(0.01424968357 0.002 -0.0002)
(0.01621738669 0.002 -0.0002)
(0.0182297053 0.002 -0.0002)
(0.020287651 0.002 -0.0002)
(0.02239225833 0.002 -0.0002)
(0.0245445853 0.002 -0.0002)
(0.0267457139 0.002 -0.0002)
(0.02899675065 0.002 -0.0002)
(0.03129882716 0.002 -0.0002)
(0.0336531007 0.002 -0.0002)
(0.03606075478 0.002 -0.0002)
(0.03852299975 0.002 -0.0002)
(0.04104107339 0.002 -0.0002)
(0.04361624156 0.002 -0.0002)
(0.04624979881 0.002 -0.0002)
(0.04894306905 0.002 -0.0002)
(0.05169740621 0.002 -0.0002)
(0.05451419491 0.002 -0.0002)
(0.05739485117 0.002 -0.0002)
(0.06034082311 0.002 -0.0002)
(0.0633535917 0.002 -0.0002)
(0.06643467148 0.002 -0.0002)
(0.06958561132 0.002 -0.0002)
(0.07280799523 0.002 -0.0002)
(0.07610344312 0.002 -0.0002)
(0.07947361164 0.002 -0.0002)
(0.08292019499 0.002 -0.0002)
(0.08644492579 0.002 -0.0002)
(0.09004957596 0.002 -0.0002)
(0.09373595757 0.002 -0.0002)
(0.0975059238 0.002 -0.0002)
(0.1013613698 0.002 -0.0002)
(0.1053042338 0.002 -0.0002)
(0.1093364979 0.002 -0.0002)
(0.1134601891 0.002 -0.0002)
(0.1176773804 0.002 -0.0002)
(0.1219901918 0.002 -0.0002)
(0.1264007914 0.002 -0.0002)
(0.1309113965 0.002 -0.0002)
(0.1355242746 0.002 -0.0002)
(0.1402417446 0.002 -0.0002)
(0.145066178 0.002 -0.0002)
(0.15 0.002 -0.0002)
(0 0.003 -0.0003)
(0.001644607348 0.003 -0.0003)
(0.003326504344 0.003 -0.0003)
(0.005046536489 0.003 -0.0003)
(0.006805568455 0.003 -0.0003)
(0.00860448452 0.003 -0.0003)
(0.01044418901 0.003 -0.0003)
(0.01232560676 0.003 -0.0003)
(0.01424968357 0.003 -0.0003)
(0.01621738669 0.003 -0.0003)
(0.0182297053 0.003 -0.0003)
(0.020287651 0.003 -0.0003)
(0.02239225833 0.003 -0.0003)
(0.0245445853 0.003 -0.0003)
(0.0267457139 0.003 -0.0003)
(0.02899675065 0.003 -0.0003)
(0.03129882716 0.003 -0.0003)
(0.0336531007 0.003 -0.0003)
(0.03606075478 0.003 -0.0003)
(0.03852299975 0.003 -0.0003)
(0.04104107339 0.003 -0.0003)
(0.04361624156 0.003 -0.0003)
(0.04624979881 0.003 -0.0003)
(0.04894306905 0.003 -0.0003)
(0.05169740621 0.003 -0.0003)
(0.05451419491 0.003 -0.0003)
(0.05739485117 0.003 -0.0003)
(0.06034082311 0.003 -0.0003)
(0.0633535917 0.003 -0.0003)
(0.06643467148 0.003 -0.0003)
(0.06958561132 0.003 -0.0003)
(0.07280799523 0.003 -0.0003)
(0.07610344312 0.003 -0.0003)
(0.07947361164 0.003 -0.0003)
(0.08292019499 0.003 -0.0003)
(0.08644492579 0.003 -0.0003)
(0.09004957596 0.003 -0.0003)
(0.09373595757 0.003 -0.0003)
(0.0975059238 0.003 -0.0003)
(0.1013613698 0.003 -0.0003)
(0.1053042338 0.003 -0.0003)
(0.1093364979 0.003 -0.0003)
(0.1134601891 0.003 -0.0003)
(0.1176773804 0.003 -0.0003)
(0.1219901918 0.003 -0.0003)
(0.1264007914 0.003 -0.0003)
(0.1309113965 0.003 -0.0003)
(0.1355242746 0.003 -0.0003)
(0.1402417446 0.003 -0.0003)
(0.145066178 0.003 -0.0003)
(0.15 0.003 -0.0003)
(0 0.004 -0.0004)
(0.001644607348 0.004 -0.0004)
(0.003326504344 0.004 -0.0004)
(0.005046536489 0.004 -0.0004)
(0.006805568455 0.004 -0.0004)
(0.00860448452 0.004 -0.0004)
(0.01044418901 0.004 -0.0004)
(0.01232560676 0.004 -0.0004)
(0.01424968357 0.004 -0.0004)
(0.01621738669 0.004 -0.0004)
(0.0182297053 0.004 -0.0004)
(0.020287651 0.004 -0.0004)
(0.02239225833 0.004 -0.0004)
(0.0245445853 0.004 -0.0004)
(0.0267457139 0.004 -0.0004)
(0.02899675065 0.004 -0.0004)
(0.03129882716 0.004 -0.0004)
(0.0336531007 0.004 -0.0004)
(0.03606075478 0.004 -0.0004)
(0.03852299975 0.004 -0.0004)
(0.04104107339 0.004 -0.0004)
(0.04361624156 0.004 -0.0004)
(0.04624979881 0.004 -0.0004)
(0.04894306905 0.004 -0.0004)
(0.05169740621 0.004 -0.0004)
(0.05451419491 0.004 -0.0004)
(0.05739485117 0.004 -0.0004)
(0.06034082311 0.004 -0.0004)
(0.0633535917 0.004 -0.0004)
(0.06643467148 0.004 -0.0004)
(0.06958561132 0.004 -0.0004)
(0.07280799523 0.004 -0.0004)
(0.07610344312 0.004 -0.0004)
(0.07947361164 0.004 -0.0004)
(0.08292019499 0.004 -0.0004)
(0.08644492579 0.004 -0.0004)
(0.09004957596 0.004 -0.0004)
(0.09373595757 0.004 -0.0004)
(0.0975059238 0.004 -0.0004)
(0.1013613698 0.004 -0.0004)
(0.1053042338 0.004 -0.0004)
(0.1093364979 0.004 -0.0004)
(0.1134601891 0.004 -0.0004)
(0.1176773804 0.004 -0.0004)
(0.1219901918 0.004 -0.0004)
(0.1264007914 0.004 -0.0004)
(0.1309113965 0.004 -0.0004)
(0.1355242746 0.004 -0.0004)
(0.1402417446 0.004 -0.0004)
(0.145066178 0.004 -0.0004)
(0.15 0.004 -0.0004)
(0 0.005 -0.0005)
(0.001644607348 0.005 -0.0005)
(0.003326504344 0.005 -0.0005)
(0.005046536489 0.005 -0.0005)
(0.006805568455 0.005 -0.0005)
(0.00860448452 0.005 -0.0005)
(0.01044418901 0.005 -0.0005)
(0.01232560676 0.005 -0.0005)
(0.01424968357 0.005 -0.0005)
(0.01621738669 0.005 -0.0005)
(0.0182297053 0.005 -0.0005)
(0.020287651 0.005 -0.0005)
(0.02239225833 0.005 -0.0005)
(0.0245445853 0.005 -0.0005)
(0.0267457139 0.005 -0.0005)
(0.02899675065 0.005 -0.0005)
(0.03129882716 0.005 -0.0005)
(0.0336531007 0.005 -0.0005)
(0.03606075478 0.005 -0.0005)
(0.03852299975 0.005 -0.0005)
(0.04104107339 0.005 -0.0005)
(0.04361624156 0.005 -0.0005)
(0.04624979881 0.005 -0.0005)
(0.04894306905 0.005 -0.0005)
(0.05169740621 0.005 -0.0005)
(0.05451419491 0.005 -0.0005)
(0.05739485117 0.005 -0.0005)
(0.06034082311 0.005 -0.0005)
(0.0633535917 0.005 -0.0005)
(0.06643467148 0.005 -0.0005)
(0.06958561132 0.005 -0.0005)
(0.07280799523 0.005 -0.0005)
(0.07610344312 0.005 -0.0005)
(0.07947361164 0.005 -0.0005)
(0.08292019499 0.005 -0.0005)
(0.08644492579 0.005 -0.0005)
(0.09004957596 0.005 -0.0005)
(0.09373595757 0.005 -0.0005)
(0.0975059238 0.005 -0.0005)
(0.1013613698 0.005 -0.0005)
(0.1053042338 0.005 -0.0005)
(0.1093364979 0.005 -0.0005)
(0.1134601891 0.005 -0.0005)
(0.1176773804 0.005 -0.0005)
(0.1219901918 0.005 -0.0005)
(0.1264007914 0.005 -0.0005)
(0.1309113965 0.005 -0.0005)
(0.1355242746 0.005 -0.0005)
(0.1402417446 0.005 -0.0005)
(0.145066178 0.005 -0.0005)
(0.15 0.005 -0.0005)
(0 0.001 0.0001)
(0.001644607348 0.001 0.0001)
(0.003326504344 0.001 0.0001)
(0.005046536489 0.001 0.0001)
(0.006805568455 0.001 0.0001)
(0.00860448452 0.001 0.0001)
(0.01044418901 0.001 0.0001)
(0.01232560676 0.001 0.0001)
(0.01424968357 0.001 0.0001)
(0.01621738669 0.001 0.0001)
(0.0182297053 0.001 0.0001)
(0.020287651 0.001 0.0001)
(0.02239225833 0.001 0.0001)
(0.0245445853 0.001 0.0001)
(0.0267457139 0.001 0.0001)
(0.02899675065 0.001 0.0001)
(0.03129882716 0.001 0.0001)
(0.0336531007 0.001 0.0001)
(0.03606075478 0.001 0.0001)
(0.03852299975 0.001 0.0001)
(0.04104107339 0.001 0.0001)
(0.04361624156 0.001 0.0001)
(0.04624979881 0.001 0.0001)
(0.04894306905 0.001 0.0001)
(0.05169740621 0.001 0.0001)
(0.05451419491 0.001 0.0001)
(0.05739485117 0.001 0.0001)
(0.06034082311 0.001 0.0001)
(0.0633535917 0.001 0.0001)
(0.06643467148 0.001 0.0001)
(0.06958561132 0.001 0.0001)
(0.07280799523 0.001 0.0001)
(0.07610344312 0.001 0.0001)
(0.07947361164 0.001 0.0001)
(0.08292019499 0.001 0.0001)
(0.08644492579 0.001 0.0001)
(0.09004957596 0.001 0.0001)
(0.09373595757 0.001 0.0001)
(0.0975059238 0.001 0.0001)
(0.1013613698 0.001 0.0001)
(0.1053042338 0.001 0.0001)
(0.1093364979 0.001 0.0001)
(0.1134601891 0.001 0.0001)
(0.1176773804 0.001 0.0001)
(0.1219901918 0.001 0.0001)
(0.1264007914 0.001 0.0001)
(0.1309113965 0.001 0.0001)
(0.1355242746 0.001 0.0001)
(0.1402417446 0.001 0.0001)
(0.145066178 0.001 0.0001)
(0.15 0.001 0.0001)
(0 0.002 0.0002)
(0.001644607348 0.002 0.0002)
(0.003326504344 0.002 0.0002)
(0.005046536489 0.002 0.0002)
(0.006805568455 0.002 0.0002)
(0.00860448452 0.002 0.0002)
(0.01044418901 0.002 0.0002)
(0.01232560676 0.002 0.0002)
(0.01424968357 0.002 0.0002)
(0.01621738669 0.002 0.0002)
(0.0182297053 0.002 0.0002)
(0.020287651 0.002 0.0002)
(0.02239225833 0.002 0.0002)
(0.0245445853 0.002 0.0002)
(0.0267457139 0.002 0.0002)
(0.02899675065 0.002 0.0002)
(0.03129882716 0.002 0.0002)
(0.0336531007 0.002 0.0002)
(0.03606075478 0.002 0.0002)
(0.03852299975 0.002 0.0002)
(0.04104107339 0.002 0.0002)
(0.04361624156 0.002 0.0002)
(0.04624979881 0.002 0.0002)
(0.04894306905 0.002 0.0002)
(0.05169740621 0.002 0.0002)
(0.05451419491 0.002 0.0002)
(0.05739485117 0.002 0.0002)
(0.06034082311 0.002 0.0002)
(0.0633535917 0.002 0.0002)
(0.06643467148 0.002 0.0002)
(0.06958561132 0.002 0.0002)
(0.07280799523 0.002 0.0002)
(0.07610344312 0.002 0.0002)
(0.07947361164 0.002 0.0002)
(0.08292019499 0.002 0.0002)
(0.08644492579 0.002 0.0002)
(0.09004957596 0.002 0.0002)
(0.09373595757 0.002 0.0002)
(0.0975059238 0.002 0.0002)
(0.1013613698 0.002 0.0002)
(0.1053042338 0.002 0.0002)
(0.1093364979 0.002 0.0002)
(0.1134601891 0.002 0.0002)
(0.1176773804 0.002 0.0002)
(0.1219901918 0.002 0.0002)
(0.1264007914 0.002 0.0002)
(0.1309113965 0.002 0.0002)
(0.1355242746 0.002 0.0002)
(0.1402417446 0.002 0.0002)
(0.145066178 0.002 0.0002)
(0.15 0.002 0.0002)
(0 0.003 0.0003)
(0.001644607348 0.003 0.0003)
(0.003326504344 0.003 0.0003)
(0.005046536489 0.003 0.0003)
(0.006805568455 0.003 0.0003)
(0.00860448452 0.003 0.0003)
(0.01044418901 0.003 0.0003)
(0.01232560676 0.003 0.0003)
(0.01424968357 0.003 0.0003)
(0.01621738669 0.003 0.0003)
(0.0182297053 0.003 0.0003)
(0.020287651 0.003 0.0003)
(0.02239225833 0.003 0.0003)
(0.0245445853 0.003 0.0003)
(0.0267457139 0.003 0.0003)
(0.02899675065 0.003 0.0003)
(0.03129882716 0.003 0.0003)
(0.0336531007 0.003 0.0003)
(0.03606075478 0.003 0.0003)
(0.03852299975 0.003 0.0003)
(0.04104107339 0.003 0.0003)
(0.04361624156 0.003 0.0003)
(0.04624979881 0.003 0.0003)
(0.04894306905 0.003 0.0003)
(0.05169740621 0.003 0.0003)
(0.05451419491 0.003 0.0003)
(0.05739485117 0.003 0.0003)
(0.06034082311 0.003 0.0003)
(0.0633535917 0.003 0.0003)
(0.06643467148 0.003 0.0003)
(0.06958561132 0.003 0.0003)
(0.07280799523 0.003 0.0003)
(0.07610344312 0.003 0.0003)
(0.07947361164 0.003 0.0003)
(0.08292019499 0.003 0.0003)
(0.08644492579 0.003 0.0003)
(0.09004957596 0.003 0.0003)
(0.09373595757 0.003 0.0003)
(0.0975059238 0.003 0.0003)
(0.1013613698 0.003 0.0003)
(0.1053042338 0.003 0.0003)
(0.1093364979 0.003 0.0003)
(0.1134601891 0.003 0.0003)
(0.1176773804 0.003 0.0003)
(0.1219901918 0.003 0.0003)
(0.1264007914 0.003 0.0003)
(0.1309113965 0.003 0.0003)
(0.1355242746 0.003 0.0003)
(0.1402417446 0.003 0.0003)
(0.145066178 0.003 0.0003)
(0.15 0.003 0.0003)
(0 0.004 0.0004)
(0.001644607348 0.004 0.0004)
(0.003326504344 0.004 0.0004)
(0.005046536489 0.004 0.0004)
(0.006805568455 0.004 0.0004)
(0.00860448452 0.004 0.0004)
(0.01044418901 0.004 0.0004)
(0.01232560676 0.004 0.0004)
(0.01424968357 0.004 0.0004)
(0.01621738669 0.004 0.0004)
(0.0182297053 0.004 0.0004)
(0.020287651 0.004 0.0004)
(0.02239225833 0.004 0.0004)
(0.0245445853 0.004 0.0004)
(0.0267457139 0.004 0.0004)
(0.02899675065 0.004 0.0004)
(0.03129882716 0.004 0.0004)
(0.0336531007 0.004 0.0004)
(0.03606075478 0.004 0.0004)
(0.03852299975 0.004 0.0004)
(0.04104107339 0.004 0.0004)
(0.04361624156 0.004 0.0004)
(0.04624979881 0.004 0.0004)
(0.04894306905 0.004 0.0004)
(0.05169740621 0.004 0.0004)
(0.05451419491 0.004 0.0004)
(0.05739485117 0.004 0.0004)
(0.06034082311 0.004 0.0004)
(0.0633535917 0.004 0.0004)
(0.06643467148 0.004 0.0004)
(0.06958561132 0.004 0.0004)
(0.07280799523 0.004 0.0004)
(0.07610344312 0.004 0.0004)
(0.07947361164 0.004 0.0004)
(0.08292019499 0.004 0.0004)
(0.08644492579 0.004 0.0004)
(0.09004957596 0.004 0.0004)
(0.09373595757 0.004 0.0004)
(0.0975059238 0.004 0.0004)
(0.1013613698 0.004 0.0004)
(0.1053042338 0.004 0.0004)
(0.1093364979 0.004 0.0004)
(0.1134601891 0.004 0.0004)
(0.1176773804 0.004 0.0004)
(0.1219901918 0.004 0.0004)
(0.1264007914 0.004 0.0004)
(0.1309113965 0.004 0.0004)
(0.1355242746 0.004 0.0004)
(0.1402417446 0.004 0.0004)
(0.145066178 0.004 0.0004)
(0.15 0.004 0.0004)
(0 0.005 0.0005)
(0.001644607348 0.005 0.0005)
(0.003326504344 0.005 0.0005)
(0.005046536489 0.005 0.0005)
(0.006805568455 0.005 0.0005)
(0.00860448452 0.005 0.0005)
(0.01044418901 0.005 0.0005)
(0.01232560676 0.005 0.0005)
(0.01424968357 0.005 0.0005)
(0.01621738669 0.005 0.0005)
(0.0182297053 0.005 0.0005)
(0.020287651 0.005 0.0005)
(0.02239225833 0.005 0.0005)
(0.0245445853 0.005 0.0005)
(0.0267457139 0.005 0.0005)
(0.02899675065 0.005 0.0005)
(0.03129882716 0.005 0.0005)
(0.0336531007 0.005 0.0005)
(0.03606075478 0.005 0.0005)
(0.03852299975 0.005 0.0005)
(0.04104107339 0.005 0.0005)
(0.04361624156 0.005 0.0005)
(0.04624979881 0.005 0.0005)
(0.04894306905 0.005 0.0005)
(0.05169740621 0.005 0.0005)
(0.05451419491 0.005 0.0005)
(0.05739485117 0.005 0.0005)
(0.06034082311 0.005 0.0005)
(0.0633535917 0.005 0.0005)
(0.06643467148 0.005 0.0005)
(0.06958561132 0.005 0.0005)
(0.07280799523 0.005 0.0005)
(0.07610344312 0.005 0.0005)
(0.07947361164 0.005 0.0005)
(0.08292019499 0.005 0.0005)
(0.08644492579 0.005 0.0005)
(0.09004957596 0.005 0.0005)
(0.09373595757 0.005 0.0005)
(0.0975059238 0.005 0.0005)
(0.1013613698 0.005 0.0005)
(0.1053042338 0.005 0.0005)
(0.1093364979 0.005 0.0005)
(0.1134601891 0.005 0.0005)
(0.1176773804 0.005 0.0005)
(0.1219901918 0.005 0.0005)
(0.1264007914 0.005 0.0005)
(0.1309113965 0.005 0.0005)
(0.1355242746 0.005 0.0005)
(0.1402417446 0.005 0.0005)
(0.145066178 0.005 0.0005)
(0.15 0.005 0.0005)
(0 0.006 -0.0006)
(0.001644607348 0.006 -0.0006)
(0.003326504344 0.006 -0.0006)
(0.005046536489 0.006 -0.0006)
(0.006805568455 0.006 -0.0006)
(0.00860448452 0.006 -0.0006)
(0.01044418901 0.006 -0.0006)
(0.01232560676 0.006 -0.0006)
(0.01424968357 0.006 -0.0006)
(0.01621738669 0.006 -0.0006)
(0.0182297053 0.006 -0.0006)
(0.020287651 0.006 -0.0006)
(0.02239225833 0.006 -0.0006)
(0.0245445853 0.006 -0.0006)
(0.0267457139 0.006 -0.0006)
(0.02899675065 0.006 -0.0006)
(0.03129882716 0.006 -0.0006)
(0.0336531007 0.006 -0.0006)
(0.03606075478 0.006 -0.0006)
(0.03852299975 0.006 -0.0006)
(0.04104107339 0.006 -0.0006)
(0.04361624156 0.006 -0.0006)
(0.04624979881 0.006 -0.0006)
(0.04894306905 0.006 -0.0006)
(0.05169740621 0.006 -0.0006)
(0.05451419491 0.006 -0.0006)
(0.05739485117 0.006 -0.0006)
(0.06034082311 0.006 -0.0006)
(0.0633535917 0.006 -0.0006)
(0.06643467148 0.006 -0.0006)
(0.06958561132 0.006 -0.0006)
(0.07280799523 0.006 -0.0006)
(0.07610344312 0.006 -0.0006)
(0.07947361164 0.006 -0.0006)
(0.08292019499 0.006 -0.0006)
(0.08644492579 0.006 -0.0006)
(0.09004957596 0.006 -0.0006)
(0.09373595757 0.006 -0.0006)
(0.0975059238 0.006 -0.0006)
(0.1013613698 0.006 -0.0006)
(0.1053042338 0.006 -0.0006)
(0.1093364979 0.006 -0.0006)
(0.1134601891 0.006 -0.0006)
(0.1176773804 0.006 -0.0006)
(0.1219901918 0.006 -0.0006)
(0.1264007914 0.006 -0.0006)
(0.1309113965 0.006 -0.0006)
(0.1355242746 0.006 -0.0006)
(0.1402417446 0.006 -0.0006)
(0.145066178 0.006 -0.0006)
(0.15 0.006 -0.0006)
(0 0.007 -0.0007)
(0.001644607348 0.007 -0.0007)
(0.003326504344 0.007 -0.0007)
(0.005046536489 0.007 -0.0007)
(0.006805568455 0.007 -0.0007)
(0.00860448452 0.007 -0.0007)
(0.01044418901 0.007 -0.0007)
(0.01232560676 0.007 -0.0007)
(0.01424968357 0.007 -0.0007)
(0.01621738669 0.007 -0.0007)
(0.0182297053 0.007 -0.0007)
(0.020287651 0.007 -0.0007)
(0.02239225833 0.007 -0.0007)
(0.0245445853 0.007 -0.0007)
(0.0267457139 0.007 -0.0007)
(0.02899675065 0.007 -0.0007)
(0.03129882716 0.007 -0.0007)
(0.0336531007 0.007 -0.0007)
(0.03606075478 0.007 -0.0007)
(0.03852299975 0.007 -0.0007)
(0.04104107339 0.007 -0.0007)
(0.04361624156 0.007 -0.0007)
(0.04624979881 0.007 -0.0007)
(0.04894306905 0.007 -0.0007)
(0.05169740621 0.007 -0.0007)
(0.05451419491 0.007 -0.0007)
(0.05739485117 0.007 -0.0007)
(0.06034082311 0.007 -0.0007)
(0.0633535917 0.007 -0.0007)
(0.06643467148 0.007 -0.0007)
(0.06958561132 0.007 -0.0007)
(0.07280799523 0.007 -0.0007)
(0.07610344312 0.007 -0.0007)
(0.07947361164 0.007 -0.0007)
(0.08292019499 0.007 -0.0007)
(0.08644492579 0.007 -0.0007)
(0.09004957596 0.007 -0.0007)
(0.09373595757 0.007 -0.0007)
(0.0975059238 0.007 -0.0007)
(0.1013613698 0.007 -0.0007)
(0.1053042338 0.007 -0.0007)
(0.1093364979 0.007 -0.0007)
(0.1134601891 0.007 -0.0007)
(0.1176773804 0.007 -0.0007)
(0.1219901918 0.007 -0.0007)
(0.1264007914 0.007 -0.0007)
(0.1309113965 0.007 -0.0007)
(0.1355242746 0.007 -0.0007)
(0.1402417446 0.007 -0.0007)
(0.145066178 0.007 -0.0007)
(0.15 0.007 -0.0007)
(0 0.008 -0.0008)
(0.001644607348 0.008 -0.0008)
(0.003326504344 0.008 -0.0008)
(0.005046536489 0.008 -0.0008)
(0.006805568455 0.008 -0.0008)
(0.00860448452 0.008 -0.0008)
(0.01044418901 0.008 -0.0008)
(0.01232560676 0.008 -0.0008)
(0.01424968357 0.008 -0.0008)
(0.01621738669 0.008 -0.0008)
(0.0182297053 0.008 -0.0008)
(0.020287651 0.008 -0.0008)
(0.02239225833 0.008 -0.0008)
(0.0245445853 0.008 -0.0008)
(0.0267457139 0.008 -0.0008)
(0.02899675065 0.008 -0.0008)
(0.03129882716 0.008 -0.0008)
(0.0336531007 0.008 -0.0008)
(0.03606075478 0.008 -0.0008)
(0.03852299975 0.008 -0.0008)
(0.04104107339 0.008 -0.0008)
(0.04361624156 0.008 -0.0008)
(0.04624979881 0.008 -0.0008)
(0.04894306905 0.008 -0.0008)
(0.05169740621 0.008 -0.0008)
(0.05451419491 0.008 -0.0008)
(0.05739485117 0.008 -0.0008)
(0.06034082311 0.008 -0.0008)
(0.0633535917 0.008 -0.0008)
(0.06643467148 0.008 -0.0008)
(0.06958561132 0.008 -0.0008)
(0.07280799523 0.008 -0.0008)
(0.07610344312 0.008 -0.0008)
(0.07947361164 0.008 -0.0008)
(0.08292019499 0.008 -0.0008)
(0.08644492579 0.008 -0.0008)
(0.09004957596 0.008 -0.0008)
(0.09373595757 0.008 -0.0008)
(0.0975059238 0.008 -0.0008)
(0.1013613698 0.008 -0.0008)
(0.1053042338 0.008 -0.0008)
(0.1093364979 0.008 -0.0008)
(0.1134601891 0.008 -0.0008)
(0.1176773804 0.008 -0.0008)
(0.1219901918 0.008 -0.0008)
(0.1264007914 0.008 -0.0008)
(0.1309113965 0.008 -0.0008)
(0.1355242746 0.008 -0.0008)
(0.1402417446 0.008 -0.0008)
(0.145066178 0.008 -0.0008)
(0.15 0.008 -0.0008)
(0 0.009 -0.0009)
(0.001644607348 0.009 -0.0009)
(0.003326504344 0.009 -0.0009)
(0.005046536489 0.009 -0.0009)
(0.006805568455 0.009 -0.0009)
(0.00860448452 0.009 -0.0009)
(0.01044418901 0.009 -0.0009)
(0.01232560676 0.009 -0.0009)
(0.01424968357 0.009 -0.0009)
(0.01621738669 0.009 -0.0009)
(0.0182297053 0.009 -0.0009)
(0.020287651 0.009 -0.0009)
(0.02239225833 0.009 -0.0009)
(0.0245445853 0.009 -0.0009)
(0.0267457139 0.009 -0.0009)
(0.02899675065 0.009 -0.0009)
(0.03129882716 0.009 -0.0009)
(0.0336531007 0.009 -0.0009)
(0.03606075478 0.009 -0.0009)
(0.03852299975 0.009 -0.0009)
(0.04104107339 0.009 -0.0009)
(0.04361624156 0.009 -0.0009)
(0.04624979881 0.009 -0.0009)
(0.04894306905 0.009 -0.0009)
(0.05169740621 0.009 -0.0009)
(0.05451419491 0.009 -0.0009)
(0.05739485117 0.009 -0.0009)
(0.06034082311 0.009 -0.0009)
(0.0633535917 0.009 -0.0009)
(0.06643467148 0.009 -0.0009)
(0.06958561132 0.009 -0.0009)
(0.07280799523 0.009 -0.0009)
(0.07610344312 0.009 -0.0009)
(0.07947361164 0.009 -0.0009)
(0.08292019499 0.009 -0.0009)
(0.08644492579 0.009 -0.0009)
(0.09004957596 0.009 -0.0009)
(0.09373595757 0.009 -0.0009)
(0.0975059238 0.009 -0.0009)
(0.1013613698 0.009 -0.0009)
(0.1053042338 0.009 -0.0009)
(0.1093364979 0.009 -0.0009)
(0.1134601891 0.009 -0.0009)
(0.1176773804 0.009 -0.0009)
(0.1219901918 0.009 -0.0009)
(0.1264007914 0.009 -0.0009)
(0.1309113965 0.009 -0.0009)
(0.1355242746 0.009 -0.0009)
(0.1402417446 0.009 -0.0009)
(0.145066178 0.009 -0.0009)
(0.15 0.009 -0.0009)
(0 0.01 -0.001)
(0.001644607348 0.01 -0.001)
(0.003326504344 0.01 -0.001)
(0.005046536489 0.01 -0.001)
(0.006805568455 0.01 -0.001)
(0.00860448452 0.01 -0.001)
(0.01044418901 0.01 -0.001)
(0.01232560676 0.01 -0.001)
(0.01424968357 0.01 -0.001)
(0.01621738669 0.01 -0.001)
(0.0182297053 0.01 -0.001)
(0.020287651 0.01 -0.001)
(0.02239225833 0.01 -0.001)
(0.0245445853 0.01 -0.001)
(0.0267457139 0.01 -0.001)
(0.02899675065 0.01 -0.001)
(0.03129882716 0.01 -0.001)
(0.0336531007 0.01 -0.001)
(0.03606075478 0.01 -0.001)
(0.03852299975 0.01 -0.001)
(0.04104107339 0.01 -0.001)
(0.04361624156 0.01 -0.001)
(0.04624979881 0.01 -0.001)
(0.04894306905 0.01 -0.001)
(0.05169740621 0.01 -0.001)
(0.05451419491 0.01 -0.001)
(0.05739485117 0.01 -0.001)
(0.06034082311 0.01 -0.001)
(0.0633535917 0.01 -0.001)
(0.06643467148 0.01 -0.001)
(0.06958561132 0.01 -0.001)
(0.07280799523 0.01 -0.001)
(0.07610344312 0.01 -0.001)
(0.07947361164 0.01 -0.001)
(0.08292019499 0.01 -0.001)
(0.08644492579 0.01 -0.001)
(0.09004957596 0.01 -0.001)
(0.09373595757 0.01 -0.001)
(0.0975059238 0.01 -0.001)
(0.1013613698 0.01 -0.001)
(0.1053042338 0.01 -0.001)
(0.1093364979 0.01 -0.001)
(0.1134601891 0.01 -0.001)
(0.1176773804 0.01 -0.001)
(0.1219901918 0.01 -0.001)
(0.1264007914 0.01 -0.001)
(0.1309113965 0.01 -0.001)
(0.1355242746 0.01 -0.001)
(0.1402417446 0.01 -0.001)
(0.145066178 0.01 -0.001)
(0.15 0.01 -0.001)
(0 0.006 0.0006)
(0.001644607348 0.006 0.0006)
(0.003326504344 0.006 0.0006)
(0.005046536489 0.006 0.0006)
(0.006805568455 0.006 0.0006)
(0.00860448452 0.006 0.0006)
(0.01044418901 0.006 0.0006)
(0.01232560676 0.006 0.0006)
(0.01424968357 0.006 0.0006)
(0.01621738669 0.006 0.0006)
(0.0182297053 0.006 0.0006)
(0.020287651 0.006 0.0006)
(0.02239225833 0.006 0.0006)
(0.0245445853 0.006 0.0006)
(0.0267457139 0.006 0.0006)
(0.02899675065 0.006 0.0006)
(0.03129882716 0.006 0.0006)
(0.0336531007 0.006 0.0006)
(0.03606075478 0.006 0.0006)
(0.03852299975 0.006 0.0006)
(0.04104107339 0.006 0.0006)
(0.04361624156 0.006 0.0006)
(0.04624979881 0.006 0.0006)
(0.04894306905 0.006 0.0006)
(0.05169740621 0.006 0.0006)
(0.05451419491 0.006 0.0006)
(0.05739485117 0.006 0.0006)
(0.06034082311 0.006 0.0006)
(0.0633535917 0.006 0.0006)
(0.06643467148 0.006 0.0006)
(0.06958561132 0.006 0.0006)
(0.07280799523 0.006 0.0006)
(0.07610344312 0.006 0.0006)
(0.07947361164 0.006 0.0006)
(0.08292019499 0.006 0.0006)
(0.08644492579 0.006 0.0006)
(0.09004957596 0.006 0.0006)
(0.09373595757 0.006 0.0006)
(0.0975059238 0.006 0.0006)
(0.1013613698 0.006 0.0006)
(0.1053042338 0.006 0.0006)
(0.1093364979 0.006 0.0006)
(0.1134601891 0.006 0.0006)
(0.1176773804 0.006 0.0006)
(0.1219901918 0.006 0.0006)
(0.1264007914 0.006 0.0006)
(0.1309113965 0.006 0.0006)
(0.1355242746 0.006 0.0006)
(0.1402417446 0.006 0.0006)
(0.145066178 0.006 0.0006)
(0.15 0.006 0.0006)
(0 0.007 0.0007)
(0.001644607348 0.007 0.0007)
(0.003326504344 0.007 0.0007)
(0.005046536489 0.007 0.0007)
(0.006805568455 0.007 0.0007)
(0.00860448452 0.007 0.0007)
(0.01044418901 0.007 0.0007)
(0.01232560676 0.007 0.0007)
(0.01424968357 0.007 0.0007)
(0.01621738669 0.007 0.0007)
(0.0182297053 0.007 0.0007)
(0.020287651 0.007 0.0007)
(0.02239225833 0.007 0.0007)
(0.0245445853 0.007 0.0007)
(0.0267457139 0.007 0.0007)
(0.02899675065 0.007 0.0007)
(0.03129882716 0.007 0.0007)
(0.0336531007 0.007 0.0007)
(0.03606075478 0.007 0.0007)
(0.03852299975 0.007 0.0007)
(0.04104107339 0.007 0.0007)
(0.04361624156 0.007 0.0007)
(0.04624979881 0.007 0.0007)
(0.04894306905 0.007 0.0007)
(0.05169740621 0.007 0.0007)
(0.05451419491 0.007 0.0007)
(0.05739485117 0.007 0.0007)
(0.06034082311 0.007 0.0007)
(0.0633535917 0.007 0.0007)
(0.06643467148 0.007 0.0007)
(0.06958561132 0.007 0.0007)
(0.07280799523 0.007 0.0007)
(0.07610344312 0.007 0.0007)
(0.07947361164 0.007 0.0007)
(0.08292019499 0.007 0.0007)
(0.08644492579 0.007 0.0007)
(0.09004957596 0.007 0.0007)
(0.09373595757 0.007 0.0007)
(0.0975059238 0.007 0.0007)
(0.1013613698 0.007 0.0007)
(0.1053042338 0.007 0.0007)
(0.1093364979 0.007 0.0007)
(0.1134601891 0.007 0.0007)
(0.1176773804 0.007 0.0007)
(0.1219901918 0.007 0.0007)
(0.1264007914 0.007 0.0007)
(0.1309113965 0.007 0.0007)
(0.1355242746 0.007 0.0007)
(0.1402417446 0.007 0.0007)
(0.145066178 0.007 0.0007)
(0.15 0.007 0.0007)
(0 0.008 0.0008)
(0.001644607348 0.008 0.0008)
(0.003326504344 0.008 0.0008)
(0.005046536489 0.008 0.0008)
(0.006805568455 0.008 0.0008)
(0.00860448452 0.008 0.0008)
(0.01044418901 0.008 0.0008)
(0.01232560676 0.008 0.0008)
(0.01424968357 0.008 0.0008)
(0.01621738669 0.008 0.0008)
(0.0182297053 0.008 0.0008)
(0.020287651 0.008 0.0008)
(0.02239225833 0.008 0.0008)
(0.0245445853 0.008 0.0008)
(0.0267457139 0.008 0.0008)
(0.02899675065 0.008 0.0008)
(0.03129882716 0.008 0.0008)
(0.0336531007 0.008 0.0008)
(0.03606075478 0.008 0.0008)
(0.03852299975 0.008 0.0008)
(0.04104107339 0.008 0.0008)
(0.04361624156 0.008 0.0008)
(0.04624979881 0.008 0.0008)
(0.04894306905 0.008 0.0008)
(0.05169740621 0.008 0.0008)
(0.05451419491 0.008 0.0008)
(0.05739485117 0.008 0.0008)
(0.06034082311 0.008 0.0008)
(0.0633535917 0.008 0.0008)
(0.06643467148 0.008 0.0008)
(0.06958561132 0.008 0.0008)
(0.07280799523 0.008 0.0008)
(0.07610344312 0.008 0.0008)
(0.07947361164 0.008 0.0008)
(0.08292019499 0.008 0.0008)
(0.08644492579 0.008 0.0008)
(0.09004957596 0.008 0.0008)
(0.09373595757 0.008 0.0008)
(0.0975059238 0.008 0.0008)
(0.1013613698 0.008 0.0008)
(0.1053042338 0.008 0.0008)
(0.1093364979 0.008 0.0008)
(0.1134601891 0.008 0.0008)
(0.1176773804 0.008 0.0008)
(0.1219901918 0.008 0.0008)
(0.1264007914 0.008 0.0008)
(0.1309113965 0.008 0.0008)
(0.1355242746 0.008 0.0008)
(0.1402417446 0.008 0.0008)
(0.145066178 0.008 0.0008)
(0.15 0.008 0.0008)
(0 0.009 0.0009)
(0.001644607348 0.009 0.0009)
(0.003326504344 0.009 0.0009)
(0.005046536489 0.009 0.0009)
(0.006805568455 0.009 0.0009)
(0.00860448452 0.009 0.0009)
(0.01044418901 0.009 0.0009)
(0.01232560676 0.009 0.0009)
(0.01424968357 0.009 0.0009)
(0.01621738669 0.009 0.0009)
(0.0182297053 0.009 0.0009)
(0.020287651 0.009 0.0009)
(0.02239225833 0.009 0.0009)
(0.0245445853 0.009 0.0009)
(0.0267457139 0.009 0.0009)
(0.02899675065 0.009 0.0009)
(0.03129882716 0.009 0.0009)
(0.0336531007 0.009 0.0009)
(0.03606075478 0.009 0.0009)
(0.03852299975 0.009 0.0009)
(0.04104107339 0.009 0.0009)
(0.04361624156 0.009 0.0009)
(0.04624979881 0.009 0.0009)
(0.04894306905 0.009 0.0009)
(0.05169740621 0.009 0.0009)
(0.05451419491 0.009 0.0009)
(0.05739485117 0.009 0.0009)
(0.06034082311 0.009 0.0009)
(0.0633535917 0.009 0.0009)
(0.06643467148 0.009 0.0009)
(0.06958561132 0.009 0.0009)
(0.07280799523 0.009 0.0009)
(0.07610344312 0.009 0.0009)
(0.07947361164 0.009 0.0009)
(0.08292019499 0.009 0.0009)
(0.08644492579 0.009 0.0009)
(0.09004957596 0.009 0.0009)
(0.09373595757 0.009 0.0009)
(0.0975059238 0.009 0.0009)
(0.1013613698 0.009 0.0009)
(0.1053042338 0.009 0.0009)
(0.1093364979 0.009 0.0009)
(0.1134601891 0.009 0.0009)
(0.1176773804 0.009 0.0009)
(0.1219901918 0.009 0.0009)
(0.1264007914 0.009 0.0009)
(0.1309113965 0.009 0.0009)
(0.1355242746 0.009 0.0009)
(0.1402417446 0.009 0.0009)
(0.145066178 0.009 0.0009)
(0.15 0.009 0.0009)
(0 0.01 0.001)
(0.001644607348 0.01 0.001)
(0.003326504344 0.01 0.001)
(0.005046536489 0.01 0.001)
(0.006805568455 0.01 0.001)
(0.00860448452 0.01 0.001)
(0.01044418901 0.01 0.001)
(0.01232560676 0.01 0.001)
(0.01424968357 0.01 0.001)
(0.01621738669 0.01 0.001)
(0.0182297053 0.01 0.001)
(0.020287651 0.01 0.001)
(0.02239225833 0.01 0.001)
(0.0245445853 0.01 0.001)
(0.0267457139 0.01 0.001)
(0.02899675065 0.01 0.001)
(0.03129882716 0.01 0.001)
(0.0336531007 0.01 0.001)
(0.03606075478 0.01 0.001)
(0.03852299975 0.01 0.001)
(0.04104107339 0.01 0.001)
(0.04361624156 0.01 0.001)
(0.04624979881 0.01 0.001)
(0.04894306905 0.01 0.001)
(0.05169740621 0.01 0.001)
(0.05451419491 0.01 0.001)
(0.05739485117 0.01 0.001)
(0.06034082311 0.01 0.001)
(0.0633535917 0.01 0.001)
(0.06643467148 0.01 0.001)
(0.06958561132 0.01 0.001)
(0.07280799523 0.01 0.001)
(0.07610344312 0.01 0.001)
(0.07947361164 0.01 0.001)
(0.08292019499 0.01 0.001)
(0.08644492579 0.01 0.001)
(0.09004957596 0.01 0.001)
(0.09373595757 0.01 0.001)
(0.0975059238 0.01 0.001)
(0.1013613698 0.01 0.001)
(0.1053042338 0.01 0.001)
(0.1093364979 0.01 0.001)
(0.1134601891 0.01 0.001)
(0.1176773804 0.01 0.001)
(0.1219901918 0.01 0.001)
(0.1264007914 0.01 0.001)
(0.1309113965 0.01 0.001)
(0.1355242746 0.01 0.001)
(0.1402417446 0.01 0.001)
(0.145066178 0.01 0.001)
(0.15 0.01 0.001)
(0 0.01105727614 -0.001105727614)
(0.001644607348 0.01105727614 -0.001105727614)
(0.003326504344 0.01105727614 -0.001105727614)
(0.005046536489 0.01105727614 -0.001105727614)
(0.006805568455 0.01105727614 -0.001105727614)
(0.00860448452 0.01105727614 -0.001105727614)
(0.01044418901 0.01105727614 -0.001105727614)
(0.01232560676 0.01105727614 -0.001105727614)
(0.01424968357 0.01105727614 -0.001105727614)
(0.01621738669 0.01105727614 -0.001105727614)
(0.0182297053 0.01105727614 -0.001105727614)
(0.020287651 0.01105727614 -0.001105727614)
(0.02239225833 0.01105727614 -0.001105727614)
(0.0245445853 0.01105727614 -0.001105727614)
(0.0267457139 0.01105727614 -0.001105727614)
(0.02899675065 0.01105727614 -0.001105727614)
(0.03129882716 0.01105727614 -0.001105727614)
(0.0336531007 0.01105727614 -0.001105727614)
(0.03606075478 0.01105727614 -0.001105727614)
(0.03852299975 0.01105727614 -0.001105727614)
(0.04104107339 0.01105727614 -0.001105727614)
(0.04361624156 0.01105727614 -0.001105727614)
(0.04624979881 0.01105727614 -0.001105727614)
(0.04894306905 0.01105727614 -0.001105727614)
(0.05169740621 0.01105727614 -0.001105727614)
(0.05451419491 0.01105727614 -0.001105727614)
(0.05739485117 0.01105727614 -0.001105727614)
(0.06034082311 0.01105727614 -0.001105727614)
(0.0633535917 0.01105727614 -0.001105727614)
(0.06643467148 0.01105727614 -0.001105727614)
(0.06958561132 0.01105727614 -0.001105727614)
(0.07280799523 0.01105727614 -0.001105727614)
(0.07610344312 0.01105727614 -0.001105727614)
(0.07947361164 0.01105727614 -0.001105727614)
(0.08292019499 0.01105727614 -0.001105727614)
(0.08644492579 0.01105727614 -0.001105727614)
(0.09004957596 0.01105727614 -0.001105727614)
(0.09373595757 0.01105727614 -0.001105727614)
(0.0975059238 0.01105727614 -0.001105727614)
(0.1013613698 0.01105727614 -0.001105727614)
(0.1053042338 0.01105727614 -0.001105727614)
(0.1093364979 0.01105727614 -0.001105727614)
(0.1134601891 0.01105727614 -0.001105727614)
(0.1176773804 0.01105727614 -0.001105727614)
(0.1219901918 0.01105727614 -0.001105727614)
(0.1264007914 0.01105727614 -0.001105727614)
(0.1309113965 0.01105727614 -0.001105727614)
(0.1355242746 0.01105727614 -0.001105727614)
(0.1402417446 0.01105727614 -0.001105727614)
(0.145066178 0.01105727614 -0.001105727614)
(0.15 0.01105727614 -0.001105727614)
(0 0.01224335854 -0.001224335854)
(0.001644607348 0.01224335854 -0.001224335854)
(0.003326504344 0.01224335854 -0.001224335854)
(0.005046536489 0.01224335854 -0.001224335854)
(0.006805568455 0.01224335854 -0.001224335854)
(0.00860448452 0.01224335854 -0.001224335854)
(0.01044418901 0.01224335854 -0.001224335854)
(0.01232560676 0.01224335854 -0.001224335854)
(0.01424968357 0.01224335854 -0.001224335854)
(0.01621738669 0.01224335854 -0.001224335854)
(0.0182297053 0.01224335854 -0.001224335854)
(0.020287651 0.01224335854 -0.001224335854)
(0.02239225833 0.01224335854 -0.001224335854)
(0.0245445853 0.01224335854 -0.001224335854)
(0.0267457139 0.01224335854 -0.001224335854)
(0.02899675065 0.01224335854 -0.001224335854)
(0.03129882716 0.01224335854 -0.001224335854)
(0.0336531007 0.01224335854 -0.001224335854)
(0.03606075478 0.01224335854 -0.001224335854)
(0.03852299975 0.01224335854 -0.001224335854)
(0.04104107339 0.01224335854 -0.001224335854)
(0.04361624156 0.01224335854 -0.001224335854)
(0.04624979881 0.01224335854 -0.001224335854)
(0.04894306905 0.01224335854 -0.001224335854)
(0.05169740621 0.01224335854 -0.001224335854)
(0.05451419491 0.01224335854 -0.001224335854)
(0.05739485117 0.01224335854 -0.001224335854)
(0.06034082311 0.01224335854 -0.001224335854)
(0.0633535917 0.01224335854 -0.001224335854)
(0.06643467148 0.01224335854 -0.001224335854)
(0.06958561132 0.01224335854 -0.001224335854)
(0.07280799523 0.01224335854 -0.001224335854)
(0.07610344312 0.01224335854 -0.001224335854)
(0.07947361164 0.01224335854 -0.001224335854)
(0.08292019499 0.01224335854 -0.001224335854)
(0.08644492579 0.01224335854 -0.001224335854)
(0.09004957596 0.01224335854 -0.001224335854)
(0.09373595757 0.01224335854 -0.001224335854)
(0.0975059238 0.01224335854 -0.001224335854)
(0.1013613698 0.01224335854 -0.001224335854)
(0.1053042338 0.01224335854 -0.001224335854)
(0.1093364979 0.01224335854 -0.001224335854)
(0.1134601891 0.01224335854 -0.001224335854)
(0.1176773804 0.01224335854 -0.001224335854)
(0.1219901918 0.01224335854 -0.001224335854)
(0.1264007914 0.01224335854 -0.001224335854)
(0.1309113965 0.01224335854 -0.001224335854)
(0.1355242746 0.01224335854 -0.001224335854)
(0.1402417446 0.01224335854 -0.001224335854)
(0.145066178 0.01224335854 -0.001224335854)
(0.15 0.01224335854 -0.001224335854)
(0 0.01357393945 -0.001357393945)
(0.001644607348 0.01357393945 -0.001357393945)
(0.003326504344 0.01357393945 -0.001357393945)
(0.005046536489 0.01357393945 -0.001357393945)
(0.006805568455 0.01357393945 -0.001357393945)
(0.00860448452 0.01357393945 -0.001357393945)
(0.01044418901 0.01357393945 -0.001357393945)
(0.01232560676 0.01357393945 -0.001357393945)
(0.01424968357 0.01357393945 -0.001357393945)
(0.01621738669 0.01357393945 -0.001357393945)
(0.0182297053 0.01357393945 -0.001357393945)
(0.020287651 0.01357393945 -0.001357393945)
(0.02239225833 0.01357393945 -0.001357393945)
(0.0245445853 0.01357393945 -0.001357393945)
(0.0267457139 0.01357393945 -0.001357393945)
(0.02899675065 0.01357393945 -0.001357393945)
(0.03129882716 0.01357393945 -0.001357393945)
(0.0336531007 0.01357393945 -0.001357393945)
(0.03606075478 0.01357393945 -0.001357393945)
(0.03852299975 0.01357393945 -0.001357393945)
(0.04104107339 0.01357393945 -0.001357393945)
(0.04361624156 0.01357393945 -0.001357393945)
(0.04624979881 0.01357393945 -0.001357393945)
(0.04894306905 0.01357393945 -0.001357393945)
(0.05169740621 0.01357393945 -0.001357393945)
(0.05451419491 0.01357393945 -0.001357393945)
(0.05739485117 0.01357393945 -0.001357393945)
(0.06034082311 0.01357393945 -0.001357393945)
(0.0633535917 0.01357393945 -0.001357393945)
(0.06643467148 0.01357393945 -0.001357393945)
(0.06958561132 0.01357393945 -0.001357393945)
(0.07280799523 0.01357393945 -0.001357393945)
(0.07610344312 0.01357393945 -0.001357393945)
(0.07947361164 0.01357393945 -0.001357393945)
(0.08292019499 0.01357393945 -0.001357393945)
(0.08644492579 0.01357393945 -0.001357393945)
(0.09004957596 0.01357393945 -0.001357393945)
(0.09373595757 0.01357393945 -0.001357393945)
(0.0975059238 0.01357393945 -0.001357393945)
(0.1013613698 0.01357393945 -0.001357393945)
(0.1053042338 0.01357393945 -0.001357393945)
(0.1093364979 0.01357393945 -0.001357393945)
(0.1134601891 0.01357393945 -0.001357393945)
(0.1176773804 0.01357393945 -0.001357393945)
(0.1219901918 0.01357393945 -0.001357393945)
(0.1264007914 0.01357393945 -0.001357393945)
(0.1309113965 0.01357393945 -0.001357393945)
(0.1355242746 0.01357393945 -0.001357393945)
(0.1402417446 0.01357393945 -0.001357393945)
(0.145066178 0.01357393945 -0.001357393945)
(0.15 0.01357393945 -0.001357393945)
(0 0.01506662291 -0.001506662291)
(0.001644607348 0.01506662291 -0.001506662291)
(0.003326504344 0.01506662291 -0.001506662291)
(0.005046536489 0.01506662291 -0.001506662291)
(0.006805568455 0.01506662291 -0.001506662291)
(0.00860448452 0.01506662291 -0.001506662291)
(0.01044418901 0.01506662291 -0.001506662291)
(0.01232560676 0.01506662291 -0.001506662291)
(0.01424968357 0.01506662291 -0.001506662291)
(0.01621738669 0.01506662291 -0.001506662291)
(0.0182297053 0.01506662291 -0.001506662291)
(0.020287651 0.01506662291 -0.001506662291)
(0.02239225833 0.01506662291 -0.001506662291)
(0.0245445853 0.01506662291 -0.001506662291)
(0.0267457139 0.01506662291 -0.001506662291)
(0.02899675065 0.01506662291 -0.001506662291)
(0.03129882716 0.01506662291 -0.001506662291)
(0.0336531007 0.01506662291 -0.001506662291)
(0.03606075478 0.01506662291 -0.001506662291)
(0.03852299975 0.01506662291 -0.001506662291)
(0.04104107339 0.01506662291 -0.001506662291)
(0.04361624156 0.01506662291 -0.001506662291)
(0.04624979881 0.01506662291 -0.001506662291)
(0.04894306905 0.01506662291 -0.001506662291)
(0.05169740621 0.01506662291 -0.001506662291)
(0.05451419491 0.01506662291 -0.001506662291)
(0.05739485117 0.01506662291 -0.001506662291)
(0.06034082311 0.01506662291 -0.001506662291)
(0.0633535917 0.01506662291 -0.001506662291)
(0.06643467148 0.01506662291 -0.001506662291)
(0.06958561132 0.01506662291 -0.001506662291)
(0.07280799523 0.01506662291 -0.001506662291)
(0.07610344312 0.01506662291 -0.001506662291)
(0.07947361164 0.01506662291 -0.001506662291)
(0.08292019499 0.01506662291 -0.001506662291)
(0.08644492579 0.01506662291 -0.001506662291)
(0.09004957596 0.01506662291 -0.001506662291)
(0.09373595757 0.01506662291 -0.001506662291)
(0.0975059238 0.01506662291 -0.001506662291)
(0.1013613698 0.01506662291 -0.001506662291)
(0.1053042338 0.01506662291 -0.001506662291)
(0.1093364979 0.01506662291 -0.001506662291)
(0.1134601891 0.01506662291 -0.001506662291)
(0.1176773804 0.01506662291 -0.001506662291)
(0.1219901918 0.01506662291 -0.001506662291)
(0.1264007914 0.01506662291 -0.001506662291)
(0.1309113965 0.01506662291 -0.001506662291)
(0.1355242746 0.01506662291 -0.001506662291)
(0.1402417446 0.01506662291 -0.001506662291)
(0.145066178 0.01506662291 -0.001506662291)
(0.15 0.01506662291 -0.001506662291)
(0 0.01674115759 -0.001674115759)
(0.001644607348 0.01674115759 -0.001674115759)
(0.003326504344 0.01674115759 -0.001674115759)
(0.005046536489 0.01674115759 -0.001674115759)
(0.006805568455 0.01674115759 -0.001674115759)
(0.00860448452 0.01674115759 -0.001674115759)
(0.01044418901 0.01674115759 -0.001674115759)
(0.01232560676 0.01674115759 -0.001674115759)
(0.01424968357 0.01674115759 -0.001674115759)
(0.01621738669 0.01674115759 -0.001674115759)
(0.0182297053 0.01674115759 -0.001674115759)
(0.020287651 0.01674115759 -0.001674115759)
(0.02239225833 0.01674115759 -0.001674115759)
(0.0245445853 0.01674115759 -0.001674115759)
(0.0267457139 0.01674115759 -0.001674115759)
(0.02899675065 0.01674115759 -0.001674115759)
(0.03129882716 0.01674115759 -0.001674115759)
(0.0336531007 0.01674115759 -0.001674115759)
(0.03606075478 0.01674115759 -0.001674115759)
(0.03852299975 0.01674115759 -0.001674115759)
(0.04104107339 0.01674115759 -0.001674115759)
(0.04361624156 0.01674115759 -0.001674115759)
(0.04624979881 0.01674115759 -0.001674115759)
(0.04894306905 0.01674115759 -0.001674115759)
(0.05169740621 0.01674115759 -0.001674115759)
(0.05451419491 0.01674115759 -0.001674115759)
(0.05739485117 0.01674115759 -0.001674115759)
(0.06034082311 0.01674115759 -0.001674115759)
(0.0633535917 0.01674115759 -0.001674115759)
(0.06643467148 0.01674115759 -0.001674115759)
(0.06958561132 0.01674115759 -0.001674115759)
(0.07280799523 0.01674115759 -0.001674115759)
(0.07610344312 0.01674115759 -0.001674115759)
(0.07947361164 0.01674115759 -0.001674115759)
(0.08292019499 0.01674115759 -0.001674115759)
(0.08644492579 0.01674115759 -0.001674115759)
(0.09004957596 0.01674115759 -0.001674115759)
(0.09373595757 0.01674115759 -0.001674115759)
(0.0975059238 0.01674115759 -0.001674115759)
(0.1013613698 0.01674115759 -0.001674115759)
(0.1053042338 0.01674115759 -0.001674115759)
(0.1093364979 0.01674115759 -0.001674115759)
(0.1134601891 0.01674115759 -0.001674115759)
(0.1176773804 0.01674115759 -0.001674115759)
(0.1219901918 0.01674115759 -0.001674115759)
(0.1264007914 0.01674115759 -0.001674115759)
(0.1309113965 0.01674115759 -0.001674115759)
(0.1355242746 0.01674115759 -0.001674115759)
(0.1402417446 0.01674115759 -0.001674115759)
(0.145066178 0.01674115759 -0.001674115759)
(0.15 0.01674115759 -0.001674115759)
(0 0.01861969815 -0.001861969815)
(0.001644607348 0.01861969815 -0.001861969815)
(0.003326504344 0.01861969815 -0.001861969815)
(0.005046536489 0.01861969815 -0.001861969815)
(0.006805568455 0.01861969815 -0.001861969815)
(0.00860448452 0.01861969815 -0.001861969815)
(0.01044418901 0.01861969815 -0.001861969815)
(0.01232560676 0.01861969815 -0.001861969815)
(0.01424968357 0.01861969815 -0.001861969815)
(0.01621738669 0.01861969815 -0.001861969815)
(0.0182297053 0.01861969815 -0.001861969815)
(0.020287651 0.01861969815 -0.001861969815)
(0.02239225833 0.01861969815 -0.001861969815)
(0.0245445853 0.01861969815 -0.001861969815)
(0.0267457139 0.01861969815 -0.001861969815)
(0.02899675065 0.01861969815 -0.001861969815)
(0.03129882716 0.01861969815 -0.001861969815)
(0.0336531007 0.01861969815 -0.001861969815)
(0.03606075478 0.01861969815 -0.001861969815)
(0.03852299975 0.01861969815 -0.001861969815)
(0.04104107339 0.01861969815 -0.001861969815)
(0.04361624156 0.01861969815 -0.001861969815)
(0.04624979881 0.01861969815 -0.001861969815)
(0.04894306905 0.01861969815 -0.001861969815)
(0.05169740621 0.01861969815 -0.001861969815)
(0.05451419491 0.01861969815 -0.001861969815)
(0.05739485117 0.01861969815 -0.001861969815)
(0.06034082311 0.01861969815 -0.001861969815)
(0.0633535917 0.01861969815 -0.001861969815)
(0.06643467148 0.01861969815 -0.001861969815)
(0.06958561132 0.01861969815 -0.001861969815)
(0.07280799523 0.01861969815 -0.001861969815)
(0.07610344312 0.01861969815 -0.001861969815)
(0.07947361164 0.01861969815 -0.001861969815)
(0.08292019499 0.01861969815 -0.001861969815)
(0.08644492579 0.01861969815 -0.001861969815)
(0.09004957596 0.01861969815 -0.001861969815)
(0.09373595757 0.01861969815 -0.001861969815)
(0.0975059238 0.01861969815 -0.001861969815)
(0.1013613698 0.01861969815 -0.001861969815)
(0.1053042338 0.01861969815 -0.001861969815)
(0.1093364979 0.01861969815 -0.001861969815)
(0.1134601891 0.01861969815 -0.001861969815)
(0.1176773804 0.01861969815 -0.001861969815)
(0.1219901918 0.01861969815 -0.001861969815)
(0.1264007914 0.01861969815 -0.001861969815)
(0.1309113965 0.01861969815 -0.001861969815)
(0.1355242746 0.01861969815 -0.001861969815)
(0.1402417446 0.01861969815 -0.001861969815)
(0.145066178 0.01861969815 -0.001861969815)
(0.15 0.01861969815 -0.001861969815)
(0 0.0207270983 -0.00207270983)
(0.001644607348 0.0207270983 -0.00207270983)
(0.003326504344 0.0207270983 -0.00207270983)
(0.005046536489 0.0207270983 -0.00207270983)
(0.006805568455 0.0207270983 -0.00207270983)
(0.00860448452 0.0207270983 -0.00207270983)
(0.01044418901 0.0207270983 -0.00207270983)
(0.01232560676 0.0207270983 -0.00207270983)
(0.01424968357 0.0207270983 -0.00207270983)
(0.01621738669 0.0207270983 -0.00207270983)
(0.0182297053 0.0207270983 -0.00207270983)
(0.020287651 0.0207270983 -0.00207270983)
(0.02239225833 0.0207270983 -0.00207270983)
(0.0245445853 0.0207270983 -0.00207270983)
(0.0267457139 0.0207270983 -0.00207270983)
(0.02899675065 0.0207270983 -0.00207270983)
(0.03129882716 0.0207270983 -0.00207270983)
(0.0336531007 0.0207270983 -0.00207270983)
(0.03606075478 0.0207270983 -0.00207270983)
(0.03852299975 0.0207270983 -0.00207270983)
(0.04104107339 0.0207270983 -0.00207270983)
(0.04361624156 0.0207270983 -0.00207270983)
(0.04624979881 0.0207270983 -0.00207270983)
(0.04894306905 0.0207270983 -0.00207270983)
(0.05169740621 0.0207270983 -0.00207270983)
(0.05451419491 0.0207270983 -0.00207270983)
(0.05739485117 0.0207270983 -0.00207270983)
(0.06034082311 0.0207270983 -0.00207270983)
(0.0633535917 0.0207270983 -0.00207270983)
(0.06643467148 0.0207270983 -0.00207270983)
(0.06958561132 0.0207270983 -0.00207270983)
(0.07280799523 0.0207270983 -0.00207270983)
(0.07610344312 0.0207270983 -0.00207270983)
(0.07947361164 0.0207270983 -0.00207270983)
(0.08292019499 0.0207270983 -0.00207270983)
(0.08644492579 0.0207270983 -0.00207270983)
(0.09004957596 0.0207270983 -0.00207270983)
(0.09373595757 0.0207270983 -0.00207270983)
(0.0975059238 0.0207270983 -0.00207270983)
(0.1013613698 0.0207270983 -0.00207270983)
(0.1053042338 0.0207270983 -0.00207270983)
(0.1093364979 0.0207270983 -0.00207270983)
(0.1134601891 0.0207270983 -0.00207270983)
(0.1176773804 0.0207270983 -0.00207270983)
(0.1219901918 0.0207270983 -0.00207270983)
(0.1264007914 0.0207270983 -0.00207270983)
(0.1309113965 0.0207270983 -0.00207270983)
(0.1355242746 0.0207270983 -0.00207270983)
(0.1402417446 0.0207270983 -0.00207270983)
(0.145066178 0.0207270983 -0.00207270983)
(0.15 0.0207270983 -0.00207270983)
(0 0.02309123962 -0.002309123962)
(0.001644607348 0.02309123962 -0.002309123962)
(0.003326504344 0.02309123962 -0.002309123962)
(0.005046536489 0.02309123962 -0.002309123962)
(0.006805568455 0.02309123962 -0.002309123962)
(0.00860448452 0.02309123962 -0.002309123962)
(0.01044418901 0.02309123962 -0.002309123962)
(0.01232560676 0.02309123962 -0.002309123962)
(0.01424968357 0.02309123962 -0.002309123962)
(0.01621738669 0.02309123962 -0.002309123962)
(0.0182297053 0.02309123962 -0.002309123962)
(0.020287651 0.02309123962 -0.002309123962)
(0.02239225833 0.02309123962 -0.002309123962)
(0.0245445853 0.02309123962 -0.002309123962)
(0.0267457139 0.02309123962 -0.002309123962)
(0.02899675065 0.02309123962 -0.002309123962)
(0.03129882716 0.02309123962 -0.002309123962)
(0.0336531007 0.02309123962 -0.002309123962)
(0.03606075478 0.02309123962 -0.002309123962)
(0.03852299975 0.02309123962 -0.002309123962)
(0.04104107339 0.02309123962 -0.002309123962)
(0.04361624156 0.02309123962 -0.002309123962)
(0.04624979881 0.02309123962 -0.002309123962)
(0.04894306905 0.02309123962 -0.002309123962)
(0.05169740621 0.02309123962 -0.002309123962)
(0.05451419491 0.02309123962 -0.002309123962)
(0.05739485117 0.02309123962 -0.002309123962)
(0.06034082311 0.02309123962 -0.002309123962)
(0.0633535917 0.02309123962 -0.002309123962)
(0.06643467148 0.02309123962 -0.002309123962)
(0.06958561132 0.02309123962 -0.002309123962)
(0.07280799523 0.02309123962 -0.002309123962)
(0.07610344312 0.02309123962 -0.002309123962)
(0.07947361164 0.02309123962 -0.002309123962)
(0.08292019499 0.02309123962 -0.002309123962)
(0.08644492579 0.02309123962 -0.002309123962)
(0.09004957596 0.02309123962 -0.002309123962)
(0.09373595757 0.02309123962 -0.002309123962)
(0.0975059238 0.02309123962 -0.002309123962)
(0.1013613698 0.02309123962 -0.002309123962)
(0.1053042338 0.02309123962 -0.002309123962)
(0.1093364979 0.02309123962 -0.002309123962)
(0.1134601891 0.02309123962 -0.002309123962)
(0.1176773804 0.02309123962 -0.002309123962)
(0.1219901918 0.02309123962 -0.002309123962)
(0.1264007914 0.02309123962 -0.002309123962)
(0.1309113965 0.02309123962 -0.002309123962)
(0.1355242746 0.02309123962 -0.002309123962)
(0.1402417446 0.02309123962 -0.002309123962)
(0.145066178 0.02309123962 -0.002309123962)
(0.15 0.02309123962 -0.002309123962)
(0 0.02574340049 -0.002574340049)
(0.001644607348 0.02574340049 -0.002574340049)
(0.003326504344 0.02574340049 -0.002574340049)
(0.005046536489 0.02574340049 -0.002574340049)
(0.006805568455 0.02574340049 -0.002574340049)
(0.00860448452 0.02574340049 -0.002574340049)
(0.01044418901 0.02574340049 -0.002574340049)
(0.01232560676 0.02574340049 -0.002574340049)
(0.01424968357 0.02574340049 -0.002574340049)
(0.01621738669 0.02574340049 -0.002574340049)
(0.0182297053 0.02574340049 -0.002574340049)
(0.020287651 0.02574340049 -0.002574340049)
(0.02239225833 0.02574340049 -0.002574340049)
(0.0245445853 0.02574340049 -0.002574340049)
(0.0267457139 0.02574340049 -0.002574340049)
(0.02899675065 0.02574340049 -0.002574340049)
(0.03129882716 0.02574340049 -0.002574340049)
(0.0336531007 0.02574340049 -0.002574340049)
(0.03606075478 0.02574340049 -0.002574340049)
(0.03852299975 0.02574340049 -0.002574340049)
(0.04104107339 0.02574340049 -0.002574340049)
(0.04361624156 0.02574340049 -0.002574340049)
(0.04624979881 0.02574340049 -0.002574340049)
(0.04894306905 0.02574340049 -0.002574340049)
(0.05169740621 0.02574340049 -0.002574340049)
(0.05451419491 0.02574340049 -0.002574340049)
(0.05739485117 0.02574340049 -0.002574340049)
(0.06034082311 0.02574340049 -0.002574340049)
(0.0633535917 0.02574340049 -0.002574340049)
(0.06643467148 0.02574340049 -0.002574340049)
(0.06958561132 0.02574340049 -0.002574340049)
(0.07280799523 0.02574340049 -0.002574340049)
(0.07610344312 0.02574340049 -0.002574340049)
(0.07947361164 0.02574340049 -0.002574340049)
(0.08292019499 0.02574340049 -0.002574340049)
(0.08644492579 0.02574340049 -0.002574340049)
(0.09004957596 0.02574340049 -0.002574340049)
(0.09373595757 0.02574340049 -0.002574340049)
(0.0975059238 0.02574340049 -0.002574340049)
(0.1013613698 0.02574340049 -0.002574340049)
(0.1053042338 0.02574340049 -0.002574340049)
(0.1093364979 0.02574340049 -0.002574340049)
(0.1134601891 0.02574340049 -0.002574340049)
(0.1176773804 0.02574340049 -0.002574340049)
(0.1219901918 0.02574340049 -0.002574340049)
(0.1264007914 0.02574340049 -0.002574340049)
(0.1309113965 0.02574340049 -0.002574340049)
(0.1355242746 0.02574340049 -0.002574340049)
(0.1402417446 0.02574340049 -0.002574340049)
(0.145066178 0.02574340049 -0.002574340049)
(0.15 0.02574340049 -0.002574340049)
(0 0.02871866987 -0.002871866987)
(0.001644607348 0.02871866987 -0.002871866987)
(0.003326504344 0.02871866987 -0.002871866987)
(0.005046536489 0.02871866987 -0.002871866987)
(0.006805568455 0.02871866987 -0.002871866987)
(0.00860448452 0.02871866987 -0.002871866987)
(0.01044418901 0.02871866987 -0.002871866987)
(0.01232560676 0.02871866987 -0.002871866987)
(0.01424968357 0.02871866987 -0.002871866987)
(0.01621738669 0.02871866987 -0.002871866987)
(0.0182297053 0.02871866987 -0.002871866987)
(0.020287651 0.02871866987 -0.002871866987)
(0.02239225833 0.02871866987 -0.002871866987)
(0.0245445853 0.02871866987 -0.002871866987)
(0.0267457139 0.02871866987 -0.002871866987)
(0.02899675065 0.02871866987 -0.002871866987)
(0.03129882716 0.02871866987 -0.002871866987)
(0.0336531007 0.02871866987 -0.002871866987)
(0.03606075478 0.02871866987 -0.002871866987)
(0.03852299975 0.02871866987 -0.002871866987)
(0.04104107339 0.02871866987 -0.002871866987)
(0.04361624156 0.02871866987 -0.002871866987)
(0.04624979881 0.02871866987 -0.002871866987)
(0.04894306905 0.02871866987 -0.002871866987)
(0.05169740621 0.02871866987 -0.002871866987)
(0.05451419491 0.02871866987 -0.002871866987)
(0.05739485117 0.02871866987 -0.002871866987)
(0.06034082311 0.02871866987 -0.002871866987)
(0.0633535917 0.02871866987 -0.002871866987)
(0.06643467148 0.02871866987 -0.002871866987)
(0.06958561132 0.02871866987 -0.002871866987)
(0.07280799523 0.02871866987 -0.002871866987)
(0.07610344312 0.02871866987 -0.002871866987)
(0.07947361164 0.02871866987 -0.002871866987)
(0.08292019499 0.02871866987 -0.002871866987)
(0.08644492579 0.02871866987 -0.002871866987)
(0.09004957596 0.02871866987 -0.002871866987)
(0.09373595757 0.02871866987 -0.002871866987)
(0.0975059238 0.02871866987 -0.002871866987)
(0.1013613698 0.02871866987 -0.002871866987)
(0.1053042338 0.02871866987 -0.002871866987)
(0.1093364979 0.02871866987 -0.002871866987)
(0.1134601891 0.02871866987 -0.002871866987)
(0.1176773804 0.02871866987 -0.002871866987)
(0.1219901918 0.02871866987 -0.002871866987)
(0.1264007914 0.02871866987 -0.002871866987)
(0.1309113965 0.02871866987 -0.002871866987)
(0.1355242746 0.02871866987 -0.002871866987)
(0.1402417446 0.02871866987 -0.002871866987)
(0.145066178 0.02871866987 -0.002871866987)
(0.15 0.02871866987 -0.002871866987)
(0 0.03205641154 -0.003205641154)
(0.001644607348 0.03205641154 -0.003205641154)
(0.003326504344 0.03205641154 -0.003205641154)
(0.005046536489 0.03205641154 -0.003205641154)
(0.006805568455 0.03205641154 -0.003205641154)
(0.00860448452 0.03205641154 -0.003205641154)
(0.01044418901 0.03205641154 -0.003205641154)
(0.01232560676 0.03205641154 -0.003205641154)
(0.01424968357 0.03205641154 -0.003205641154)
(0.01621738669 0.03205641154 -0.003205641154)
(0.0182297053 0.03205641154 -0.003205641154)
(0.020287651 0.03205641154 -0.003205641154)
(0.02239225833 0.03205641154 -0.003205641154)
(0.0245445853 0.03205641154 -0.003205641154)
(0.0267457139 0.03205641154 -0.003205641154)
(0.02899675065 0.03205641154 -0.003205641154)
(0.03129882716 0.03205641154 -0.003205641154)
(0.0336531007 0.03205641154 -0.003205641154)
(0.03606075478 0.03205641154 -0.003205641154)
(0.03852299975 0.03205641154 -0.003205641154)
(0.04104107339 0.03205641154 -0.003205641154)
(0.04361624156 0.03205641154 -0.003205641154)
(0.04624979881 0.03205641154 -0.003205641154)
(0.04894306905 0.03205641154 -0.003205641154)
(0.05169740621 0.03205641154 -0.003205641154)
(0.05451419491 0.03205641154 -0.003205641154)
(0.05739485117 0.03205641154 -0.003205641154)
(0.06034082311 0.03205641154 -0.003205641154)
(0.0633535917 0.03205641154 -0.003205641154)
(0.06643467148 0.03205641154 -0.003205641154)
(0.06958561132 0.03205641154 -0.003205641154)
(0.07280799523 0.03205641154 -0.003205641154)
(0.07610344312 0.03205641154 -0.003205641154)
(0.07947361164 0.03205641154 -0.003205641154)
(0.08292019499 0.03205641154 -0.003205641154)
(0.08644492579 0.03205641154 -0.003205641154)
(0.09004957596 0.03205641154 -0.003205641154)
(0.09373595757 0.03205641154 -0.003205641154)
(0.0975059238 0.03205641154 -0.003205641154)
(0.1013613698 0.03205641154 -0.003205641154)
(0.1053042338 0.03205641154 -0.003205641154)
(0.1093364979 0.03205641154 -0.003205641154)
(0.1134601891 0.03205641154 -0.003205641154)
(0.1176773804 0.03205641154 -0.003205641154)
(0.1219901918 0.03205641154 -0.003205641154)
(0.1264007914 0.03205641154 -0.003205641154)
(0.1309113965 0.03205641154 -0.003205641154)
(0.1355242746 0.03205641154 -0.003205641154)
(0.1402417446 0.03205641154 -0.003205641154)
(0.145066178 0.03205641154 -0.003205641154)
(0.15 0.03205641154 -0.003205641154)
(0 0.03580078492 -0.003580078492)
(0.001644607348 0.03580078492 -0.003580078492)
(0.003326504344 0.03580078492 -0.003580078492)
(0.005046536489 0.03580078492 -0.003580078492)
(0.006805568455 0.03580078492 -0.003580078492)
(0.00860448452 0.03580078492 -0.003580078492)
(0.01044418901 0.03580078492 -0.003580078492)
(0.01232560676 0.03580078492 -0.003580078492)
(0.01424968357 0.03580078492 -0.003580078492)
(0.01621738669 0.03580078492 -0.003580078492)
(0.0182297053 0.03580078492 -0.003580078492)
(0.020287651 0.03580078492 -0.003580078492)
(0.02239225833 0.03580078492 -0.003580078492)
(0.0245445853 0.03580078492 -0.003580078492)
(0.0267457139 0.03580078492 -0.003580078492)
(0.02899675065 0.03580078492 -0.003580078492)
(0.03129882716 0.03580078492 -0.003580078492)
(0.0336531007 0.03580078492 -0.003580078492)
(0.03606075478 0.03580078492 -0.003580078492)
(0.03852299975 0.03580078492 -0.003580078492)
(0.04104107339 0.03580078492 -0.003580078492)
(0.04361624156 0.03580078492 -0.003580078492)
(0.04624979881 0.03580078492 -0.003580078492)
(0.04894306905 0.03580078492 -0.003580078492)
(0.05169740621 0.03580078492 -0.003580078492)
(0.05451419491 0.03580078492 -0.003580078492)
(0.05739485117 0.03580078492 -0.003580078492)
(0.06034082311 0.03580078492 -0.003580078492)
(0.0633535917 0.03580078492 -0.003580078492)
(0.06643467148 0.03580078492 -0.003580078492)
(0.06958561132 0.03580078492 -0.003580078492)
(0.07280799523 0.03580078492 -0.003580078492)
(0.07610344312 0.03580078492 -0.003580078492)
(0.07947361164 0.03580078492 -0.003580078492)
(0.08292019499 0.03580078492 -0.003580078492)
(0.08644492579 0.03580078492 -0.003580078492)
(0.09004957596 0.03580078492 -0.003580078492)
(0.09373595757 0.03580078492 -0.003580078492)
(0.0975059238 0.03580078492 -0.003580078492)
(0.1013613698 0.03580078492 -0.003580078492)
(0.1053042338 0.03580078492 -0.003580078492)
(0.1093364979 0.03580078492 -0.003580078492)
(0.1134601891 0.03580078492 -0.003580078492)
(0.1176773804 0.03580078492 -0.003580078492)
(0.1219901918 0.03580078492 -0.003580078492)
(0.1264007914 0.03580078492 -0.003580078492)
(0.1309113965 0.03580078492 -0.003580078492)
(0.1355242746 0.03580078492 -0.003580078492)
(0.1402417446 0.03580078492 -0.003580078492)
(0.145066178 0.03580078492 -0.003580078492)
(0.15 0.03580078492 -0.003580078492)
(0 0.04000132931 -0.004000132931)
(0.001644607348 0.04000132931 -0.004000132931)
(0.003326504344 0.04000132931 -0.004000132931)
(0.005046536489 0.04000132931 -0.004000132931)
(0.006805568455 0.04000132931 -0.004000132931)
(0.00860448452 0.04000132931 -0.004000132931)
(0.01044418901 0.04000132931 -0.004000132931)
(0.01232560676 0.04000132931 -0.004000132931)
(0.01424968357 0.04000132931 -0.004000132931)
(0.01621738669 0.04000132931 -0.004000132931)
(0.0182297053 0.04000132931 -0.004000132931)
(0.020287651 0.04000132931 -0.004000132931)
(0.02239225833 0.04000132931 -0.004000132931)
(0.0245445853 0.04000132931 -0.004000132931)
(0.0267457139 0.04000132931 -0.004000132931)
(0.02899675065 0.04000132931 -0.004000132931)
(0.03129882716 0.04000132931 -0.004000132931)
(0.0336531007 0.04000132931 -0.004000132931)
(0.03606075478 0.04000132931 -0.004000132931)
(0.03852299975 0.04000132931 -0.004000132931)
(0.04104107339 0.04000132931 -0.004000132931)
(0.04361624156 0.04000132931 -0.004000132931)
(0.04624979881 0.04000132931 -0.004000132931)
(0.04894306905 0.04000132931 -0.004000132931)
(0.05169740621 0.04000132931 -0.004000132931)
(0.05451419491 0.04000132931 -0.004000132931)
(0.05739485117 0.04000132931 -0.004000132931)
(0.06034082311 0.04000132931 -0.004000132931)
(0.0633535917 0.04000132931 -0.004000132931)
(0.06643467148 0.04000132931 -0.004000132931)
(0.06958561132 0.04000132931 -0.004000132931)
(0.07280799523 0.04000132931 -0.004000132931)
(0.07610344312 0.04000132931 -0.004000132931)
(0.07947361164 0.04000132931 -0.004000132931)
(0.08292019499 0.04000132931 -0.004000132931)
(0.08644492579 0.04000132931 -0.004000132931)
(0.09004957596 0.04000132931 -0.004000132931)
(0.09373595757 0.04000132931 -0.004000132931)
(0.0975059238 0.04000132931 -0.004000132931)
(0.1013613698 0.04000132931 -0.004000132931)
(0.1053042338 0.04000132931 -0.004000132931)
(0.1093364979 0.04000132931 -0.004000132931)
(0.1134601891 0.04000132931 -0.004000132931)
(0.1176773804 0.04000132931 -0.004000132931)
(0.1219901918 0.04000132931 -0.004000132931)
(0.1264007914 0.04000132931 -0.004000132931)
(0.1309113965 0.04000132931 -0.004000132931)
(0.1355242746 0.04000132931 -0.004000132931)
(0.1402417446 0.04000132931 -0.004000132931)
(0.145066178 0.04000132931 -0.004000132931)
(0.15 0.04000132931 -0.004000132931)
(0 0.04471361929 -0.004471361929)
(0.001644607348 0.04471361929 -0.004471361929)
(0.003326504344 0.04471361929 -0.004471361929)
(0.005046536489 0.04471361929 -0.004471361929)
(0.006805568455 0.04471361929 -0.004471361929)
(0.00860448452 0.04471361929 -0.004471361929)
(0.01044418901 0.04471361929 -0.004471361929)
(0.01232560676 0.04471361929 -0.004471361929)
(0.01424968357 0.04471361929 -0.004471361929)
(0.01621738669 0.04471361929 -0.004471361929)
(0.0182297053 0.04471361929 -0.004471361929)
(0.020287651 0.04471361929 -0.004471361929)
(0.02239225833 0.04471361929 -0.004471361929)
(0.0245445853 0.04471361929 -0.004471361929)
(0.0267457139 0.04471361929 -0.004471361929)
(0.02899675065 0.04471361929 -0.004471361929)
(0.03129882716 0.04471361929 -0.004471361929)
(0.0336531007 0.04471361929 -0.004471361929)
(0.03606075478 0.04471361929 -0.004471361929)
(0.03852299975 0.04471361929 -0.004471361929)
(0.04104107339 0.04471361929 -0.004471361929)
(0.04361624156 0.04471361929 -0.004471361929)
(0.04624979881 0.04471361929 -0.004471361929)
(0.04894306905 0.04471361929 -0.004471361929)
(0.05169740621 0.04471361929 -0.004471361929)
(0.05451419491 0.04471361929 -0.004471361929)
(0.05739485117 0.04471361929 -0.004471361929)
(0.06034082311 0.04471361929 -0.004471361929)
(0.0633535917 0.04471361929 -0.004471361929)
(0.06643467148 0.04471361929 -0.004471361929)
(0.06958561132 0.04471361929 -0.004471361929)
(0.07280799523 0.04471361929 -0.004471361929)
(0.07610344312 0.04471361929 -0.004471361929)
(0.07947361164 0.04471361929 -0.004471361929)
(0.08292019499 0.04471361929 -0.004471361929)
(0.08644492579 0.04471361929 -0.004471361929)
(0.09004957596 0.04471361929 -0.004471361929)
(0.09373595757 0.04471361929 -0.004471361929)
(0.0975059238 0.04471361929 -0.004471361929)
(0.1013613698 0.04471361929 -0.004471361929)
(0.1053042338 0.04471361929 -0.004471361929)
(0.1093364979 0.04471361929 -0.004471361929)
(0.1134601891 0.04471361929 -0.004471361929)
(0.1176773804 0.04471361929 -0.004471361929)
(0.1219901918 0.04471361929 -0.004471361929)
(0.1264007914 0.04471361929 -0.004471361929)
(0.1309113965 0.04471361929 -0.004471361929)
(0.1355242746 0.04471361929 -0.004471361929)
(0.1402417446 0.04471361929 -0.004471361929)
(0.145066178 0.04471361929 -0.004471361929)
(0.15 0.04471361929 -0.004471361929)
(0 0.05 -0.005)
(0.001644607348 0.05 -0.005)
(0.003326504344 0.05 -0.005)
(0.005046536489 0.05 -0.005)
(0.006805568455 0.05 -0.005)
(0.00860448452 0.05 -0.005)
(0.01044418901 0.05 -0.005)
(0.01232560676 0.05 -0.005)
(0.01424968357 0.05 -0.005)
(0.01621738669 0.05 -0.005)
(0.0182297053 0.05 -0.005)
(0.020287651 0.05 -0.005)
(0.02239225833 0.05 -0.005)
(0.0245445853 0.05 -0.005)
(0.0267457139 0.05 -0.005)
(0.02899675065 0.05 -0.005)
(0.03129882716 0.05 -0.005)
(0.0336531007 0.05 -0.005)
(0.03606075478 0.05 -0.005)
(0.03852299975 0.05 -0.005)
(0.04104107339 0.05 -0.005)
(0.04361624156 0.05 -0.005)
(0.04624979881 0.05 -0.005)
(0.04894306905 0.05 -0.005)
(0.05169740621 0.05 -0.005)
(0.05451419491 0.05 -0.005)
(0.05739485117 0.05 -0.005)
(0.06034082311 0.05 -0.005)
(0.0633535917 0.05 -0.005)
(0.06643467148 0.05 -0.005)
(0.06958561132 0.05 -0.005)
(0.07280799523 0.05 -0.005)
(0.07610344312 0.05 -0.005)
(0.07947361164 0.05 -0.005)
(0.08292019499 0.05 -0.005)
(0.08644492579 0.05 -0.005)
(0.09004957596 0.05 -0.005)
(0.09373595757 0.05 -0.005)
(0.0975059238 0.05 -0.005)
(0.1013613698 0.05 -0.005)
(0.1053042338 0.05 -0.005)
(0.1093364979 0.05 -0.005)
(0.1134601891 0.05 -0.005)
(0.1176773804 0.05 -0.005)
(0.1219901918 0.05 -0.005)
(0.1264007914 0.05 -0.005)
(0.1309113965 0.05 -0.005)
(0.1355242746 0.05 -0.005)
(0.1402417446 0.05 -0.005)
(0.145066178 0.05 -0.005)
(0.15 0.05 -0.005)
(0 0.01105727614 0.001105727614)
(0.001644607348 0.01105727614 0.001105727614)
(0.003326504344 0.01105727614 0.001105727614)
(0.005046536489 0.01105727614 0.001105727614)
(0.006805568455 0.01105727614 0.001105727614)
(0.00860448452 0.01105727614 0.001105727614)
(0.01044418901 0.01105727614 0.001105727614)
(0.01232560676 0.01105727614 0.001105727614)
(0.01424968357 0.01105727614 0.001105727614)
(0.01621738669 0.01105727614 0.001105727614)
(0.0182297053 0.01105727614 0.001105727614)
(0.020287651 0.01105727614 0.001105727614)
(0.02239225833 0.01105727614 0.001105727614)
(0.0245445853 0.01105727614 0.001105727614)
(0.0267457139 0.01105727614 0.001105727614)
(0.02899675065 0.01105727614 0.001105727614)
(0.03129882716 0.01105727614 0.001105727614)
(0.0336531007 0.01105727614 0.001105727614)
(0.03606075478 0.01105727614 0.001105727614)
(0.03852299975 0.01105727614 0.001105727614)
(0.04104107339 0.01105727614 0.001105727614)
(0.04361624156 0.01105727614 0.001105727614)
(0.04624979881 0.01105727614 0.001105727614)
(0.04894306905 0.01105727614 0.001105727614)
(0.05169740621 0.01105727614 0.001105727614)
(0.05451419491 0.01105727614 0.001105727614)
(0.05739485117 0.01105727614 0.001105727614)
(0.06034082311 0.01105727614 0.001105727614)
(0.0633535917 0.01105727614 0.001105727614)
(0.06643467148 0.01105727614 0.001105727614)
(0.06958561132 0.01105727614 0.001105727614)
(0.07280799523 0.01105727614 0.001105727614)
(0.07610344312 0.01105727614 0.001105727614)
(0.07947361164 0.01105727614 0.001105727614)
(0.08292019499 0.01105727614 0.001105727614)
(0.08644492579 0.01105727614 0.001105727614)
(0.09004957596 0.01105727614 0.001105727614)
(0.09373595757 0.01105727614 0.001105727614)
(0.0975059238 0.01105727614 0.001105727614)
(0.1013613698 0.01105727614 0.001105727614)
(0.1053042338 0.01105727614 0.001105727614)
(0.1093364979 0.01105727614 0.001105727614)
(0.1134601891 0.01105727614 0.001105727614)
(0.1176773804 0.01105727614 0.001105727614)
(0.1219901918 0.01105727614 0.001105727614)
(0.1264007914 0.01105727614 0.001105727614)
(0.1309113965 0.01105727614 0.001105727614)
(0.1355242746 0.01105727614 0.001105727614)
(0.1402417446 0.01105727614 0.001105727614)
(0.145066178 0.01105727614 0.001105727614)
(0.15 0.01105727614 0.001105727614)
(0 0.01224335854 0.001224335854)
(0.001644607348 0.01224335854 0.001224335854)
(0.003326504344 0.01224335854 0.001224335854)
(0.005046536489 0.01224335854 0.001224335854)
(0.006805568455 0.01224335854 0.001224335854)
(0.00860448452 0.01224335854 0.001224335854)
(0.01044418901 0.01224335854 0.001224335854)
(0.01232560676 0.01224335854 0.001224335854)
(0.01424968357 0.01224335854 0.001224335854)
(0.01621738669 0.01224335854 0.001224335854)
(0.0182297053 0.01224335854 0.001224335854)
(0.020287651 0.01224335854 0.001224335854)
(0.02239225833 0.01224335854 0.001224335854)
(0.0245445853 0.01224335854 0.001224335854)
(0.0267457139 0.01224335854 0.001224335854)
(0.02899675065 0.01224335854 0.001224335854)
(0.03129882716 0.01224335854 0.001224335854)
(0.0336531007 0.01224335854 0.001224335854)
(0.03606075478 0.01224335854 0.001224335854)
(0.03852299975 0.01224335854 0.001224335854)
(0.04104107339 0.01224335854 0.001224335854)
(0.04361624156 0.01224335854 0.001224335854)
(0.04624979881 0.01224335854 0.001224335854)
(0.04894306905 0.01224335854 0.001224335854)
(0.05169740621 0.01224335854 0.001224335854)
(0.05451419491 0.01224335854 0.001224335854)
(0.05739485117 0.01224335854 0.001224335854)
(0.06034082311 0.01224335854 0.001224335854)
(0.0633535917 0.01224335854 0.001224335854)
(0.06643467148 0.01224335854 0.001224335854)
(0.06958561132 0.01224335854 0.001224335854)
(0.07280799523 0.01224335854 0.001224335854)
(0.07610344312 0.01224335854 0.001224335854)
(0.07947361164 0.01224335854 0.001224335854)
(0.08292019499 0.01224335854 0.001224335854)
(0.08644492579 0.01224335854 0.001224335854)
(0.09004957596 0.01224335854 0.001224335854)
(0.09373595757 0.01224335854 0.001224335854)
(0.0975059238 0.01224335854 0.001224335854)
(0.1013613698 0.01224335854 0.001224335854)
(0.1053042338 0.01224335854 0.001224335854)
(0.1093364979 0.01224335854 0.001224335854)
(0.1134601891 0.01224335854 0.001224335854)
(0.1176773804 0.01224335854 0.001224335854)
(0.1219901918 0.01224335854 0.001224335854)
(0.1264007914 0.01224335854 0.001224335854)
(0.1309113965 0.01224335854 0.001224335854)
(0.1355242746 0.01224335854 0.001224335854)
(0.1402417446 0.01224335854 0.001224335854)
(0.145066178 0.01224335854 0.001224335854)
(0.15 0.01224335854 0.001224335854)
(0 0.01357393945 0.001357393945)
(0.001644607348 0.01357393945 0.001357393945)
(0.003326504344 0.01357393945 0.001357393945)
(0.005046536489 0.01357393945 0.001357393945)
(0.006805568455 0.01357393945 0.001357393945)
(0.00860448452 0.01357393945 0.001357393945)
(0.01044418901 0.01357393945 0.001357393945)
(0.01232560676 0.01357393945 0.001357393945)
(0.01424968357 0.01357393945 0.001357393945)
(0.01621738669 0.01357393945 0.001357393945)
(0.0182297053 0.01357393945 0.001357393945)
(0.020287651 0.01357393945 0.001357393945)
(0.02239225833 0.01357393945 0.001357393945)
(0.0245445853 0.01357393945 0.001357393945)
(0.0267457139 0.01357393945 0.001357393945)
(0.02899675065 0.01357393945 0.001357393945)
(0.03129882716 0.01357393945 0.001357393945)
(0.0336531007 0.01357393945 0.001357393945)
(0.03606075478 0.01357393945 0.001357393945)
(0.03852299975 0.01357393945 0.001357393945)
(0.04104107339 0.01357393945 0.001357393945)
(0.04361624156 0.01357393945 0.001357393945)
(0.04624979881 0.01357393945 0.001357393945)
(0.04894306905 0.01357393945 0.001357393945)
(0.05169740621 0.01357393945 0.001357393945)
(0.05451419491 0.01357393945 0.001357393945)
(0.05739485117 0.01357393945 0.001357393945)
(0.06034082311 0.01357393945 0.001357393945)
(0.0633535917 0.01357393945 0.001357393945)
(0.06643467148 0.01357393945 0.001357393945)
(0.06958561132 0.01357393945 0.001357393945)
(0.07280799523 0.01357393945 0.001357393945)
(0.07610344312 0.01357393945 0.001357393945)
(0.07947361164 0.01357393945 0.001357393945)
(0.08292019499 0.01357393945 0.001357393945)
(0.08644492579 0.01357393945 0.001357393945)
(0.09004957596 0.01357393945 0.001357393945)
(0.09373595757 0.01357393945 0.001357393945)
(0.0975059238 0.01357393945 0.001357393945)
(0.1013613698 0.01357393945 0.001357393945)
(0.1053042338 0.01357393945 0.001357393945)
(0.1093364979 0.01357393945 0.001357393945)
(0.1134601891 0.01357393945 0.001357393945)
(0.1176773804 0.01357393945 0.001357393945)
(0.1219901918 0.01357393945 0.001357393945)
(0.1264007914 0.01357393945 0.001357393945)
(0.1309113965 0.01357393945 0.001357393945)
(0.1355242746 0.01357393945 0.001357393945)
(0.1402417446 0.01357393945 0.001357393945)
(0.145066178 0.01357393945 0.001357393945)
(0.15 0.01357393945 0.001357393945)
(0 0.01506662291 0.001506662291)
(0.001644607348 0.01506662291 0.001506662291)
(0.003326504344 0.01506662291 0.001506662291)
(0.005046536489 0.01506662291 0.001506662291)
(0.006805568455 0.01506662291 0.001506662291)
(0.00860448452 0.01506662291 0.001506662291)
(0.01044418901 0.01506662291 0.001506662291)
(0.01232560676 0.01506662291 0.001506662291)
(0.01424968357 0.01506662291 0.001506662291)
(0.01621738669 0.01506662291 0.001506662291)
(0.0182297053 0.01506662291 0.001506662291)
(0.020287651 0.01506662291 0.001506662291)
(0.02239225833 0.01506662291 0.001506662291)
(0.0245445853 0.01506662291 0.001506662291)
(0.0267457139 0.01506662291 0.001506662291)
(0.02899675065 0.01506662291 0.001506662291)
(0.03129882716 0.01506662291 0.001506662291)
(0.0336531007 0.01506662291 0.001506662291)
(0.03606075478 0.01506662291 0.001506662291)
(0.03852299975 0.01506662291 0.001506662291)
(0.04104107339 0.01506662291 0.001506662291)
(0.04361624156 0.01506662291 0.001506662291)
(0.04624979881 0.01506662291 0.001506662291)
(0.04894306905 0.01506662291 0.001506662291)
(0.05169740621 0.01506662291 0.001506662291)
(0.05451419491 0.01506662291 0.001506662291)
(0.05739485117 0.01506662291 0.001506662291)
(0.06034082311 0.01506662291 0.001506662291)
(0.0633535917 0.01506662291 0.001506662291)
(0.06643467148 0.01506662291 0.001506662291)
(0.06958561132 0.01506662291 0.001506662291)
(0.07280799523 0.01506662291 0.001506662291)
(0.07610344312 0.01506662291 0.001506662291)
(0.07947361164 0.01506662291 0.001506662291)
(0.08292019499 0.01506662291 0.001506662291)
(0.08644492579 0.01506662291 0.001506662291)
(0.09004957596 0.01506662291 0.001506662291)
(0.09373595757 0.01506662291 0.001506662291)
(0.0975059238 0.01506662291 0.001506662291)
(0.1013613698 0.01506662291 0.001506662291)
(0.1053042338 0.01506662291 0.001506662291)
(0.1093364979 0.01506662291 0.001506662291)
(0.1134601891 0.01506662291 0.001506662291)
(0.1176773804 0.01506662291 0.001506662291)
(0.1219901918 0.01506662291 0.001506662291)
(0.1264007914 0.01506662291 0.001506662291)
(0.1309113965 0.01506662291 0.001506662291)
(0.1355242746 0.01506662291 0.001506662291)
(0.1402417446 0.01506662291 0.001506662291)
(0.145066178 0.01506662291 0.001506662291)
(0.15 0.01506662291 0.001506662291)
(0 0.01674115759 0.001674115759)
(0.001644607348 0.01674115759 0.001674115759)
(0.003326504344 0.01674115759 0.001674115759)
(0.005046536489 0.01674115759 0.001674115759)
(0.006805568455 0.01674115759 0.001674115759)
(0.00860448452 0.01674115759 0.001674115759)
(0.01044418901 0.01674115759 0.001674115759)
(0.01232560676 0.01674115759 0.001674115759)
(0.01424968357 0.01674115759 0.001674115759)
(0.01621738669 0.01674115759 0.001674115759)
(0.0182297053 0.01674115759 0.001674115759)
(0.020287651 0.01674115759 0.001674115759)
(0.02239225833 0.01674115759 0.001674115759)
(0.0245445853 0.01674115759 0.001674115759)
(0.0267457139 0.01674115759 0.001674115759)
(0.02899675065 0.01674115759 0.001674115759)
(0.03129882716 0.01674115759 0.001674115759)
(0.0336531007 0.01674115759 0.001674115759)
(0.03606075478 0.01674115759 0.001674115759)
(0.03852299975 0.01674115759 0.001674115759)
(0.04104107339 0.01674115759 0.001674115759)
(0.04361624156 0.01674115759 0.001674115759)
(0.04624979881 0.01674115759 0.001674115759)
(0.04894306905 0.01674115759 0.001674115759)
(0.05169740621 0.01674115759 0.001674115759)
(0.05451419491 0.01674115759 0.001674115759)
(0.05739485117 0.01674115759 0.001674115759)
(0.06034082311 0.01674115759 0.001674115759)
(0.0633535917 0.01674115759 0.001674115759)
(0.06643467148 0.01674115759 0.001674115759)
(0.06958561132 0.01674115759 0.001674115759)
(0.07280799523 0.01674115759 0.001674115759)
(0.07610344312 0.01674115759 0.001674115759)
(0.07947361164 0.01674115759 0.001674115759)
(0.08292019499 0.01674115759 0.001674115759)
(0.08644492579 0.01674115759 0.001674115759)
(0.09004957596 0.01674115759 0.001674115759)
(0.09373595757 0.01674115759 0.001674115759)
(0.0975059238 0.01674115759 0.001674115759)
(0.1013613698 0.01674115759 0.001674115759)
(0.1053042338 0.01674115759 0.001674115759)
(0.1093364979 0.01674115759 0.001674115759)
(0.1134601891 0.01674115759 0.001674115759)
(0.1176773804 0.01674115759 0.001674115759)
(0.1219901918 0.01674115759 0.001674115759)
(0.1264007914 0.01674115759 0.001674115759)
(0.1309113965 0.01674115759 0.001674115759)
(0.1355242746 0.01674115759 0.001674115759)
(0.1402417446 0.01674115759 0.001674115759)
(0.145066178 0.01674115759 0.001674115759)
(0.15 0.01674115759 0.001674115759)
(0 0.01861969815 0.001861969815)
(0.001644607348 0.01861969815 0.001861969815)
(0.003326504344 0.01861969815 0.001861969815)
(0.005046536489 0.01861969815 0.001861969815)
(0.006805568455 0.01861969815 0.001861969815)
(0.00860448452 0.01861969815 0.001861969815)
(0.01044418901 0.01861969815 0.001861969815)
(0.01232560676 0.01861969815 0.001861969815)
(0.01424968357 0.01861969815 0.001861969815)
(0.01621738669 0.01861969815 0.001861969815)
(0.0182297053 0.01861969815 0.001861969815)
(0.020287651 0.01861969815 0.001861969815)
(0.02239225833 0.01861969815 0.001861969815)
(0.0245445853 0.01861969815 0.001861969815)
(0.0267457139 0.01861969815 0.001861969815)
(0.02899675065 0.01861969815 0.001861969815)
(0.03129882716 0.01861969815 0.001861969815)
(0.0336531007 0.01861969815 0.001861969815)
(0.03606075478 0.01861969815 0.001861969815)
(0.03852299975 0.01861969815 0.001861969815)
(0.04104107339 0.01861969815 0.001861969815)
(0.04361624156 0.01861969815 0.001861969815)
(0.04624979881 0.01861969815 0.001861969815)
(0.04894306905 0.01861969815 0.001861969815)
(0.05169740621 0.01861969815 0.001861969815)
(0.05451419491 0.01861969815 0.001861969815)
(0.05739485117 0.01861969815 0.001861969815)
(0.06034082311 0.01861969815 0.001861969815)
(0.0633535917 0.01861969815 0.001861969815)
(0.06643467148 0.01861969815 0.001861969815)
(0.06958561132 0.01861969815 0.001861969815)
(0.07280799523 0.01861969815 0.001861969815)
(0.07610344312 0.01861969815 0.001861969815)
(0.07947361164 0.01861969815 0.001861969815)
(0.08292019499 0.01861969815 0.001861969815)
(0.08644492579 0.01861969815 0.001861969815)
(0.09004957596 0.01861969815 0.001861969815)
(0.09373595757 0.01861969815 0.001861969815)
(0.0975059238 0.01861969815 0.001861969815)
(0.1013613698 0.01861969815 0.001861969815)
(0.1053042338 0.01861969815 0.001861969815)
(0.1093364979 0.01861969815 0.001861969815)
(0.1134601891 0.01861969815 0.001861969815)
(0.1176773804 0.01861969815 0.001861969815)
(0.1219901918 0.01861969815 0.001861969815)
(0.1264007914 0.01861969815 0.001861969815)
(0.1309113965 0.01861969815 0.001861969815)
(0.1355242746 0.01861969815 0.001861969815)
(0.1402417446 0.01861969815 0.001861969815)
(0.145066178 0.01861969815 0.001861969815)
(0.15 0.01861969815 0.001861969815)
(0 0.0207270983 0.00207270983)
(0.001644607348 0.0207270983 0.00207270983)
(0.003326504344 0.0207270983 0.00207270983)
(0.005046536489 0.0207270983 0.00207270983)
(0.006805568455 0.0207270983 0.00207270983)
(0.00860448452 0.0207270983 0.00207270983)
(0.01044418901 0.0207270983 0.00207270983)
(0.01232560676 0.0207270983 0.00207270983)
(0.01424968357 0.0207270983 0.00207270983)
(0.01621738669 0.0207270983 0.00207270983)
(0.0182297053 0.0207270983 0.00207270983)
(0.020287651 0.0207270983 0.00207270983)
(0.02239225833 0.0207270983 0.00207270983)
(0.0245445853 0.0207270983 0.00207270983)
(0.0267457139 0.0207270983 0.00207270983)
(0.02899675065 0.0207270983 0.00207270983)
(0.03129882716 0.0207270983 0.00207270983)
(0.0336531007 0.0207270983 0.00207270983)
(0.03606075478 0.0207270983 0.00207270983)
(0.03852299975 0.0207270983 0.00207270983)
(0.04104107339 0.0207270983 0.00207270983)
(0.04361624156 0.0207270983 0.00207270983)
(0.04624979881 0.0207270983 0.00207270983)
(0.04894306905 0.0207270983 0.00207270983)
(0.05169740621 0.0207270983 0.00207270983)
(0.05451419491 0.0207270983 0.00207270983)
(0.05739485117 0.0207270983 0.00207270983)
(0.06034082311 0.0207270983 0.00207270983)
(0.0633535917 0.0207270983 0.00207270983)
(0.06643467148 0.0207270983 0.00207270983)
(0.06958561132 0.0207270983 0.00207270983)
(0.07280799523 0.0207270983 0.00207270983)
(0.07610344312 0.0207270983 0.00207270983)
(0.07947361164 0.0207270983 0.00207270983)
(0.08292019499 0.0207270983 0.00207270983)
(0.08644492579 0.0207270983 0.00207270983)
(0.09004957596 0.0207270983 0.00207270983)
(0.09373595757 0.0207270983 0.00207270983)
(0.0975059238 0.0207270983 0.00207270983)
(0.1013613698 0.0207270983 0.00207270983)
(0.1053042338 0.0207270983 0.00207270983)
(0.1093364979 0.0207270983 0.00207270983)
(0.1134601891 0.0207270983 0.00207270983)
(0.1176773804 0.0207270983 0.00207270983)
(0.1219901918 0.0207270983 0.00207270983)
(0.1264007914 0.0207270983 0.00207270983)
(0.1309113965 0.0207270983 0.00207270983)
(0.1355242746 0.0207270983 0.00207270983)
(0.1402417446 0.0207270983 0.00207270983)
(0.145066178 0.0207270983 0.00207270983)
(0.15 0.0207270983 0.00207270983)
(0 0.02309123962 0.002309123962)
(0.001644607348 0.02309123962 0.002309123962)
(0.003326504344 0.02309123962 0.002309123962)
(0.005046536489 0.02309123962 0.002309123962)
(0.006805568455 0.02309123962 0.002309123962)
(0.00860448452 0.02309123962 0.002309123962)
(0.01044418901 0.02309123962 0.002309123962)
(0.01232560676 0.02309123962 0.002309123962)
(0.01424968357 0.02309123962 0.002309123962)
(0.01621738669 0.02309123962 0.002309123962)
(0.0182297053 0.02309123962 0.002309123962)
(0.020287651 0.02309123962 0.002309123962)
(0.02239225833 0.02309123962 0.002309123962)
(0.0245445853 0.02309123962 0.002309123962)
(0.0267457139 0.02309123962 0.002309123962)
(0.02899675065 0.02309123962 0.002309123962)
(0.03129882716 0.02309123962 0.002309123962)
(0.0336531007 0.02309123962 0.002309123962)
(0.03606075478 0.02309123962 0.002309123962)
(0.03852299975 0.02309123962 0.002309123962)
(0.04104107339 0.02309123962 0.002309123962)
(0.04361624156 0.02309123962 0.002309123962)
(0.04624979881 0.02309123962 0.002309123962)
(0.04894306905 0.02309123962 0.002309123962)
(0.05169740621 0.02309123962 0.002309123962)
(0.05451419491 0.02309123962 0.002309123962)
(0.05739485117 0.02309123962 0.002309123962)
(0.06034082311 0.02309123962 0.002309123962)
(0.0633535917 0.02309123962 0.002309123962)
(0.06643467148 0.02309123962 0.002309123962)
(0.06958561132 0.02309123962 0.002309123962)
(0.07280799523 0.02309123962 0.002309123962)
(0.07610344312 0.02309123962 0.002309123962)
(0.07947361164 0.02309123962 0.002309123962)
(0.08292019499 0.02309123962 0.002309123962)
(0.08644492579 0.02309123962 0.002309123962)
(0.09004957596 0.02309123962 0.002309123962)
(0.09373595757 0.02309123962 0.002309123962)
(0.0975059238 0.02309123962 0.002309123962)
(0.1013613698 0.02309123962 0.002309123962)
(0.1053042338 0.02309123962 0.002309123962)
(0.1093364979 0.02309123962 0.002309123962)
(0.1134601891 0.02309123962 0.002309123962)
(0.1176773804 0.02309123962 0.002309123962)
(0.1219901918 0.02309123962 0.002309123962)
(0.1264007914 0.02309123962 0.002309123962)
(0.1309113965 0.02309123962 0.002309123962)
(0.1355242746 0.02309123962 0.002309123962)
(0.1402417446 0.02309123962 0.002309123962)
(0.145066178 0.02309123962 0.002309123962)
(0.15 0.02309123962 0.002309123962)
(0 0.02574340049 0.002574340049)
(0.001644607348 0.02574340049 0.002574340049)
(0.003326504344 0.02574340049 0.002574340049)
(0.005046536489 0.02574340049 0.002574340049)
(0.006805568455 0.02574340049 0.002574340049)
(0.00860448452 0.02574340049 0.002574340049)
(0.01044418901 0.02574340049 0.002574340049)
(0.01232560676 0.02574340049 0.002574340049)
(0.01424968357 0.02574340049 0.002574340049)
(0.01621738669 0.02574340049 0.002574340049)
(0.0182297053 0.02574340049 0.002574340049)
(0.020287651 0.02574340049 0.002574340049)
(0.02239225833 0.02574340049 0.002574340049)
(0.0245445853 0.02574340049 0.002574340049)
(0.0267457139 0.02574340049 0.002574340049)
(0.02899675065 0.02574340049 0.002574340049)
(0.03129882716 0.02574340049 0.002574340049)
(0.0336531007 0.02574340049 0.002574340049)
(0.03606075478 0.02574340049 0.002574340049)
(0.03852299975 0.02574340049 0.002574340049)
(0.04104107339 0.02574340049 0.002574340049)
(0.04361624156 0.02574340049 0.002574340049)
(0.04624979881 0.02574340049 0.002574340049)
(0.04894306905 0.02574340049 0.002574340049)
(0.05169740621 0.02574340049 0.002574340049)
(0.05451419491 0.02574340049 0.002574340049)
(0.05739485117 0.02574340049 0.002574340049)
(0.06034082311 0.02574340049 0.002574340049)
(0.0633535917 0.02574340049 0.002574340049)
(0.06643467148 0.02574340049 0.002574340049)
(0.06958561132 0.02574340049 0.002574340049)
(0.07280799523 0.02574340049 0.002574340049)
(0.07610344312 0.02574340049 0.002574340049)
(0.07947361164 0.02574340049 0.002574340049)
(0.08292019499 0.02574340049 0.002574340049)
(0.08644492579 0.02574340049 0.002574340049)
(0.09004957596 0.02574340049 0.002574340049)
(0.09373595757 0.02574340049 0.002574340049)
(0.0975059238 0.02574340049 0.002574340049)
(0.1013613698 0.02574340049 0.002574340049)
(0.1053042338 0.02574340049 0.002574340049)
(0.1093364979 0.02574340049 0.002574340049)
(0.1134601891 0.02574340049 0.002574340049)
(0.1176773804 0.02574340049 0.002574340049)
(0.1219901918 0.02574340049 0.002574340049)
(0.1264007914 0.02574340049 0.002574340049)
(0.1309113965 0.02574340049 0.002574340049)
(0.1355242746 0.02574340049 0.002574340049)
(0.1402417446 0.02574340049 0.002574340049)
(0.145066178 0.02574340049 0.002574340049)
(0.15 0.02574340049 0.002574340049)
(0 0.02871866987 0.002871866987)
(0.001644607348 0.02871866987 0.002871866987)
(0.003326504344 0.02871866987 0.002871866987)
(0.005046536489 0.02871866987 0.002871866987)
(0.006805568455 0.02871866987 0.002871866987)
(0.00860448452 0.02871866987 0.002871866987)
(0.01044418901 0.02871866987 0.002871866987)
(0.01232560676 0.02871866987 0.002871866987)
(0.01424968357 0.02871866987 0.002871866987)
(0.01621738669 0.02871866987 0.002871866987)
(0.0182297053 0.02871866987 0.002871866987)
(0.020287651 0.02871866987 0.002871866987)
(0.02239225833 0.02871866987 0.002871866987)
(0.0245445853 0.02871866987 0.002871866987)
(0.0267457139 0.02871866987 0.002871866987)
(0.02899675065 0.02871866987 0.002871866987)
(0.03129882716 0.02871866987 0.002871866987)
(0.0336531007 0.02871866987 0.002871866987)
(0.03606075478 0.02871866987 0.002871866987)
(0.03852299975 0.02871866987 0.002871866987)
(0.04104107339 0.02871866987 0.002871866987)
(0.04361624156 0.02871866987 0.002871866987)
(0.04624979881 0.02871866987 0.002871866987)
(0.04894306905 0.02871866987 0.002871866987)
(0.05169740621 0.02871866987 0.002871866987)
(0.05451419491 0.02871866987 0.002871866987)
(0.05739485117 0.02871866987 0.002871866987)
(0.06034082311 0.02871866987 0.002871866987)
(0.0633535917 0.02871866987 0.002871866987)
(0.06643467148 0.02871866987 0.002871866987)
(0.06958561132 0.02871866987 0.002871866987)
(0.07280799523 0.02871866987 0.002871866987)
(0.07610344312 0.02871866987 0.002871866987)
(0.07947361164 0.02871866987 0.002871866987)
(0.08292019499 0.02871866987 0.002871866987)
(0.08644492579 0.02871866987 0.002871866987)
(0.09004957596 0.02871866987 0.002871866987)
(0.09373595757 0.02871866987 0.002871866987)
(0.0975059238 0.02871866987 0.002871866987)
(0.1013613698 0.02871866987 0.002871866987)
(0.1053042338 0.02871866987 0.002871866987)
(0.1093364979 0.02871866987 0.002871866987)
(0.1134601891 0.02871866987 0.002871866987)
(0.1176773804 0.02871866987 0.002871866987)
(0.1219901918 0.02871866987 0.002871866987)
(0.1264007914 0.02871866987 0.002871866987)
(0.1309113965 0.02871866987 0.002871866987)
(0.1355242746 0.02871866987 0.002871866987)
(0.1402417446 0.02871866987 0.002871866987)
(0.145066178 0.02871866987 0.002871866987)
(0.15 0.02871866987 0.002871866987)
(0 0.03205641154 0.003205641154)
(0.001644607348 0.03205641154 0.003205641154)
(0.003326504344 0.03205641154 0.003205641154)
(0.005046536489 0.03205641154 0.003205641154)
(0.006805568455 0.03205641154 0.003205641154)
(0.00860448452 0.03205641154 0.003205641154)
(0.01044418901 0.03205641154 0.003205641154)
(0.01232560676 0.03205641154 0.003205641154)
(0.01424968357 0.03205641154 0.003205641154)
(0.01621738669 0.03205641154 0.003205641154)
(0.0182297053 0.03205641154 0.003205641154)
(0.020287651 0.03205641154 0.003205641154)
(0.02239225833 0.03205641154 0.003205641154)
(0.0245445853 0.03205641154 0.003205641154)
(0.0267457139 0.03205641154 0.003205641154)
(0.02899675065 0.03205641154 0.003205641154)
(0.03129882716 0.03205641154 0.003205641154)
(0.0336531007 0.03205641154 0.003205641154)
(0.03606075478 0.03205641154 0.003205641154)
(0.03852299975 0.03205641154 0.003205641154)
(0.04104107339 0.03205641154 0.003205641154)
(0.04361624156 0.03205641154 0.003205641154)
(0.04624979881 0.03205641154 0.003205641154)
(0.04894306905 0.03205641154 0.003205641154)
(0.05169740621 0.03205641154 0.003205641154)
(0.05451419491 0.03205641154 0.003205641154)
(0.05739485117 0.03205641154 0.003205641154)
(0.06034082311 0.03205641154 0.003205641154)
(0.0633535917 0.03205641154 0.003205641154)
(0.06643467148 0.03205641154 0.003205641154)
(0.06958561132 0.03205641154 0.003205641154)
(0.07280799523 0.03205641154 0.003205641154)
(0.07610344312 0.03205641154 0.003205641154)
(0.07947361164 0.03205641154 0.003205641154)
(0.08292019499 0.03205641154 0.003205641154)
(0.08644492579 0.03205641154 0.003205641154)
(0.09004957596 0.03205641154 0.003205641154)
(0.09373595757 0.03205641154 0.003205641154)
(0.0975059238 0.03205641154 0.003205641154)
(0.1013613698 0.03205641154 0.003205641154)
(0.1053042338 0.03205641154 0.003205641154)
(0.1093364979 0.03205641154 0.003205641154)
(0.1134601891 0.03205641154 0.003205641154)
(0.1176773804 0.03205641154 0.003205641154)
(0.1219901918 0.03205641154 0.003205641154)
(0.1264007914 0.03205641154 0.003205641154)
(0.1309113965 0.03205641154 0.003205641154)
(0.1355242746 0.03205641154 0.003205641154)
(0.1402417446 0.03205641154 0.003205641154)
(0.145066178 0.03205641154 0.003205641154)
(0.15 0.03205641154 0.003205641154)
(0 0.03580078492 0.003580078492)
(0.001644607348 0.03580078492 0.003580078492)
(0.003326504344 0.03580078492 0.003580078492)
(0.005046536489 0.03580078492 0.003580078492)
(0.006805568455 0.03580078492 0.003580078492)
(0.00860448452 0.03580078492 0.003580078492)
(0.01044418901 0.03580078492 0.003580078492)
(0.01232560676 0.03580078492 0.003580078492)
(0.01424968357 0.03580078492 0.003580078492)
(0.01621738669 0.03580078492 0.003580078492)
(0.0182297053 0.03580078492 0.003580078492)
(0.020287651 0.03580078492 0.003580078492)
(0.02239225833 0.03580078492 0.003580078492)
(0.0245445853 0.03580078492 0.003580078492)
(0.0267457139 0.03580078492 0.003580078492)
(0.02899675065 0.03580078492 0.003580078492)
(0.03129882716 0.03580078492 0.003580078492)
(0.0336531007 0.03580078492 0.003580078492)
(0.03606075478 0.03580078492 0.003580078492)
(0.03852299975 0.03580078492 0.003580078492)
(0.04104107339 0.03580078492 0.003580078492)
(0.04361624156 0.03580078492 0.003580078492)
(0.04624979881 0.03580078492 0.003580078492)
(0.04894306905 0.03580078492 0.003580078492)
(0.05169740621 0.03580078492 0.003580078492)
(0.05451419491 0.03580078492 0.003580078492)
(0.05739485117 0.03580078492 0.003580078492)
(0.06034082311 0.03580078492 0.003580078492)
(0.0633535917 0.03580078492 0.003580078492)
(0.06643467148 0.03580078492 0.003580078492)
(0.06958561132 0.03580078492 0.003580078492)
(0.07280799523 0.03580078492 0.003580078492)
(0.07610344312 0.03580078492 0.003580078492)
(0.07947361164 0.03580078492 0.003580078492)
(0.08292019499 0.03580078492 0.003580078492)
(0.08644492579 0.03580078492 0.003580078492)
(0.09004957596 0.03580078492 0.003580078492)
(0.09373595757 0.03580078492 0.003580078492)
(0.0975059238 0.03580078492 0.003580078492)
(0.1013613698 0.03580078492 0.003580078492)
(0.1053042338 0.03580078492 0.003580078492)
(0.1093364979 0.03580078492 0.003580078492)
(0.1134601891 0.03580078492 0.003580078492)
(0.1176773804 0.03580078492 0.003580078492)
(0.1219901918 0.03580078492 0.003580078492)
(0.1264007914 0.03580078492 0.003580078492)
(0.1309113965 0.03580078492 0.003580078492)
(0.1355242746 0.03580078492 0.003580078492)
(0.1402417446 0.03580078492 0.003580078492)
(0.145066178 0.03580078492 0.003580078492)
(0.15 0.03580078492 0.003580078492)
(0 0.04000132931 0.004000132931)
(0.001644607348 0.04000132931 0.004000132931)
(0.003326504344 0.04000132931 0.004000132931)
(0.005046536489 0.04000132931 0.004000132931)
(0.006805568455 0.04000132931 0.004000132931)
(0.00860448452 0.04000132931 0.004000132931)
(0.01044418901 0.04000132931 0.004000132931)
(0.01232560676 0.04000132931 0.004000132931)
(0.01424968357 0.04000132931 0.004000132931)
(0.01621738669 0.04000132931 0.004000132931)
(0.0182297053 0.04000132931 0.004000132931)
(0.020287651 0.04000132931 0.004000132931)
(0.02239225833 0.04000132931 0.004000132931)
(0.0245445853 0.04000132931 0.004000132931)
(0.0267457139 0.04000132931 0.004000132931)
(0.02899675065 0.04000132931 0.004000132931)
(0.03129882716 0.04000132931 0.004000132931)
(0.0336531007 0.04000132931 0.004000132931)
(0.03606075478 0.04000132931 0.004000132931)
(0.03852299975 0.04000132931 0.004000132931)
(0.04104107339 0.04000132931 0.004000132931)
(0.04361624156 0.04000132931 0.004000132931)
(0.04624979881 0.04000132931 0.004000132931)
(0.04894306905 0.04000132931 0.004000132931)
(0.05169740621 0.04000132931 0.004000132931)
(0.05451419491 0.04000132931 0.004000132931)
(0.05739485117 0.04000132931 0.004000132931)
(0.06034082311 0.04000132931 0.004000132931)
(0.0633535917 0.04000132931 0.004000132931)
(0.06643467148 0.04000132931 0.004000132931)
(0.06958561132 0.04000132931 0.004000132931)
(0.07280799523 0.04000132931 0.004000132931)
(0.07610344312 0.04000132931 0.004000132931)
(0.07947361164 0.04000132931 0.004000132931)
(0.08292019499 0.04000132931 0.004000132931)
(0.08644492579 0.04000132931 0.004000132931)
(0.09004957596 0.04000132931 0.004000132931)
(0.09373595757 0.04000132931 0.004000132931)
(0.0975059238 0.04000132931 0.004000132931)
(0.1013613698 0.04000132931 0.004000132931)
(0.1053042338 0.04000132931 0.004000132931)
(0.1093364979 0.04000132931 0.004000132931)
(0.1134601891 0.04000132931 0.004000132931)
(0.1176773804 0.04000132931 0.004000132931)
(0.1219901918 0.04000132931 0.004000132931)
(0.1264007914 0.04000132931 0.004000132931)
(0.1309113965 0.04000132931 0.004000132931)
(0.1355242746 0.04000132931 0.004000132931)
(0.1402417446 0.04000132931 0.004000132931)
(0.145066178 0.04000132931 0.004000132931)
(0.15 0.04000132931 0.004000132931)
(0 0.04471361929 0.004471361929)
(0.001644607348 0.04471361929 0.004471361929)
(0.003326504344 0.04471361929 0.004471361929)
(0.005046536489 0.04471361929 0.004471361929)
(0.006805568455 0.04471361929 0.004471361929)
(0.00860448452 0.04471361929 0.004471361929)
(0.01044418901 0.04471361929 0.004471361929)
(0.01232560676 0.04471361929 0.004471361929)
(0.01424968357 0.04471361929 0.004471361929)
(0.01621738669 0.04471361929 0.004471361929)
(0.0182297053 0.04471361929 0.004471361929)
(0.020287651 0.04471361929 0.004471361929)
(0.02239225833 0.04471361929 0.004471361929)
(0.0245445853 0.04471361929 0.004471361929)
(0.0267457139 0.04471361929 0.004471361929)
(0.02899675065 0.04471361929 0.004471361929)
(0.03129882716 0.04471361929 0.004471361929)
(0.0336531007 0.04471361929 0.004471361929)
(0.03606075478 0.04471361929 0.004471361929)
(0.03852299975 0.04471361929 0.004471361929)
(0.04104107339 0.04471361929 0.004471361929)
(0.04361624156 0.04471361929 0.004471361929)
(0.04624979881 0.04471361929 0.004471361929)
(0.04894306905 0.04471361929 0.004471361929)
(0.05169740621 0.04471361929 0.004471361929)
(0.05451419491 0.04471361929 0.004471361929)
(0.05739485117 0.04471361929 0.004471361929)
(0.06034082311 0.04471361929 0.004471361929)
(0.0633535917 0.04471361929 0.004471361929)
(0.06643467148 0.04471361929 0.004471361929)
(0.06958561132 0.04471361929 0.004471361929)
(0.07280799523 0.04471361929 0.004471361929)
(0.07610344312 0.04471361929 0.004471361929)
(0.07947361164 0.04471361929 0.004471361929)
(0.08292019499 0.04471361929 0.004471361929)
(0.08644492579 0.04471361929 0.004471361929)
(0.09004957596 0.04471361929 0.004471361929)
(0.09373595757 0.04471361929 0.004471361929)
(0.0975059238 0.04471361929 0.004471361929)
(0.1013613698 0.04471361929 0.004471361929)
(0.1053042338 0.04471361929 0.004471361929)
(0.1093364979 0.04471361929 0.004471361929)
(0.1134601891 0.04471361929 0.004471361929)
(0.1176773804 0.04471361929 0.004471361929)
(0.1219901918 0.04471361929 0.004471361929)
(0.1264007914 0.04471361929 0.004471361929)
(0.1309113965 0.04471361929 0.004471361929)
(0.1355242746 0.04471361929 0.004471361929)
(0.1402417446 0.04471361929 0.004471361929)
(0.145066178 0.04471361929 0.004471361929)
(0.15 0.04471361929 0.004471361929)
(0 0.05 0.005)
(0.001644607348 0.05 0.005)
(0.003326504344 0.05 0.005)
(0.005046536489 0.05 0.005)
(0.006805568455 0.05 0.005)
(0.00860448452 0.05 0.005)
(0.01044418901 0.05 0.005)
(0.01232560676 0.05 0.005)
(0.01424968357 0.05 0.005)
(0.01621738669 0.05 0.005)
(0.0182297053 0.05 0.005)
(0.020287651 0.05 0.005)
(0.02239225833 0.05 0.005)
(0.0245445853 0.05 0.005)
(0.0267457139 0.05 0.005)
(0.02899675065 0.05 0.005)
(0.03129882716 0.05 0.005)
(0.0336531007 0.05 0.005)
(0.03606075478 0.05 0.005)
(0.03852299975 0.05 0.005)
(0.04104107339 0.05 0.005)
(0.04361624156 0.05 0.005)
(0.04624979881 0.05 0.005)
(0.04894306905 0.05 0.005)
(0.05169740621 0.05 0.005)
(0.05451419491 0.05 0.005)
(0.05739485117 0.05 0.005)
(0.06034082311 0.05 0.005)
(0.0633535917 0.05 0.005)
(0.06643467148 0.05 0.005)
(0.06958561132 0.05 0.005)
(0.07280799523 0.05 0.005)
(0.07610344312 0.05 0.005)
(0.07947361164 0.05 0.005)
(0.08292019499 0.05 0.005)
(0.08644492579 0.05 0.005)
(0.09004957596 0.05 0.005)
(0.09373595757 0.05 0.005)
(0.0975059238 0.05 0.005)
(0.1013613698 0.05 0.005)
(0.1053042338 0.05 0.005)
(0.1093364979 0.05 0.005)
(0.1134601891 0.05 0.005)
(0.1176773804 0.05 0.005)
(0.1219901918 0.05 0.005)
(0.1264007914 0.05 0.005)
(0.1309113965 0.05 0.005)
(0.1355242746 0.05 0.005)
(0.1402417446 0.05 0.005)
(0.145066178 0.05 0.005)
(0.15 0.05 0.005)
)


// ************************************************************************* //
