/*--------------------------------*- C++ -*----------------------------------*\
| =========                 |                                                 |
| \\      /  F ield         | OpenFOAM: The Open Source CFD Toolbox           |
|  \\    /   O peration     | Version:  2.4.x                                 |
|   \\  /    A nd           | Web:      www.OpenFOAM.org                      |
|    \\/     M anipulation  |                                                 |
\*---------------------------------------------------------------------------*/
FoamFile
{
    version     2.0;
    format      ascii;
    class       volScalarField;
    location    "0.02";
    object      p;
}
// * * * * * * * * * * * * * * * * * * * * * * * * * * * * * * * * * * * * * //

dimensions      [1 -1 -2 0 0 0 0];

internalField   nonuniform List<scalar> 
1250
(
100062
99967
99956.5
99952.7
99951.4
99949.7
99950.6
99949.9
99950.7
99951
99952.1
99953
99954.2
99955.5
99955
99953.2
99952.3
99952.4
99952.3
99952.4
99952.6
99953
99953.3
99954.4
99955.1
99955.9
99956.8
99957.7
99958.7
99959.8
99960.9
99962.1
99963.4
99964.8
99966.3
99967.8
99969.5
99971.2
99973
99974.9
99976.9
99979
99981.2
99983.4
99985.8
99988.2
99990.7
99993.3
99995.9
99998.6
100060
99969.8
99955.7
99951.9
99949.5
99948.9
99948.9
99949.4
99949.8
99950.5
99951.2
99952.6
99953.8
99954.2
99954.3
99952.8
99951.9
99952.1
99952.1
99952.3
99952.6
99953
99953.3
99954.4
99955.1
99955.9
99956.8
99957.7
99958.7
99959.8
99960.9
99962.1
99963.4
99964.8
99966.3
99967.8
99969.5
99971.2
99973
99974.9
99976.9
99979
99981.2
99983.4
99985.8
99988.2
99990.7
99993.3
99995.9
99998.6
100072
99971.9
99955.1
99951.7
99949.5
99949
99949.3
99949.6
99949.9
99950.5
99951.3
99952.4
99953.8
99954.2
99954
99952.7
99952
99952.1
99952.1
99952.3
99952.7
99953
99953.2
99954.3
99955.1
99955.9
99956.8
99957.7
99958.7
99959.8
99960.9
99962.1
99963.4
99964.8
99966.3
99967.8
99969.5
99971.2
99973
99974.9
99976.9
99979
99981.2
99983.4
99985.8
99988.2
99990.7
99993.3
99995.9
99998.6
100107
99972.4
99953.3
99950.8
99949.5
99949.3
99949.2
99949.3
99949.6
99950.2
99951
99952
99953.4
99953.9
99953.5
99952.4
99951.9
99952
99952.1
99952.3
99952.7
99952.9
99953.1
99954.3
99955.1
99955.9
99956.8
99957.7
99958.7
99959.8
99960.9
99962.1
99963.4
99964.8
99966.3
99967.8
99969.5
99971.2
99973
99974.9
99976.9
99979
99981.2
99983.4
99985.8
99988.2
99990.7
99993.3
99995.9
99998.6
100130
99965.3
99950.6
99950.5
99949.3
99949
99948.9
99949.2
99949.4
99950
99950.7
99951.7
99952.9
99953.4
99953
99952.1
99951.8
99951.9
99952.1
99952.3
99952.7
99952.9
99953
99954.3
99955.1
99955.9
99956.8
99957.7
99958.7
99959.8
99960.9
99962.1
99963.4
99964.8
99966.3
99967.8
99969.5
99971.2
99973
99974.9
99976.9
99979
99981.2
99983.4
99985.8
99988.2
99990.7
99993.3
99995.9
99998.6
99928.1
99944
99947.2
99948.8
99948.6
99948.6
99948.7
99948.9
99949.1
99949.7
99950.5
99951.3
99952.3
99952.8
99952.4
99951.8
99951.4
99951.8
99952.1
99952.3
99952.7
99953
99953.4
99954.3
99955.1
99955.9
99956.8
99957.7
99958.7
99959.8
99960.9
99962.1
99963.4
99964.8
99966.3
99967.8
99969.5
99971.2
99973
99974.9
99976.9
99979
99981.2
99983.4
99985.8
99988.2
99990.7
99993.3
99995.9
99998.6
99930.4
99945.1
99947.1
99948.1
99948.2
99948.4
99948.5
99948.7
99949
99949.4
99950.1
99950.8
99951.7
99952.1
99951.9
99951.6
99951.6
99951.7
99952
99952.3
99952.7
99953.1
99953.6
99954.3
99955.1
99955.9
99956.8
99957.7
99958.7
99959.8
99960.9
99962.1
99963.4
99964.8
99966.3
99967.8
99969.5
99971.2
99973
99974.9
99976.9
99979
99981.2
99983.4
99985.8
99988.2
99990.7
99993.3
99995.9
99998.6
99939.1
99945.1
99946.5
99947.5
99947.9
99948.2
99948.4
99948.5
99948.8
99949.1
99949.7
99950.4
99951.2
99951.5
99951.4
99951.5
99951.5
99951.7
99951.9
99952.2
99952.7
99953.1
99953.7
99954.3
99955.1
99955.9
99956.8
99957.7
99958.7
99959.8
99960.9
99962.1
99963.4
99964.8
99966.3
99967.8
99969.5
99971.2
99973
99974.9
99976.9
99979
99981.2
99983.4
99985.8
99988.2
99990.7
99993.3
99995.9
99998.6
99942.1
99945.8
99946.7
99947.3
99947.7
99948
99948.2
99948.4
99948.6
99948.9
99949.4
99950
99950.6
99950.9
99951.1
99951.3
99951.4
99951.6
99951.9
99952.2
99952.6
99953.1
99953.8
99954.3
99955.1
99955.9
99956.8
99957.7
99958.7
99959.8
99960.9
99962.1
99963.4
99964.8
99966.3
99967.8
99969.5
99971.2
99973
99974.9
99976.9
99979
99981.2
99983.4
99985.8
99988.2
99990.7
99993.3
99995.9
99998.6
99944.3
99946.2
99947
99947.5
99947.7
99947.9
99948.1
99948.2
99948.4
99948.7
99949.1
99949.6
99950.2
99950.5
99950.8
99951.1
99951.2
99951.5
99951.8
99952.2
99952.7
99953.1
99953.8
99954.3
99955.1
99955.9
99956.8
99957.7
99958.7
99959.8
99960.9
99962.1
99963.4
99964.8
99966.3
99967.8
99969.5
99971.2
99973
99974.9
99976.9
99979
99981.2
99983.4
99985.8
99988.2
99990.7
99993.3
99995.9
99998.6
99949.4
99947
99947.5
99947.7
99947.7
99947.9
99948
99948.1
99948.2
99948.4
99948.8
99949.3
99949.8
99950.1
99950.6
99950.9
99951.1
99951.4
99951.7
99952.1
99952.6
99953.1
99953.8
99954.3
99955.1
99955.9
99956.7
99957.7
99958.7
99959.8
99960.9
99962.1
99963.4
99964.8
99966.3
99967.8
99969.5
99971.2
99973
99974.9
99976.9
99979
99981.2
99983.4
99985.8
99988.2
99990.7
99993.3
99995.9
99998.6
99949.8
99947.6
99947.7
99947.7
99947.8
99947.8
99947.9
99948
99948.1
99948.3
99948.6
99949
99949.4
99949.9
99950.3
99950.7
99950.9
99951.4
99951.7
99952
99952.6
99953
99953.8
99954.3
99955.1
99955.9
99956.7
99957.7
99958.7
99959.8
99960.9
99962.1
99963.4
99964.8
99966.3
99967.8
99969.5
99971.2
99973
99974.9
99976.9
99979
99981.2
99983.4
99985.8
99988.2
99990.7
99993.3
99995.9
99998.6
99948.6
99947.8
99947.8
99947.8
99947.8
99947.8
99947.8
99947.9
99948
99948.2
99948.4
99948.8
99949.2
99949.6
99950
99950.4
99950.8
99951.2
99951.6
99952
99952.6
99953
99953.8
99954.3
99955.1
99955.9
99956.7
99957.7
99958.7
99959.8
99960.9
99962.1
99963.4
99964.8
99966.3
99967.8
99969.5
99971.2
99973
99974.9
99976.9
99979
99981.2
99983.4
99985.8
99988.2
99990.7
99993.3
99995.9
99998.6
99948.2
99947.8
99947.8
99947.8
99947.8
99947.8
99947.8
99947.9
99947.9
99948.1
99948.3
99948.6
99949
99949.4
99949.8
99950.3
99950.7
99951
99951.5
99951.9
99952.5
99952.9
99953.8
99954.3
99955.1
99955.9
99956.7
99957.7
99958.7
99959.8
99960.9
99962.1
99963.4
99964.8
99966.3
99967.8
99969.5
99971.2
99973
99974.9
99976.9
99979
99981.2
99983.4
99985.8
99988.2
99990.7
99993.3
99995.9
99998.6
99947.9
99947.8
99947.8
99947.7
99947.7
99947.7
99947.8
99947.8
99947.9
99948
99948.2
99948.5
99948.9
99949.3
99949.7
99950.1
99950.6
99950.9
99951.4
99951.9
99952.5
99953
99953.7
99954.3
99955.1
99955.8
99956.7
99957.7
99958.7
99959.8
99960.9
99962.1
99963.4
99964.8
99966.3
99967.8
99969.5
99971.2
99973
99974.9
99976.9
99979
99981.2
99983.4
99985.8
99988.2
99990.7
99993.3
99995.9
99998.6
99947.7
99947.7
99947.7
99947.7
99947.7
99947.7
99947.7
99947.8
99947.9
99948
99948.2
99948.5
99948.8
99949.2
99949.6
99950
99950.4
99950.8
99951.3
99951.8
99952.4
99953
99953.6
99954.3
99955
99955.8
99956.7
99957.7
99958.7
99959.7
99960.9
99962.1
99963.4
99964.8
99966.3
99967.8
99969.5
99971.2
99973
99974.9
99976.9
99979
99981.2
99983.4
99985.8
99988.2
99990.7
99993.3
99995.9
99998.6
99947.6
99947.6
99947.6
99947.6
99947.6
99947.7
99947.7
99947.8
99947.9
99948
99948.2
99948.5
99948.8
99949.1
99949.5
99949.9
99950.3
99950.8
99951.3
99951.7
99952.4
99952.9
99953.6
99954.3
99955
99955.8
99956.7
99957.7
99958.7
99959.7
99960.9
99962.1
99963.4
99964.8
99966.3
99967.8
99969.5
99971.2
99973
99974.9
99976.9
99979
99981.2
99983.4
99985.8
99988.2
99990.7
99993.3
99995.9
99998.6
99947.5
99947.5
99947.5
99947.5
99947.6
99947.6
99947.7
99947.8
99947.9
99948
99948.2
99948.5
99948.7
99949.1
99949.4
99949.8
99950.2
99950.7
99951.3
99951.6
99952.3
99952.9
99953.5
99954.2
99955
99955.8
99956.7
99957.7
99958.7
99959.7
99960.9
99962.1
99963.4
99964.8
99966.3
99967.8
99969.5
99971.2
99973
99974.9
99976.9
99979
99981.2
99983.4
99985.8
99988.2
99990.7
99993.3
99995.9
99998.6
99947.4
99947.4
99947.4
99947.5
99947.5
99947.6
99947.7
99947.8
99947.9
99948
99948.2
99948.4
99948.7
99949
99949.4
99949.8
99950.1
99950.7
99951.1
99951.8
99952.3
99952.9
99953.5
99954.2
99955
99955.8
99956.7
99957.6
99958.7
99959.7
99960.9
99962.1
99963.4
99964.8
99966.3
99967.8
99969.5
99971.2
99973
99974.9
99976.9
99979
99981.2
99983.4
99985.8
99988.2
99990.7
99993.3
99995.9
99998.6
99947.2
99947.3
99947.3
99947.4
99947.4
99947.5
99947.6
99947.7
99947.8
99948
99948.2
99948.4
99948.7
99949
99949.4
99949.8
99950.2
99950.7
99951.2
99951.7
99952.2
99952.8
99953.5
99954.2
99955
99955.8
99956.7
99957.6
99958.6
99959.7
99960.9
99962.1
99963.4
99964.8
99966.3
99967.8
99969.5
99971.2
99973
99974.9
99976.9
99979
99981.2
99983.4
99985.8
99988.2
99990.7
99993.3
99995.9
99998.6
99947.2
99947.2
99947.2
99947.3
99947.4
99947.5
99947.6
99947.7
99947.8
99948
99948.2
99948.3
99948.6
99949
99949.3
99949.7
99950.2
99950.6
99951.1
99951.6
99952.2
99952.8
99953.5
99954.2
99955
99955.8
99956.7
99957.6
99958.6
99959.7
99960.9
99962.1
99963.4
99964.8
99966.3
99967.8
99969.5
99971.2
99973
99974.9
99976.9
99979
99981.2
99983.4
99985.8
99988.2
99990.7
99993.3
99995.9
99998.6
99947.1
99947.1
99947.2
99947.2
99947.3
99947.4
99947.5
99947.6
99947.8
99948
99948.2
99948.4
99948.7
99949
99949.3
99949.7
99950.1
99950.6
99951.1
99951.6
99952.2
99952.8
99953.5
99954.2
99955
99955.8
99956.7
99957.6
99958.6
99959.7
99960.9
99962.1
99963.4
99964.8
99966.3
99967.8
99969.5
99971.2
99973
99974.9
99976.9
99979
99981.2
99983.4
99985.8
99988.2
99990.7
99993.3
99995.9
99998.6
99947
99947.1
99947.1
99947.2
99947.3
99947.3
99947.5
99947.6
99947.8
99947.9
99948.2
99948.4
99948.7
99949
99949.3
99949.7
99950.1
99950.6
99951.1
99951.6
99952.2
99952.8
99953.5
99954.2
99954.9
99955.8
99956.7
99957.6
99958.6
99959.7
99960.9
99962.1
99963.4
99964.8
99966.3
99967.8
99969.5
99971.2
99973
99974.9
99976.9
99979
99981.2
99983.4
99985.8
99988.2
99990.7
99993.3
99995.9
99998.6
99947
99947
99947.1
99947.1
99947.2
99947.3
99947.4
99947.6
99947.7
99947.9
99948.1
99948.4
99948.6
99949
99949.3
99949.7
99950.1
99950.6
99951
99951.6
99952.2
99952.8
99953.4
99954.2
99954.9
99955.8
99956.6
99957.6
99958.6
99959.7
99960.8
99962.1
99963.4
99964.8
99966.3
99967.8
99969.5
99971.2
99973
99974.9
99976.9
99979
99981.2
99983.4
99985.8
99988.2
99990.7
99993.3
99995.9
99998.6
99947
99947
99947.1
99947.1
99947.2
99947.3
99947.4
99947.6
99947.7
99947.9
99948.2
99948.4
99948.7
99949
99949.4
99949.7
99950.1
99950.6
99951.1
99951.6
99952.2
99952.8
99953.5
99954.2
99954.9
99955.8
99956.6
99957.6
99958.6
99959.7
99960.8
99962.1
99963.4
99964.8
99966.3
99967.8
99969.5
99971.2
99973
99974.9
99976.9
99979
99981.2
99983.4
99985.8
99988.2
99990.7
99993.3
99995.9
99998.6
)
;

boundaryField
{
    AXIS
    {
        type            empty;
    }
    OUTLET
    {
        type            fixedValue;
        value           uniform 100000;
    }
    COFLOW
    {
        type            zeroGradient;
    }
    PILOT
    {
        type            zeroGradient;
    }
    FUEL
    {
        type            zeroGradient;
    }
    WALL
    {
        type            zeroGradient;
    }
    front
    {
        type            wedge;
    }
    back
    {
        type            wedge;
    }
}


// ************************************************************************* //
