/*--------------------------------*- C++ -*----------------------------------*\
| =========                 |                                                 |
| \\      /  F ield         | OpenFOAM: The Open Source CFD Toolbox           |
|  \\    /   O peration     | Version:  2.4.x                                 |
|   \\  /    A nd           | Web:      www.OpenFOAM.org                      |
|    \\/     M anipulation  |                                                 |
\*---------------------------------------------------------------------------*/
FoamFile
{
    version     2.0;
    format      ascii;
    class       surfaceScalarField;
    location    "0.02";
    object      phi;
}
// * * * * * * * * * * * * * * * * * * * * * * * * * * * * * * * * * * * * * //

dimensions      [1 0 -1 0 0 0 0];

internalField   nonuniform List<scalar> 
2425
(
1.06544e-06
-1.56904e-08
1.034e-06
3.09584e-08
9.73837e-07
5.9747e-08
9.0537e-07
6.80893e-08
8.37351e-07
6.76708e-08
7.73295e-07
6.37075e-08
7.15889e-07
5.70237e-08
6.59692e-07
5.57922e-08
6.03768e-07
5.53428e-08
5.46405e-07
5.65365e-08
4.89798e-07
5.58289e-08
4.28686e-07
5.93904e-08
3.64164e-07
6.19654e-08
2.99048e-07
5.8859e-08
2.42533e-07
5.32662e-08
2.05245e-07
4.05314e-08
1.79033e-07
3.0087e-08
1.61255e-07
2.49632e-08
1.51727e-07
2.04154e-08
1.4815e-07
1.76041e-08
1.50068e-07
1.54953e-08
1.55567e-07
1.38454e-08
1.63094e-07
1.14127e-08
1.68293e-07
1.13368e-08
1.66585e-07
8.84272e-09
1.61725e-07
6.60976e-09
1.56536e-07
5.07921e-09
1.52038e-07
3.85068e-09
1.48286e-07
2.96054e-09
1.45221e-07
2.24011e-09
1.42708e-07
1.684e-09
1.40656e-07
1.23003e-09
1.38988e-07
8.56218e-10
1.37624e-07
5.65404e-10
1.36477e-07
3.6434e-10
1.35471e-07
2.4348e-10
1.34551e-07
1.79218e-10
1.33704e-07
1.32635e-10
1.32915e-07
1.03244e-10
1.32157e-07
1.05135e-10
1.31426e-07
1.15793e-10
1.30734e-07
1.17789e-10
1.30095e-07
1.1186e-10
1.29501e-07
1.16962e-10
1.28943e-07
1.38973e-10
1.28452e-07
1.34217e-10
1.2809e-07
7.40534e-11
1.27887e-07
-1.04845e-11
1.27794e-07
-4.02539e-11
-1.37791e-11
3.20923e-06
-7.57734e-08
3.06841e-06
1.70363e-07
2.86646e-06
2.6047e-07
2.65663e-06
2.76815e-07
2.45258e-06
2.70696e-07
2.26745e-06
2.47803e-07
2.09817e-06
2.25191e-07
1.93321e-06
2.19589e-07
1.76505e-06
2.21899e-07
1.60111e-06
2.18128e-07
1.4364e-06
2.18417e-07
1.26055e-06
2.3015e-07
1.07413e-06
2.42218e-07
8.82748e-07
2.31887e-07
7.22352e-07
2.0486e-07
6.14613e-07
1.59205e-07
5.36904e-07
1.18597e-07
4.84775e-07
9.94467e-08
4.56077e-07
8.17811e-08
4.44949e-07
7.1072e-08
4.50109e-07
6.2552e-08
4.65823e-07
5.60629e-08
4.8705e-07
4.68395e-08
5.02288e-07
4.53999e-08
4.96609e-07
3.57132e-08
4.81534e-07
2.68575e-08
4.65634e-07
2.06287e-08
4.51865e-07
1.56716e-08
4.40388e-07
1.20609e-08
4.30973e-07
9.17879e-09
4.23223e-07
6.94925e-09
4.16853e-07
5.13428e-09
4.11636e-07
3.63723e-09
4.0734e-07
2.46592e-09
4.03704e-07
1.65316e-09
4.00493e-07
1.16512e-09
3.97548e-07
9.03004e-10
3.94822e-07
7.13497e-10
3.92275e-07
5.9404e-10
3.89831e-07
5.905e-10
3.87484e-07
6.16528e-10
3.85271e-07
6.08953e-10
3.83226e-07
5.7504e-10
3.81328e-07
5.86245e-10
3.79555e-07
6.53761e-10
3.78004e-07
6.14817e-10
3.76857e-07
3.56677e-10
3.76182e-07
2.34387e-11
3.75843e-07
-1.00864e-10
-3.49147e-11
5.25464e-06
-8.12012e-08
4.90939e-06
5.13376e-07
4.52806e-06
6.39885e-07
4.17676e-06
6.26379e-07
3.86018e-06
5.85646e-07
3.5723e-06
5.34035e-07
3.29263e-06
5.03064e-07
3.02522e-06
4.8495e-07
2.77089e-06
4.74074e-07
2.52182e-06
4.6391e-07
2.27181e-06
4.65422e-07
2.00394e-06
4.90267e-07
1.71603e-06
5.22055e-07
1.42021e-06
5.00472e-07
1.17697e-06
4.36881e-07
1.01044e-06
3.44659e-07
8.8685e-07
2.61465e-07
8.04244e-07
2.20113e-07
7.58246e-07
1.82225e-07
7.40478e-07
1.59387e-07
7.49542e-07
1.42747e-07
7.75641e-07
1.26105e-07
8.10952e-07
1.05305e-07
8.3613e-07
1.01313e-07
8.26147e-07
8.02932e-08
8.00748e-07
6.06156e-08
7.74126e-07
4.65918e-08
7.51146e-07
3.53859e-08
7.3201e-07
2.72316e-08
7.1629e-07
2.07714e-08
7.03323e-07
1.57752e-08
6.92637e-07
1.17102e-08
6.83858e-07
8.35654e-09
6.76608e-07
5.72278e-09
6.70454e-07
3.89597e-09
6.65e-07
2.80409e-09
6.59994e-07
2.20673e-09
6.55367e-07
1.76636e-09
6.51048e-07
1.48472e-09
6.46902e-07
1.47275e-09
6.42904e-07
1.53818e-09
6.39122e-07
1.52063e-09
6.35645e-07
1.41499e-09
6.32444e-07
1.4065e-09
6.29458e-07
1.54302e-09
6.2681e-07
1.47922e-09
6.24825e-07
8.99884e-10
6.23674e-07
1.06105e-10
6.23118e-07
-2.09556e-10
-7.68609e-11
6.93077e-06
3.39616e-07
6.22962e-06
1.21178e-06
5.68656e-06
1.18063e-06
5.25096e-06
1.05973e-06
4.84471e-06
9.89868e-07
4.46765e-06
9.09047e-07
4.12948e-06
8.39096e-07
3.82114e-06
7.91047e-07
3.52529e-06
7.67994e-07
3.23127e-06
7.54603e-07
2.93016e-06
7.63594e-07
2.60636e-06
8.04277e-07
2.24969e-06
8.64915e-07
1.88185e-06
8.39466e-07
1.58854e-06
7.20631e-07
1.37991e-06
5.76637e-07
1.22056e-06
4.52911e-07
1.11416e-06
3.80164e-07
1.05513e-06
3.20134e-07
1.03309e-06
2.8019e-07
1.04734e-06
2.53805e-07
1.08473e-06
2.22473e-07
1.1351e-06
1.84949e-07
1.17015e-06
1.77614e-07
1.15537e-06
1.42035e-07
1.11997e-06
1.07179e-07
1.08309e-06
8.23994e-08
1.05131e-06
6.25618e-08
1.02484e-06
4.81346e-08
1.00307e-06
3.67622e-08
9.85084e-07
2.79656e-08
9.70233e-07
2.08066e-08
9.5801e-07
1.48973e-08
9.479e-07
1.02426e-08
9.39301e-07
7.01952e-09
9.31665e-07
5.09907e-09
9.24657e-07
4.03179e-09
9.18183e-07
3.23571e-09
9.12148e-07
2.72058e-09
9.06354e-07
2.69871e-09
9.00752e-07
2.83253e-09
8.95442e-07
2.81381e-09
8.90572e-07
2.59199e-09
8.86112e-07
2.53354e-09
8.81953e-07
2.76696e-09
8.78237e-07
2.69824e-09
8.75443e-07
1.67608e-09
8.7384e-07
2.12509e-10
8.73072e-07
-3.72062e-10
-1.40574e-10
7.09869e-06
2.69601e-06
6.29106e-06
2.01666e-06
5.87395e-06
1.59547e-06
5.47369e-06
1.45762e-06
5.12998e-06
1.33129e-06
4.82096e-06
1.2158e-06
4.53015e-06
1.12778e-06
4.25232e-06
1.06701e-06
3.97428e-06
1.04536e-06
3.68514e-06
1.04163e-06
3.37759e-06
1.06888e-06
3.0297e-06
1.14177e-06
2.6422e-06
1.23036e-06
2.25588e-06
1.19918e-06
1.94609e-06
1.02809e-06
1.71593e-06
8.3721e-07
1.53243e-06
6.7954e-07
1.4108e-06
5.73189e-07
1.34373e-06
4.88701e-07
1.32089e-06
4.30026e-07
1.34187e-06
3.93346e-07
1.391e-06
3.43975e-07
1.45865e-06
2.82381e-07
1.50332e-06
2.72462e-07
1.48311e-06
2.20142e-07
1.43814e-06
1.65598e-07
1.39165e-06
1.27262e-07
1.35161e-06
9.66075e-08
1.31827e-06
7.43134e-08
1.29078e-06
5.6812e-08
1.26803e-06
4.3266e-08
1.2492e-06
3.22314e-08
1.23368e-06
2.31158e-08
1.22081e-06
1.59254e-08
1.20983e-06
1.09561e-08
1.20007e-06
7.99577e-09
1.19111e-06
6.3315e-09
1.18282e-06
5.08572e-09
1.17511e-06
4.26843e-09
1.1677e-06
4.23157e-09
1.16054e-06
4.45477e-09
1.15374e-06
4.44408e-09
1.14752e-06
4.07175e-09
1.14184e-06
3.93007e-09
1.13655e-06
4.27892e-09
1.13181e-06
4.23003e-09
1.12822e-06
2.66753e-09
1.12618e-06
3.26999e-10
1.12523e-06
-6.12888e-10
-2.34011e-10
3.3038e-06
-5.91646e-09
4.33855e-06
9.79955e-07
4.68568e-06
1.24626e-06
4.74338e-06
1.3975e-06
4.69384e-06
1.37865e-06
4.58296e-06
1.32445e-06
4.43481e-06
1.27428e-06
4.26577e-06
1.23531e-06
4.0787e-06
1.23395e-06
3.85537e-06
1.26477e-06
3.58137e-06
1.34066e-06
3.25783e-06
1.45626e-06
2.90105e-06
1.56961e-06
2.54189e-06
1.53716e-06
2.24543e-06
1.33497e-06
2.01043e-06
1.1098e-06
1.81529e-06
9.14856e-07
1.69066e-06
7.88432e-07
1.6217e-06
6.85633e-07
1.60219e-06
6.04745e-07
1.63169e-06
5.5921e-07
1.69393e-06
5.00705e-07
1.78384e-06
4.35518e-07
1.83419e-06
3.87195e-07
1.80838e-06
3.12992e-07
1.75444e-06
2.34646e-07
1.69914e-06
1.80201e-07
1.65153e-06
1.36791e-07
1.61186e-06
1.05202e-07
1.57909e-06
8.04978e-08
1.55189e-06
6.13571e-08
1.52933e-06
4.57444e-08
1.51068e-06
3.28365e-08
1.49517e-06
2.26561e-08
1.48188e-06
1.56362e-08
1.47004e-06
1.14459e-08
1.45916e-06
9.06992e-09
1.44909e-06
7.28871e-09
1.43972e-06
6.10432e-09
1.43073e-06
6.04393e-09
1.42205e-06
6.3661e-09
1.41381e-06
6.36972e-09
1.40626e-06
5.82208e-09
1.39939e-06
5.56097e-09
1.39303e-06
6.02799e-09
1.38731e-06
6.02664e-09
1.38293e-06
3.87009e-09
1.38044e-06
4.64314e-10
1.37932e-06
-9.49718e-10
-3.75268e-10
1.51262e-06
-8.06627e-07
2.60717e-06
-1.16643e-07
3.32352e-06
5.27563e-07
3.74123e-06
9.7716e-07
3.95963e-06
1.15805e-06
4.05237e-06
1.23014e-06
4.06777e-06
1.25808e-06
4.02339e-06
1.28031e-06
3.93426e-06
1.32579e-06
3.79803e-06
1.40566e-06
3.59719e-06
1.54296e-06
3.33857e-06
1.71126e-06
3.04663e-06
1.85065e-06
2.74846e-06
1.82724e-06
2.48885e-06
1.62588e-06
2.26119e-06
1.37818e-06
2.07296e-06
1.17542e-06
1.95278e-06
1.01953e-06
1.88738e-06
9.02402e-07
1.87615e-06
8.05028e-07
1.9176e-06
7.47507e-07
1.99584e-06
6.8194e-07
2.10649e-06
6.09434e-07
2.16164e-06
5.1947e-07
2.13052e-06
4.1824e-07
2.06842e-06
3.1282e-07
2.00527e-06
2.40074e-07
1.9509e-06
1.8226e-07
1.90556e-06
1.40136e-07
1.868e-06
1.07316e-07
1.83673e-06
8.18536e-08
1.81073e-06
6.10549e-08
1.78917e-06
4.38509e-08
1.77114e-06
3.03033e-08
1.75563e-06
2.09814e-08
1.74176e-06
1.53939e-08
1.72901e-06
1.22013e-08
1.7172e-06
9.80936e-09
1.7062e-06
8.19215e-09
1.69566e-06
8.0925e-09
1.6855e-06
8.53177e-09
1.67585e-06
8.55681e-09
1.66703e-06
7.79273e-09
1.65902e-06
7.37563e-09
1.65162e-06
7.97585e-09
1.64497e-06
8.04601e-09
1.63982e-06
5.27233e-09
1.63686e-06
6.49228e-10
1.63556e-06
-1.384e-09
-5.77521e-10
9.31391e-07
-9.16749e-07
1.58059e-06
-7.68446e-07
2.28633e-06
-1.81062e-07
2.834e-06
4.27168e-07
3.20672e-06
7.83635e-07
3.4429e-06
9.93545e-07
3.58589e-06
1.11618e-06
3.65377e-06
1.21535e-06
3.66112e-06
1.32334e-06
3.6118e-06
1.4644e-06
3.49633e-06
1.66547e-06
3.32191e-06
1.88934e-06
3.11276e-06
2.06056e-06
2.89282e-06
2.05623e-06
2.67976e-06
1.87702e-06
2.47272e-06
1.64181e-06
2.3032e-06
1.43525e-06
2.19565e-06
1.25939e-06
2.13948e-06
1.12879e-06
2.14127e-06
1.0213e-06
2.19815e-06
9.5413e-07
2.29482e-06
8.8054e-07
2.42563e-06
7.99728e-07
2.48507e-06
6.66034e-07
2.44907e-06
5.33314e-07
2.37981e-06
3.98427e-07
2.30988e-06
3.05602e-07
2.24966e-06
2.3206e-07
2.19938e-06
1.78371e-07
2.1576e-06
1.36693e-07
2.12271e-06
1.04311e-07
2.09361e-06
7.78276e-08
2.06936e-06
5.59255e-08
2.04897e-06
3.8721e-08
2.03132e-06
2.69012e-08
2.0155e-06
1.97748e-08
2.00092e-06
1.56699e-08
1.98741e-06
1.26033e-08
1.97483e-06
1.04906e-08
1.96281e-06
1.03278e-08
1.9512e-06
1.09103e-08
1.94019e-06
1.09636e-08
1.93014e-06
9.92972e-09
1.92106e-06
9.30907e-09
1.91269e-06
1.00599e-08
1.90514e-06
1.02506e-08
1.89923e-06
6.85821e-09
1.89578e-06
8.86483e-10
1.89431e-06
-1.90033e-09
-8.34877e-10
7.9534e-07
-7.81278e-07
1.05324e-06
-1.02972e-06
1.60681e-06
-7.38252e-07
2.14954e-06
-1.1753e-07
2.5748e-06
3.58031e-07
2.89112e-06
6.78715e-07
3.11575e-06
8.95236e-07
3.26685e-06
1.07043e-06
3.35341e-06
1.24603e-06
3.37972e-06
1.45212e-06
3.34334e-06
1.7156e-06
3.25346e-06
1.99256e-06
3.13233e-06
2.1947e-06
2.98922e-06
2.22663e-06
2.8256e-06
2.08818e-06
2.65256e-06
1.88728e-06
2.50772e-06
1.68861e-06
2.41742e-06
1.50477e-06
2.376e-06
1.36497e-06
2.3967e-06
1.25395e-06
2.47263e-06
1.17451e-06
2.59021e-06
1.09226e-06
2.74086e-06
1.00342e-06
2.80397e-06
8.23412e-07
2.76366e-06
6.55518e-07
2.68838e-06
4.89664e-07
2.61286e-06
3.75429e-07
2.54775e-06
2.85173e-07
2.49332e-06
2.19111e-07
2.44793e-06
1.68006e-07
2.40992e-06
1.2824e-07
2.37808e-06
9.56976e-08
2.3514e-06
6.88104e-08
2.3288e-06
4.77548e-08
2.30911e-06
3.33e-08
2.29139e-06
2.45209e-08
2.27506e-06
1.94195e-08
2.25989e-06
1.56247e-08
2.24577e-06
1.29555e-08
2.23231e-06
1.27013e-08
2.2193e-06
1.34582e-08
2.20697e-06
1.35405e-08
2.19575e-06
1.21845e-08
2.18565e-06
1.13115e-08
2.17639e-06
1.22022e-08
2.168e-06
1.2574e-08
2.16137e-06
8.58849e-09
2.15745e-06
1.16975e-09
2.15575e-06
-2.45837e-09
-1.12086e-09
9.53583e-07
-6.95647e-07
9.91855e-07
-1.07422e-06
1.31043e-06
-1.06432e-06
1.73147e-06
-5.41818e-07
2.13103e-06
-4.09447e-08
2.4645e-06
3.4938e-07
2.72868e-06
6.37683e-07
2.92854e-06
8.80666e-07
3.07024e-06
1.11849e-06
3.15526e-06
1.38668e-06
3.18505e-06
1.70702e-06
3.1703e-06
2.02966e-06
3.1284e-06
2.26625e-06
3.05026e-06
2.34786e-06
2.92922e-06
2.27097e-06
2.79593e-06
2.10383e-06
2.68777e-06
1.92696e-06
2.62019e-06
1.75119e-06
2.59976e-06
1.61105e-06
2.6429e-06
1.50223e-06
2.74069e-06
1.41724e-06
2.88073e-06
1.31364e-06
3.05127e-06
1.21665e-06
3.11753e-06
9.87881e-07
3.07372e-06
7.82094e-07
2.99363e-06
5.84726e-07
2.91372e-06
4.48189e-07
2.84471e-06
3.40573e-07
2.78692e-06
2.61551e-07
2.73856e-06
2.00624e-07
2.69791e-06
1.53152e-07
2.66369e-06
1.14306e-07
2.63481e-06
8.22698e-08
2.61014e-06
5.72668e-08
2.58848e-06
4.01e-08
2.56893e-06
2.95833e-08
2.55087e-06
2.34152e-08
2.53407e-06
1.88431e-08
2.51844e-06
1.55718e-08
2.50356e-06
1.51855e-08
2.48922e-06
1.61105e-08
2.47561e-06
1.62438e-08
2.46324e-06
1.45396e-08
2.45214e-06
1.33679e-08
2.44203e-06
1.43506e-08
2.4329e-06
1.49268e-08
2.42558e-06
1.04265e-08
2.42116e-06
1.53403e-09
2.41919e-06
-3.01093e-09
-1.41914e-09
1.80248e-06
-1.47779e-07
1.53964e-06
-8.30556e-07
1.47868e-06
-1.02992e-06
1.68107e-06
-7.5923e-07
1.99743e-06
-3.60191e-07
2.31301e-06
3.81693e-08
2.59448e-06
3.655e-07
2.82772e-06
6.61829e-07
3.00988e-06
9.56947e-07
3.14195e-06
1.28084e-06
3.2265e-06
1.65276e-06
3.26967e-06
2.02078e-06
3.28698e-06
2.29502e-06
3.26398e-06
2.42654e-06
3.18537e-06
2.42971e-06
3.08782e-06
2.31521e-06
3.01323e-06
2.16291e-06
2.97127e-06
2.00898e-06
2.97702e-06
1.87473e-06
3.0503e-06
1.76952e-06
3.17921e-06
1.68181e-06
3.35434e-06
1.55313e-06
3.55664e-06
1.44728e-06
3.62969e-06
1.16527e-06
3.58067e-06
9.1765e-07
3.4921e-06
6.87495e-07
3.40414e-06
5.26862e-07
3.32798e-06
4.0056e-07
3.26404e-06
3.07441e-07
3.21033e-06
2.35889e-07
3.16497e-06
1.80071e-07
3.12653e-06
1.34448e-07
3.09381e-06
9.69279e-08
3.06556e-06
6.77529e-08
3.04055e-06
4.76994e-08
3.01788e-06
3.52846e-08
2.99688e-06
2.7927e-08
2.97734e-06
2.24789e-08
2.95912e-06
1.85372e-08
2.94181e-06
1.79703e-08
2.92521e-06
1.90124e-08
2.90948e-06
1.92083e-08
2.89515e-06
1.71251e-08
2.88234e-06
1.55849e-08
2.87074e-06
1.66174e-08
2.8603e-06
1.74285e-08
2.85182e-06
1.24883e-08
2.84656e-06
2.04493e-09
2.84414e-06
-3.55382e-09
-1.73564e-09
2.73323e-06
3.65748e-08
2.37934e-06
-5.10253e-07
2.06116e-06
-7.84327e-07
2.02296e-06
-7.7876e-07
2.19462e-06
-5.57484e-07
2.45621e-06
-2.28479e-07
2.72692e-06
1.01495e-07
2.97284e-06
4.31822e-07
3.18233e-06
7.72355e-07
3.3524e-06
1.14452e-06
3.48563e-06
1.56091e-06
3.58373e-06
1.97018e-06
3.65449e-06
2.28783e-06
3.67719e-06
2.48558e-06
3.64606e-06
2.56299e-06
3.60023e-06
2.51735e-06
3.56507e-06
2.40569e-06
3.55731e-06
2.28627e-06
3.60089e-06
2.16961e-06
3.71947e-06
2.07148e-06
3.89878e-06
1.98221e-06
4.13189e-06
1.8212e-06
4.38581e-06
1.70482e-06
4.47039e-06
1.3633e-06
4.4135e-06
1.06809e-06
4.31122e-06
8.03063e-07
4.21001e-06
6.15345e-07
4.12203e-06
4.68147e-07
4.04795e-06
3.5906e-07
3.98538e-06
2.75545e-07
3.93222e-06
2.10336e-07
3.88679e-06
1.57172e-07
3.84767e-06
1.13627e-07
3.81347e-06
7.99066e-08
3.78289e-06
5.66726e-08
3.75501e-06
4.20968e-08
3.72913e-06
3.33481e-08
3.70502e-06
2.68518e-08
3.68252e-06
2.2099e-08
3.66117e-06
2.12879e-08
3.64077e-06
2.24142e-08
3.62147e-06
2.26575e-08
3.60388e-06
2.01398e-08
3.5882e-06
1.81162e-08
3.57416e-06
1.90712e-08
3.56154e-06
2.0199e-08
3.5511e-06
1.49592e-08
3.54443e-06
2.815e-09
3.54126e-06
-4.05915e-09
-2.07229e-09
3.5534e-06
1.11949e-07
3.2299e-06
-2.35536e-07
2.86555e-06
-5.4669e-07
2.65681e-06
-7.04577e-07
2.6596e-06
-6.43753e-07
2.80218e-06
-4.08655e-07
3.00784e-06
-1.15541e-07
3.23426e-06
2.13274e-07
3.45145e-06
5.80279e-07
3.64176e-06
9.92677e-07
3.80857e-06
1.44594e-06
3.94972e-06
1.8949e-06
4.05647e-06
2.26681e-06
4.12972e-06
2.51911e-06
4.17e-06
2.67313e-06
4.18414e-06
2.70663e-06
4.20206e-06
2.6619e-06
4.24392e-06
2.58241e-06
4.35174e-06
2.50366e-06
4.53444e-06
2.42131e-06
4.78093e-06
2.31839e-06
5.0943e-06
2.13631e-06
5.41075e-06
1.98186e-06
5.50571e-06
1.5781e-06
5.44097e-06
1.23004e-06
5.32521e-06
9.29435e-07
5.21103e-06
7.12081e-07
5.11124e-06
5.42166e-07
5.02679e-06
4.1548e-07
4.955e-06
3.18841e-07
4.8935e-06
2.43372e-07
4.84036e-06
1.82102e-07
4.79393e-06
1.32194e-07
4.75271e-06
9.37153e-08
4.71544e-06
6.70945e-08
4.68124e-06
5.0119e-08
4.64939e-06
3.97684e-08
4.61967e-06
3.20325e-08
4.59195e-06
2.62886e-08
4.56568e-06
2.51495e-08
4.54062e-06
2.63488e-08
4.51699e-06
2.65864e-08
4.4955e-06
2.35174e-08
4.47634e-06
2.09297e-08
4.45935e-06
2.16731e-08
4.44416e-06
2.31366e-08
4.43141e-06
1.78115e-08
4.42295e-06
3.93239e-09
4.41877e-06
-4.43378e-09
-2.39793e-09
4.51095e-06
1.16227e-07
4.27625e-06
-6.58355e-08
3.89691e-06
-3.4207e-07
3.55577e-06
-5.8712e-07
3.40157e-06
-6.43617e-07
3.41393e-06
-5.05111e-07
3.51802e-06
-2.63591e-07
3.66932e-06
5.23371e-08
3.83914e-06
4.2709e-07
4.01437e-06
8.58334e-07
4.19253e-06
1.33296e-06
4.36586e-06
1.80874e-06
4.52223e-06
2.22626e-06
4.66073e-06
2.53966e-06
4.77446e-06
2.7699e-06
4.86512e-06
2.89453e-06
4.95183e-06
2.91861e-06
5.06821e-06
2.90257e-06
5.2625e-06
2.87497e-06
5.52639e-06
2.80954e-06
5.8829e-06
2.71468e-06
6.29833e-06
2.46555e-06
6.68152e-06
2.26804e-06
6.78067e-06
1.80402e-06
6.7078e-06
1.39803e-06
6.58015e-06
1.06232e-06
6.45464e-06
8.13649e-07
6.34417e-06
6.19981e-07
6.24998e-06
4.74664e-07
6.16915e-06
3.64175e-07
6.09913e-06
2.77974e-07
6.0377e-06
2.08422e-07
5.98307e-06
1.52164e-07
5.93371e-06
1.0897e-07
5.8885e-06
7.89045e-08
5.84668e-06
5.93525e-08
5.80762e-06
4.71947e-08
5.77109e-06
3.80346e-08
5.73697e-06
3.11126e-08
5.70478e-06
2.94693e-08
5.67419e-06
3.06407e-08
5.64541e-06
3.08582e-08
5.61919e-06
2.71922e-08
5.59588e-06
2.3908e-08
5.57536e-06
2.42765e-08
5.5571e-06
2.61536e-08
5.54158e-06
2.10218e-08
5.53092e-06
5.4589e-09
5.52538e-06
-4.57158e-09
-2.66066e-09
5.64371e-06
9.59275e-08
5.46484e-06
3.29039e-08
5.09372e-06
-1.81728e-07
4.6733e-06
-4.67871e-07
4.39112e-06
-5.9326e-07
4.27171e-06
-5.32092e-07
4.26886e-06
-3.40328e-07
4.33989e-06
-4.45724e-08
4.44815e-06
3.25797e-07
4.5877e-06
7.6281e-07
4.75409e-06
1.24746e-06
4.93915e-06
1.74323e-06
5.12433e-06
2.19891e-06
5.31213e-06
2.56933e-06
5.49907e-06
2.86881e-06
5.66657e-06
3.07847e-06
5.84588e-06
3.20091e-06
6.07742e-06
3.25893e-06
6.38155e-06
3.27188e-06
6.76071e-06
3.24902e-06
7.24536e-06
3.12636e-06
7.81641e-06
2.91231e-06
8.24903e-06
2.55806e-06
8.34809e-06
2.02476e-06
8.26766e-06
1.56306e-06
8.13231e-06
1.19376e-06
7.99914e-06
9.1403e-07
7.88066e-06
6.97001e-07
7.77837e-06
5.33157e-07
7.68935e-06
4.0893e-07
7.61095e-06
3.12257e-07
7.5408e-06
2.3484e-07
7.47704e-06
1.72748e-07
7.4183e-06
1.25233e-07
7.36372e-06
9.18709e-08
7.31282e-06
6.96719e-08
7.26507e-06
5.55427e-08
7.22025e-06
4.48163e-08
7.17823e-06
3.66492e-08
7.13859e-06
3.43825e-08
7.1013e-06
3.51825e-08
7.06654e-06
3.50801e-08
7.03486e-06
3.07963e-08
7.00656e-06
2.68656e-08
6.98172e-06
2.68055e-08
6.95985e-06
2.90362e-08
6.94118e-06
2.43559e-08
6.92768e-06
7.57985e-09
6.92019e-06
-4.15352e-09
-2.77813e-09
7.02821e-06
7.93097e-08
6.88747e-06
7.82241e-08
6.52623e-06
-9.17007e-08
6.04667e-06
-3.63591e-07
5.66135e-06
-5.1858e-07
5.42449e-06
-4.97717e-07
5.30131e-06
-3.37275e-07
5.26788e-06
-6.61861e-08
5.30355e-06
2.94216e-07
5.39591e-06
7.27567e-07
5.53565e-06
1.21629e-06
5.71608e-06
1.72693e-06
5.91897e-06
2.21339e-06
6.14453e-06
2.63683e-06
6.38974e-06
3.00033e-06
6.66176e-06
3.2937e-06
6.96605e-06
3.50479e-06
7.33797e-06
3.64353e-06
7.78757e-06
3.70507e-06
8.30999e-06
3.70642e-06
8.99313e-06
3.53841e-06
9.72171e-06
3.32464e-06
1.01828e-05
2.82132e-06
1.02743e-05
2.2193e-06
1.01891e-05
1.71182e-06
1.00529e-05
1.31217e-06
9.91796e-06
1.00437e-06
9.79578e-06
7.66478e-07
9.68807e-06
5.86006e-07
9.59227e-06
4.49494e-07
9.50585e-06
3.4366e-07
9.42656e-06
2.59593e-07
9.35268e-06
1.92795e-07
9.2832e-06
1.41759e-07
9.2177e-06
1.05493e-07
9.15604e-06
8.07304e-08
9.09792e-06
6.4535e-08
9.04314e-06
5.21646e-08
8.99158e-06
4.27156e-08
8.94305e-06
3.96095e-08
8.89764e-06
3.97584e-08
8.85552e-06
3.91232e-08
8.81719e-06
3.41117e-08
8.783e-06
2.94678e-08
8.75302e-06
2.89603e-08
8.72675e-06
3.16383e-08
8.70428e-06
2.76932e-08
8.68713e-06
1.05404e-08
8.6769e-06
-2.74091e-09
-2.63707e-09
8.76025e-06
7.21152e-08
8.63522e-06
1.00459e-07
8.29387e-06
-2.68523e-08
7.7893e-06
-2.51136e-07
7.33011e-06
-4.02804e-07
6.97643e-06
-3.95833e-07
6.72646e-06
-2.48575e-07
6.57276e-06
8.96701e-09
6.50421e-06
3.60401e-07
6.517e-06
7.88515e-07
6.60617e-06
1.27559e-06
6.76561e-06
1.79187e-06
6.97265e-06
2.30128e-06
7.24418e-06
2.77096e-06
7.57846e-06
3.19402e-06
7.97277e-06
3.56097e-06
8.42384e-06
3.862e-06
8.95477e-06
4.07059e-06
9.57766e-06
4.17734e-06
1.03102e-05
4.19838e-06
1.12759e-05
4.02712e-06
1.21267e-05
3.65884e-06
1.25683e-05
3.02551e-06
1.26439e-05
2.36573e-06
1.25611e-05
1.82637e-06
1.24337e-05
1.40246e-06
1.23049e-05
1.07313e-06
1.21846e-05
8.19857e-07
1.20747e-05
6.2717e-07
1.19736e-05
4.81587e-07
1.18794e-05
3.69135e-07
1.17904e-05
2.80583e-07
1.17052e-05
2.10795e-07
1.16235e-05
1.57414e-07
1.15453e-05
1.18894e-07
1.14711e-05
9.18663e-08
1.14006e-05
7.366e-08
1.13339e-05
5.97149e-08
1.12707e-05
4.91e-08
1.12113e-05
4.49594e-08
1.1156e-05
4.41111e-08
1.1105e-05
4.26113e-08
1.10587e-05
3.67502e-08
1.10171e-05
3.15816e-08
1.09807e-05
3.06937e-08
1.09492e-05
3.36063e-08
1.09224e-05
3.05237e-08
1.09013e-05
1.39752e-08
1.0888e-05
-3.99128e-10
-2.16501e-09
1.09421e-05
6.71507e-08
1.08324e-05
1.05762e-07
1.05327e-05
1.93479e-08
1.00023e-05
-1.54085e-07
9.47867e-06
-2.54457e-07
9.03977e-06
-2.34398e-07
8.68431e-06
-7.72961e-08
8.41787e-06
1.90634e-07
8.24311e-06
5.46013e-07
8.16461e-06
9.75155e-07
8.1857e-06
1.46079e-06
8.31133e-06
1.98224e-06
8.51935e-06
2.5081e-06
8.83468e-06
3.00969e-06
9.25605e-06
3.48189e-06
9.78188e-06
3.90888e-06
1.03871e-05
4.27688e-06
1.11158e-05
4.52367e-06
1.2021e-05
4.68727e-06
1.30542e-05
4.60189e-06
1.42335e-05
4.38918e-06
1.51144e-05
3.84633e-06
1.55081e-05
3.11501e-06
1.55698e-05
2.43924e-06
1.55022e-05
1.88455e-06
1.53946e-05
1.44812e-06
1.52801e-05
1.10809e-06
1.5167e-05
8.48158e-07
1.50577e-05
6.50301e-07
1.49522e-05
5.00755e-07
1.48501e-05
3.8552e-07
1.47502e-05
2.95431e-07
1.46524e-05
2.24779e-07
1.45568e-05
1.70493e-07
1.44642e-05
1.30621e-07
1.43752e-05
1.01924e-07
1.42903e-05
8.20268e-08
1.42093e-05
6.67893e-08
1.41321e-05
5.53748e-08
1.40594e-05
5.01718e-08
1.39919e-05
4.79109e-08
1.39301e-05
4.50707e-08
1.3874e-05
3.83173e-08
1.38234e-05
3.29303e-08
1.37791e-05
3.15865e-08
1.37412e-05
3.46117e-08
1.37092e-05
3.26713e-08
1.36835e-05
1.76345e-08
1.36666e-05
2.76652e-09
-1.35153e-09
1.36795e-05
6.46419e-08
1.3577e-05
1.08529e-07
1.33392e-05
5.7254e-08
1.28682e-05
-4.58676e-08
1.22916e-05
-8.23659e-08
1.17738e-05
-1.2689e-08
1.13279e-05
1.80051e-07
1.09655e-05
4.80074e-07
1.06963e-05
8.57793e-07
1.05311e-05
1.30138e-06
1.04886e-05
1.79384e-06
1.05779e-05
2.32464e-06
1.07844e-05
2.85891e-06
1.11471e-05
3.37477e-06
1.16719e-05
3.87775e-06
1.23397e-05
4.32084e-06
1.31518e-05
4.69383e-06
1.42089e-05
4.95884e-06
1.53966e-05
5.05516e-06
1.68285e-05
4.92004e-06
1.80863e-05
4.51342e-06
1.88565e-05
3.83626e-06
1.91615e-05
3.08701e-06
1.92188e-05
2.42164e-06
1.91756e-05
1.8711e-06
1.90953e-05
1.43674e-06
1.89998e-05
1.09997e-06
1.88964e-05
8.44351e-07
1.87886e-05
6.50163e-07
1.86783e-05
5.03183e-07
1.85667e-05
3.89898e-07
1.84543e-05
3.01549e-07
1.8342e-05
2.32283e-07
1.82307e-05
1.78669e-07
1.81216e-05
1.38631e-07
1.80157e-05
1.0928e-07
1.79136e-05
8.84449e-08
1.78154e-05
7.2526e-08
1.77212e-05
6.09328e-08
1.76322e-05
5.48097e-08
1.75498e-05
5.07566e-08
1.74746e-05
4.60994e-08
1.74062e-05
3.85214e-08
1.7344e-05
3.35242e-08
1.72895e-05
3.18667e-08
1.72438e-05
3.42357e-08
1.7206e-05
3.31107e-08
1.71753e-05
2.07302e-08
1.71544e-05
6.42272e-09
-2.06291e-10
1.71201e-05
5.88659e-08
1.70263e-05
1.04451e-07
1.68543e-05
8.41923e-08
1.65092e-05
5.35785e-08
1.60152e-05
9.35123e-08
1.54637e-05
2.49215e-07
1.49404e-05
5.1359e-07
1.4491e-05
8.72985e-07
1.41248e-05
1.30585e-06
1.38754e-05
1.78672e-06
1.37756e-05
2.29793e-06
1.38496e-05
2.83922e-06
1.40909e-05
3.36624e-06
1.45664e-05
3.86116e-06
1.52624e-05
4.34403e-06
1.61555e-05
4.76539e-06
1.7248e-05
5.08218e-06
1.8746e-05
5.28994e-06
2.03631e-05
5.223e-06
2.18446e-05
4.90241e-06
2.2907e-05
4.3425e-06
2.34829e-05
3.63785e-06
2.37235e-05
2.92992e-06
2.37928e-05
2.30115e-06
2.3782e-05
1.77603e-06
2.37309e-05
1.36191e-06
2.36547e-05
1.04327e-06
2.35606e-05
8.03476e-07
2.34532e-05
6.22255e-07
2.33366e-05
4.84834e-07
2.32138e-05
3.78533e-07
2.30872e-05
2.95297e-07
2.29587e-05
2.29721e-07
2.28298e-05
1.78535e-07
2.27022e-05
1.39921e-07
2.25767e-05
1.11494e-07
2.24544e-05
9.10588e-08
2.23358e-05
7.55401e-08
2.22213e-05
6.46497e-08
2.21126e-05
5.79313e-08
2.20118e-05
5.1995e-08
2.19198e-05
4.5287e-08
2.18361e-05
3.69353e-08
2.17596e-05
3.3049e-08
2.16919e-05
3.17222e-08
2.16354e-05
3.30164e-08
2.15902e-05
3.17235e-08
2.15545e-05
2.18592e-08
2.15301e-05
9.29525e-09
9.34854e-10
2.14325e-05
5.22559e-08
2.13322e-05
9.59765e-08
2.12007e-05
9.91539e-08
2.09905e-05
1.21095e-07
2.06745e-05
2.28445e-07
2.02671e-05
4.69594e-07
1.98114e-05
8.41359e-07
1.93589e-05
1.3144e-06
1.89669e-05
1.84362e-06
1.87003e-05
2.3834e-06
1.86246e-05
2.90776e-06
1.87061e-05
3.40219e-06
1.90058e-05
3.87087e-06
1.97372e-05
4.32256e-06
2.07809e-05
4.70521e-06
2.21164e-05
5.00067e-06
2.3682e-05
5.15829e-06
2.53556e-05
5.1638e-06
2.68807e-05
4.92471e-06
2.80442e-05
4.4977e-06
2.88029e-05
3.92309e-06
2.92332e-05
3.27969e-06
2.94532e-05
2.64349e-06
2.95517e-05
2.07309e-06
2.95766e-05
1.59579e-06
2.9553e-05
1.22044e-06
2.94932e-05
9.34657e-07
2.9405e-05
7.22118e-07
2.92948e-05
5.62914e-07
2.91689e-05
4.41771e-07
2.90324e-05
3.47169e-07
2.88891e-05
2.7236e-07
2.87418e-05
2.12957e-07
2.85927e-05
1.6631e-07
2.84432e-05
1.31262e-07
2.82943e-05
1.06121e-07
2.81474e-05
8.82274e-08
2.80038e-05
7.45298e-08
2.78646e-05
6.51036e-08
2.77323e-05
5.81245e-08
2.7609e-05
5.07323e-08
2.74956e-05
4.25737e-08
2.73918e-05
3.39657e-08
2.72965e-05
3.1951e-08
2.72119e-05
3.14798e-08
2.71423e-05
3.03556e-08
2.70883e-05
2.73669e-08
2.70478e-05
1.91417e-08
2.70208e-05
9.33847e-09
1.58572e-09
2.68494e-05
3.95268e-08
2.67373e-05
7.41434e-08
2.66207e-05
8.73307e-08
2.64858e-05
1.33769e-07
2.63325e-05
2.67826e-07
2.6164e-05
5.41426e-07
2.59795e-05
9.71144e-07
2.57924e-05
1.52849e-06
2.56457e-05
2.14248e-06
2.56024e-05
2.73965e-06
2.57391e-05
3.26632e-06
2.61173e-05
3.70672e-06
2.67511e-05
4.05787e-06
2.77326e-05
4.34297e-06
2.89929e-05
4.53519e-06
3.04301e-05
4.63769e-06
3.18981e-05
4.62478e-06
3.32661e-05
4.4848e-06
3.43908e-05
4.20257e-06
3.52518e-05
3.79016e-06
3.58683e-05
3.28728e-06
3.62913e-05
2.73606e-06
3.65669e-05
2.19545e-06
3.67326e-05
1.71117e-06
3.68132e-05
1.30875e-06
3.68279e-05
9.95237e-07
3.679e-05
7.60323e-07
3.67106e-05
5.88899e-07
3.65986e-05
4.62386e-07
3.64634e-05
3.65382e-07
3.63123e-05
2.88149e-07
3.61505e-05
2.26042e-07
3.59819e-05
1.7611e-07
3.58096e-05
1.36658e-07
3.56349e-05
1.08036e-07
3.54585e-05
8.93427e-08
3.52826e-05
7.66309e-08
3.51093e-05
6.67087e-08
3.4941e-05
5.97677e-08
3.47806e-05
5.31656e-08
3.46298e-05
4.5514e-08
3.44895e-05
3.74063e-08
3.43598e-05
2.99771e-08
3.42415e-05
2.95806e-08
3.41373e-05
2.93979e-08
3.40511e-05
2.61221e-08
3.39848e-05
2.05189e-08
3.39388e-05
1.10263e-08
3.39106e-05
3.78154e-09
2.14411e-10
3.36448e-05
2.43248e-08
3.35061e-05
4.03745e-08
3.33805e-05
4.528e-08
3.32655e-05
8.89416e-08
3.31705e-05
2.15194e-07
3.31153e-05
4.67339e-07
3.31298e-05
8.5604e-07
3.3244e-05
1.35801e-06
3.34814e-05
1.91219e-06
3.38683e-05
2.44078e-06
3.44308e-05
2.88236e-06
3.51801e-05
3.21332e-06
3.61144e-05
3.42802e-06
3.72377e-05
3.55704e-06
3.84792e-05
3.61087e-06
3.97553e-05
3.60552e-06
4.09857e-05
3.53391e-06
4.21166e-05
3.37933e-06
4.31131e-05
3.12881e-06
4.39604e-05
2.78789e-06
4.4657e-05
2.38455e-06
4.5199e-05
1.95813e-06
4.55914e-05
1.55136e-06
4.58477e-05
1.19541e-06
4.59865e-05
9.06444e-07
4.60309e-05
6.85354e-07
4.60023e-05
5.22509e-07
4.59179e-05
4.06559e-07
4.57914e-05
3.22589e-07
4.56355e-05
2.56188e-07
4.54598e-05
2.00554e-07
4.52702e-05
1.54963e-07
4.50708e-05
1.18196e-07
4.48654e-05
8.90315e-08
4.46553e-05
7.02095e-08
4.44416e-05
6.1118e-08
4.42277e-05
5.56813e-08
4.40161e-05
5.14603e-08
4.38102e-05
4.81093e-08
4.3613e-05
4.31408e-08
4.34265e-05
3.66476e-08
4.32521e-05
2.95366e-08
4.30905e-05
2.40838e-08
4.29452e-05
2.3648e-08
4.28179e-05
2.35603e-08
4.27097e-05
2.09906e-08
4.26259e-05
1.2736e-08
4.25676e-05
1.44656e-09
4.25328e-05
-3.63616e-09
-2.51787e-09
4.21761e-05
8.74305e-09
4.19926e-05
1.03508e-09
4.18379e-05
-2.29053e-08
4.17108e-05
-5.35854e-09
4.16324e-05
7.53898e-08
4.16147e-05
2.71921e-07
4.16788e-05
5.86119e-07
4.19234e-05
9.18295e-07
4.24168e-05
1.23751e-06
4.31653e-05
1.52665e-06
4.41258e-05
1.77106e-06
4.52397e-05
1.95608e-06
4.64548e-05
2.07077e-06
4.7735e-05
2.12758e-06
4.90333e-05
2.14541e-06
5.03206e-05
2.12429e-06
5.15741e-05
2.05602e-06
5.27717e-05
1.92741e-06
5.38845e-05
1.73626e-06
5.48816e-05
1.49183e-06
5.57328e-05
1.22116e-06
5.64145e-05
9.55958e-07
5.69184e-05
7.21482e-07
5.72525e-05
5.31947e-07
5.74383e-05
3.88766e-07
5.75051e-05
2.85032e-07
5.74808e-05
2.12403e-07
5.7388e-05
1.64879e-07
5.72427e-05
1.34111e-07
5.7057e-05
1.09524e-07
5.68417e-05
8.5882e-08
5.66065e-05
6.34713e-08
5.63602e-05
4.20552e-08
5.61094e-05
2.27577e-08
5.58577e-05
1.11963e-08
5.56068e-05
8.80946e-09
5.53564e-05
1.15892e-08
5.51074e-05
1.6171e-08
5.48629e-05
1.98477e-08
5.46257e-05
2.06452e-08
5.43994e-05
1.80854e-08
5.4187e-05
1.34523e-08
5.39912e-05
9.91648e-09
5.38159e-05
9.48325e-09
5.36629e-05
9.61599e-09
5.35345e-05
7.34615e-09
5.34342e-05
-1.85774e-09
5.33623e-05
-1.17264e-08
5.33184e-05
-1.26861e-08
-6.09518e-09
5.2887e-05
5.26043e-05
5.22927e-05
5.19937e-05
5.17707e-05
5.17394e-05
5.20176e-05
5.26231e-05
5.3543e-05
5.47471e-05
5.61902e-05
5.78123e-05
5.95424e-05
6.13215e-05
6.311e-05
6.48685e-05
6.655e-05
6.80946e-05
6.94407e-05
7.05358e-05
7.13548e-05
7.19038e-05
7.22144e-05
7.23322e-05
7.23043e-05
7.21708e-05
7.19637e-05
7.1709e-05
7.14244e-05
7.11171e-05
7.07892e-05
7.04431e-05
7.00809e-05
6.9706e-05
6.93276e-05
6.89562e-05
6.85986e-05
6.82583e-05
6.79361e-05
6.76311e-05
6.7342e-05
6.7069e-05
6.68156e-05
6.65874e-05
6.63877e-05
6.6217e-05
6.60711e-05
6.59526e-05
6.58736e-05
)
;

boundaryField
{
    AXIS
    {
        type            empty;
        value           nonuniform 0();
    }
    OUTLET
    {
        type            calculated;
        value           nonuniform List<scalar> 
25
(
1.27762e-07
3.75727e-07
6.22931e-07
8.72816e-07
1.12491e-06
1.37896e-06
1.63517e-06
1.89388e-06
2.15526e-06
2.41862e-06
2.84344e-06
3.54034e-06
4.41752e-06
5.52369e-06
6.91787e-06
8.67372e-06
1.08837e-05
1.3661e-05
1.71474e-05
2.15216e-05
2.70109e-05
3.39004e-05
4.2521e-05
5.33038e-05
6.58446e-05
)
;
    }
    COFLOW
    {
        type            calculated;
        value           nonuniform List<scalar> 
15
(
-2.36367e-06
-2.93414e-06
-3.64708e-06
-4.53879e-06
-5.6548e-06
-7.05233e-06
-8.80329e-06
-1.09981e-05
-1.37504e-05
-1.72031e-05
-2.1536e-05
-2.6975e-05
-3.38044e-05
-4.23816e-05
-5.31565e-05
)
;
    }
    PILOT
    {
        type            calculated;
        value           nonuniform List<scalar> 5(-6.03249e-07 -7.12946e-07 -8.22702e-07 -9.32423e-07 -1.04214e-06);
    }
    FUEL
    {
        type            calculated;
        value           nonuniform List<scalar> 5(-1.05024e-06 -3.15062e-06 -5.25168e-06 -7.35497e-06 -9.45851e-06);
    }
    WALL
    {
        type            calculated;
        value           uniform 0;
    }
    front
    {
        type            wedge;
        value           nonuniform List<scalar> 
1250
(
1.30066e-20
3.56345e-20
5.35148e-20
6.97125e-20
9.51853e-20
6.69489e-20
1.95032e-19
3.73462e-19
7.13874e-19
1.47994e-18
1.16973e-19
3.35067e-19
6.07153e-19
1.05474e-18
1.46105e-18
2.19461e-19
6.27996e-19
1.2102e-18
2.07862e-18
1.35886e-18
1.885e-19
3.94969e-19
6.68493e-19
6.98696e-19
9.88011e-19
1.69665e-20
-1.83087e-20
-4.73324e-19
-1.48017e-18
-2.64044e-19
-1.04043e-19
-2.49036e-19
-5.92846e-19
-1.01664e-18
-5.75777e-19
-9.81494e-20
-2.80807e-19
-4.88714e-19
-6.5163e-19
-6.07336e-19
-1.75331e-19
-3.67147e-19
-6.55599e-19
-8.96195e-19
-1.00912e-18
-2.41677e-20
-4.20882e-20
4.07049e-20
3.29122e-19
7.83235e-19
-1.74464e-19
-4.05067e-19
-1.0344e-18
-2.62429e-18
-5.94653e-18
-2.76076e-19
-8.0958e-19
-1.61779e-18
-2.9079e-18
-4.69855e-18
-3.21256e-19
-9.30772e-19
-1.66554e-18
-2.56123e-18
-3.46672e-18
-3.36179e-19
-7.03808e-19
-1.28014e-18
-1.86845e-18
-2.46802e-18
-5.43266e-19
-1.59028e-18
-3.06611e-18
-4.62076e-18
-3.78507e-18
-3.32975e-19
-9.49643e-19
-1.57039e-18
-2.08828e-18
-2.09043e-18
1.08538e-19
3.51768e-19
8.4651e-19
1.34173e-18
5.56911e-19
5.51258e-20
1.61684e-19
2.95184e-19
3.83319e-19
1.94032e-19
-4.46357e-19
-1.11675e-18
-1.35215e-18
-1.377e-18
-1.43858e-18
-7.12429e-18
-1.20734e-17
-1.08129e-17
-8.25325e-18
-7.6664e-18
-1.24465e-18
-2.8768e-18
-2.33331e-18
-9.36676e-19
-2.79083e-18
-5.52111e-19
-1.48194e-18
-2.05215e-18
-2.38924e-18
-3.07492e-18
-1.38995e-18
-3.59635e-18
-6.37274e-18
-8.56459e-18
-1.54452e-18
-2.04791e-18
-5.86828e-18
-1.01508e-17
-1.50946e-17
-1.94009e-17
-5.17746e-18
-1.49771e-17
-2.67954e-17
-4.14902e-17
-3.06972e-17
-3.87171e-18
-1.08751e-17
-1.72574e-17
-2.17313e-17
-2.16075e-17
-2.16412e-18
-6.02421e-18
-9.24614e-18
-1.12081e-17
-1.14735e-17
-7.75799e-19
-2.11737e-18
-2.97477e-18
-2.94869e-18
-1.74355e-18
5.67492e-20
2.05494e-19
6.27192e-19
1.50722e-18
2.93715e-18
5.79824e-19
1.65252e-18
2.79384e-18
3.95802e-18
5.00444e-18
-3.25022e-18
-9.50443e-18
-1.74092e-17
-2.5716e-17
-1.47781e-17
-4.03175e-18
-1.14738e-17
-1.92226e-17
-2.70514e-17
-3.42646e-17
-1.2785e-18
-3.4346e-18
-4.37582e-18
-3.82091e-18
-2.62454e-17
-1.04166e-18
-2.95271e-18
-4.91274e-18
-7.18495e-18
-1.06081e-17
-4.55346e-18
-1.31475e-17
-2.33856e-17
-3.56407e-17
-2.58595e-17
-5.66119e-18
-1.57675e-17
-2.5162e-17
-3.32003e-17
-3.79109e-17
4.8869e-17
7.7542e-17
7.78601e-17
5.97836e-17
5.90838e-17
8.85564e-18
2.16355e-17
2.54741e-17
2.06296e-17
3.24747e-17
-1.37043e-16
-1.7131e-16
-2.0606e-16
-2.02815e-16
-1.85169e-16
-3.07905e-17
-5.8586e-17
-9.00263e-17
-1.05476e-16
-1.08943e-16
-1.10647e-17
-2.67908e-17
-4.28814e-17
-5.38739e-17
-5.93916e-17
-5.03447e-18
-1.17187e-17
-1.9254e-17
-2.48616e-17
-2.82513e-17
-4.92436e-18
-9.88769e-18
-1.51467e-17
-1.75991e-17
-1.8535e-17
1.23302e-16
1.30647e-16
1.28594e-16
7.35583e-17
4.3952e-17
2.37431e-17
5.38919e-17
8.34447e-17
1.0425e-16
7.61021e-17
9.97327e-18
2.21564e-17
3.46757e-17
4.11104e-17
4.01246e-17
-2.07122e-18
-6.35685e-18
-1.31253e-17
-2.11111e-17
1.84892e-17
-2.50099e-18
-6.80329e-18
-1.04665e-17
-1.28375e-17
-1.232e-17
1.5539e-17
4.05889e-17
6.07794e-17
9.17978e-17
1.24007e-16
-9.16733e-17
-1.67326e-16
-1.49645e-16
-8.9451e-17
-2.97321e-17
1.84863e-19
5.76512e-19
1.21683e-18
1.06073e-18
1.71518e-19
2.32554e-18
1.85292e-18
1.4838e-18
9.71433e-19
4.34854e-19
1.79358e-18
1.63303e-18
1.35237e-18
9.83782e-19
5.81652e-19
1.62481e-18
2.09204e-18
2.75193e-18
1.76236e-18
1.00067e-18
1.23057e-18
1.0907e-18
2.57838e-19
-4.37402e-19
1.50413e-19
2.14663e-19
-2.82926e-19
-1.61111e-18
-2.08021e-18
-7.62491e-19
-4.49272e-19
-8.85288e-19
-1.8128e-18
-2.52522e-18
-1.43184e-18
-7.04785e-19
-1.00641e-18
-1.48898e-18
-1.84117e-18
-1.72271e-18
-9.56332e-19
-1.01505e-18
-1.36888e-18
-1.65782e-18
-1.93234e-18
6.04417e-19
-2.0936e-19
-6.39871e-19
-1.03973e-18
-1.48712e-18
-6.71871e-18
-5.58685e-18
-4.08215e-18
-4.24542e-18
-3.11653e-18
-5.44361e-18
-5.36221e-18
-5.27024e-18
-5.83338e-18
-4.23712e-18
-4.0485e-18
-4.31223e-18
-4.18491e-18
-3.92576e-18
-3.34758e-18
-2.94144e-18
-3.16046e-18
-3.13469e-18
-2.98791e-18
-2.77419e-18
-3.34148e-18
-3.54684e-18
-3.91992e-18
-3.30073e-18
-2.76431e-18
-2.00485e-18
-1.84751e-18
-1.47722e-18
-8.31127e-19
-1.12079e-18
1.00863e-19
2.34896e-19
6.44383e-19
1.32597e-19
-4.9867e-19
2.86271e-20
-4.53537e-20
-9.72557e-20
-3.4671e-19
-6.54697e-19
-1.54496e-18
-1.56542e-18
-1.523e-18
-1.51944e-18
-1.49421e-18
-8.45576e-18
-7.89189e-18
-6.4543e-18
-5.77775e-18
-4.45437e-18
-4.11501e-18
-4.06777e-18
-3.28273e-18
-4.56081e-18
-5.68862e-18
-3.8159e-18
-4.36393e-18
-4.81363e-18
-5.53988e-18
-6.46897e-18
-3.23388e-18
-5.62123e-18
-6.86579e-18
-2.68603e-18
-3.83496e-18
-1.32529e-17
-9.41027e-18
-7.23515e-18
-5.29343e-18
-5.06232e-18
-2.42172e-17
-2.23928e-17
-2.46509e-17
-1.63207e-17
-1.17275e-17
-2.03006e-17
-1.90598e-17
-1.78021e-17
-1.51428e-17
-1.26776e-17
-1.02607e-17
-7.65642e-18
-3.36255e-18
2.27761e-18
-5.20467e-19
8.21248e-19
4.90173e-18
1.06687e-17
1.77506e-17
1.4996e-17
4.87484e-18
7.1005e-18
9.13522e-18
1.00965e-17
8.50705e-18
6.04185e-18
6.96249e-18
7.47565e-18
7.2115e-18
6.06352e-18
-8.24405e-18
-6.44126e-18
-7.9471e-18
3.80333e-20
5.73042e-18
-4.39726e-17
-3.93044e-17
-2.52597e-17
-1.48287e-17
-8.33533e-18
-2.27665e-17
-1.55777e-17
-5.76329e-18
-7.2526e-18
-8.10394e-18
-1.14649e-17
-1.09184e-17
-1.02965e-17
-1.14447e-17
-1.36376e-17
-2.14794e-17
-2.07433e-17
-2.23116e-17
-1.23868e-17
-3.87458e-18
-2.48981e-17
-1.24311e-17
-3.87056e-19
7.70416e-19
3.26028e-18
5.70324e-17
4.85425e-17
3.44911e-17
2.60781e-17
1.19764e-17
3.55264e-17
3.1642e-17
2.34371e-17
2.50368e-17
2.52667e-17
-1.59613e-16
-1.34277e-16
-1.04207e-16
-6.7872e-17
-4.76544e-17
-1.03833e-16
-9.29361e-17
-7.83442e-17
-6.22335e-17
-4.74821e-17
-6.01159e-17
-5.71756e-17
-5.17695e-17
-4.51008e-17
-3.82412e-17
-2.94462e-17
-2.87103e-17
-2.64377e-17
-2.30575e-17
-1.89598e-17
-1.85959e-17
-1.80565e-17
-1.7035e-17
-1.55525e-17
-1.35858e-17
2.97404e-17
2.46484e-17
2.58945e-17
3.1034e-17
1.70112e-17
5.67064e-17
4.50556e-17
3.84618e-17
3.49097e-17
3.25898e-17
3.69415e-17
3.31577e-17
2.92196e-17
2.48666e-17
2.0157e-17
8.33071e-18
-4.71584e-18
-1.8509e-17
-8.71478e-18
-1.99306e-18
-1.34128e-17
-1.41531e-17
-1.30316e-17
-8.96896e-18
-3.62573e-18
1.2563e-16
1.05524e-16
6.81982e-17
4.51689e-17
3.23121e-17
4.16201e-18
1.74153e-17
1.87459e-17
1.49143e-17
9.02651e-18
2.34664e-20
-1.20575e-19
-2.85256e-19
-1.85402e-19
-1.30813e-19
-1.78063e-19
-3.49475e-19
-3.17185e-19
2.94907e-19
-2.12017e-18
-9.99534e-19
-5.38266e-20
1.94068e-19
-1.40015e-18
5.1969e-19
-3.23663e-20
-6.09323e-19
-1.65634e-18
-7.93455e-19
-4.93743e-19
-7.75848e-19
-1.89358e-18
-1.90559e-18
2.43742e-18
-4.837e-18
-3.58913e-18
1.0112e-20
1.14858e-18
1.94819e-18
2.01601e-17
1.45712e-19
-3.79548e-19
-8.38176e-19
-5.18801e-19
-5.15106e-19
-1.72706e-18
-7.22237e-18
-9.24609e-18
-1.90129e-19
-3.10984e-18
-5.57856e-19
1.00948e-18
2.93149e-18
8.43619e-18
-1.05201e-17
5.55625e-19
4.07266e-19
7.11372e-19
1.63911e-18
1.26586e-18
3.98752e-19
-2.78695e-18
-3.19187e-18
2.23627e-20
-3.19336e-19
7.51493e-18
2.93174e-18
5.49267e-18
2.29606e-17
-9.32315e-18
7.09443e-19
1.86095e-18
4.73654e-18
1.17386e-17
6.51193e-18
7.24907e-18
3.5368e-18
8.73277e-18
3.00504e-18
2.51577e-18
9.53717e-18
4.92775e-18
7.95953e-18
3.13072e-17
-2.83375e-17
5.45229e-19
2.61079e-18
6.70001e-18
7.17805e-18
6.7075e-18
9.53758e-18
5.7763e-18
6.58489e-18
4.33557e-18
5.56723e-18
1.9195e-17
7.61439e-18
9.16013e-18
2.37284e-17
-5.93173e-17
-3.44336e-19
7.36184e-19
1.76634e-18
9.27959e-19
3.8819e-18
5.78337e-18
5.13518e-18
5.24427e-18
4.70453e-18
6.7341e-18
1.98822e-17
9.2403e-18
9.4244e-18
1.80542e-17
-5.2668e-17
-1.99899e-18
-3.471e-18
-3.48491e-18
-1.75056e-19
4.37446e-18
4.30746e-18
4.20778e-18
4.34362e-18
4.36871e-18
5.23794e-18
5.31674e-18
7.77763e-18
8.87817e-18
1.46319e-17
-4.21042e-17
-2.68554e-18
-4.32024e-18
-3.11923e-18
-9.10071e-19
1.58059e-18
2.78431e-18
3.34782e-18
3.70562e-18
3.93296e-18
3.77011e-18
4.15936e-18
6.17168e-18
8.18045e-18
1.58745e-17
-2.9306e-17
-2.00331e-18
-2.55951e-18
-2.11169e-18
-8.88736e-19
8.34163e-19
2.62156e-18
3.15389e-18
3.52545e-18
4.07893e-18
1.33549e-18
2.17405e-18
4.32484e-18
8.3885e-18
4.13342e-17
-1.52306e-17
-2.53271e-18
-2.23389e-18
-1.61466e-18
-3.64495e-19
1.60774e-18
5.67931e-18
4.06766e-18
3.94157e-18
6.84113e-18
-5.082e-18
-1.14292e-18
1.62214e-18
5.51628e-18
6.29931e-17
-2.85573e-18
-3.11912e-18
-2.32308e-18
-1.17874e-18
1.12938e-18
1.65627e-18
3.07356e-18
2.98285e-18
2.8341e-18
2.37218e-18
-8.34419e-18
-4.12506e-18
-3.0495e-18
-2.08812e-17
7.46674e-17
6.26563e-18
-2.88331e-18
-2.60802e-18
-2.33414e-18
1.52349e-19
8.64365e-19
1.52356e-18
1.69507e-18
1.5622e-18
4.96388e-19
-5.07089e-18
-5.29455e-18
-7.60089e-18
-4.06758e-17
5.22183e-17
7.12949e-18
-2.63659e-18
-2.55749e-18
-2.34856e-18
-1.43646e-18
-4.67074e-19
4.52178e-19
1.58204e-19
1.47628e-19
-6.4788e-19
-3.92003e-18
-6.35906e-18
-1.01337e-17
-3.33414e-17
3.37223e-17
-1.64811e-17
-2.64179e-18
-2.89042e-18
-3.66011e-18
-3.30527e-18
-1.42922e-18
1.08622e-18
-2.6913e-18
-1.75462e-18
-1.74067e-18
-4.20561e-18
-1.01642e-17
-1.41451e-17
-5.10521e-17
4.62821e-17
1.48206e-17
-1.43946e-18
-1.58093e-18
-1.29757e-18
-2.02182e-18
-1.97145e-18
-1.69526e-18
-2.71483e-18
-2.31486e-18
-2.06671e-18
-4.86818e-18
-2.87957e-17
-2.05136e-17
-4.14563e-17
-1.72909e-18
1.20763e-17
-1.06224e-18
-1.80295e-18
-2.79086e-18
-3.00964e-18
-3.71521e-18
-6.54278e-18
-4.38727e-18
-2.62974e-18
-2.49051e-19
2.63626e-18
-1.92637e-17
-2.05475e-17
-3.05428e-17
2.55981e-17
1.18511e-17
-1.03145e-18
-1.55551e-18
-2.18357e-18
-2.63895e-18
-3.23392e-18
-4.18991e-18
-3.43711e-18
-1.32909e-18
5.8186e-18
3.27906e-18
-1.23373e-17
-1.74011e-17
-2.16769e-17
1.80036e-17
1.1052e-17
-1.56512e-18
-1.74128e-18
-1.8917e-18
-1.91357e-18
-1.94231e-18
-1.66046e-18
-1.19126e-18
-8.15978e-19
3.78332e-18
3.74264e-18
-7.23796e-18
-1.31872e-17
-1.4922e-17
1.55017e-17
9.58482e-18
-3.57425e-18
-2.90754e-18
-1.84996e-18
4.00846e-19
1.63982e-18
6.70763e-18
8.14999e-18
-4.79929e-18
1.17171e-18
3.26264e-18
-4.29155e-18
-1.29494e-17
-4.52308e-17
-2.81597e-17
5.08237e-18
-7.20769e-18
-7.1653e-18
-7.49075e-18
-4.84573e-18
-3.33146e-18
-5.11192e-18
1.09432e-18
-1.529e-18
1.2111e-18
2.60341e-18
-2.83877e-18
-1.21804e-17
-3.88036e-17
-6.25133e-17
1.11654e-18
-7.88043e-18
-9.91279e-18
-1.29746e-17
-9.72619e-18
-6.73104e-18
-4.84742e-18
-1.07365e-19
3.26147e-18
1.94882e-17
7.23447e-18
-8.50576e-19
-1.09595e-17
-3.36262e-17
-5.89403e-17
2.79378e-17
-5.0848e-18
-5.53829e-18
-3.80898e-18
-6.75105e-18
-1.05763e-17
-2.0831e-17
-7.34941e-18
3.73355e-18
2.12933e-17
5.08321e-17
4.60664e-17
1.13769e-18
-2.19351e-17
-9.45539e-18
2.80648e-17
-5.9759e-18
-8.21643e-18
-1.31777e-17
-2.74423e-17
-1.98414e-17
-1.74759e-17
-8.12649e-18
3.74261e-18
2.03547e-17
4.11494e-17
3.98689e-17
9.06512e-18
-8.63169e-18
3.33561e-18
5.76512e-17
-1.03571e-17
-1.15188e-17
-1.50985e-17
-2.15875e-17
-2.55217e-17
-3.57383e-17
-1.80469e-17
-5.84816e-18
-4.8964e-18
2.46548e-17
2.98649e-17
6.7885e-18
-3.72854e-17
5.655e-18
5.15597e-17
-1.15594e-17
-1.21336e-17
-1.40536e-17
-1.73847e-17
-2.12058e-17
-2.44711e-17
-1.6824e-17
-5.98015e-18
7.18785e-18
5.43152e-17
3.03375e-17
5.95012e-18
-2.54225e-17
4.30653e-18
4.24264e-17
-1.31183e-17
-1.65713e-17
-2.29172e-17
-3.62589e-17
-2.85644e-17
-2.47502e-17
-2.21435e-17
-2.76743e-17
1.55746e-18
3.36757e-17
2.44034e-17
5.78135e-18
-1.18476e-17
1.21659e-17
3.23065e-17
4.39171e-18
-4.5589e-18
-1.29914e-17
-2.0672e-17
-2.20665e-17
-2.12388e-17
-1.98863e-17
-1.81936e-17
-1.25539e-18
1.8673e-17
1.538e-17
-3.70529e-18
-5.65742e-17
-4.14162e-17
2.37299e-17
4.88595e-18
8.42279e-20
-5.59613e-18
-1.09772e-17
-1.41943e-17
-1.53109e-17
-1.48396e-17
-1.21396e-17
-2.14123e-18
9.56972e-18
8.98036e-18
-9.20863e-19
1.02416e-18
-2.83484e-17
8.25925e-17
4.4365e-18
2.03047e-18
-1.67008e-18
-5.82326e-18
-8.83662e-18
-1.05868e-17
-1.13202e-17
-1.07369e-17
-5.94176e-18
2.1657e-18
2.61314e-18
-7.92844e-18
-4.5018e-17
-2.5531e-17
7.31111e-17
-2.16279e-18
-1.19513e-17
-6.71817e-19
1.57125e-17
6.00909e-18
1.66826e-18
6.67223e-18
2.87027e-17
4.83992e-17
1.60692e-17
4.67445e-18
-1.38484e-18
1.2873e-17
-6.33672e-18
1.33664e-16
-5.47143e-18
-3.20887e-18
3.11653e-18
1.17944e-17
1.90118e-17
3.58513e-17
2.60277e-17
3.21013e-17
3.76062e-17
2.01697e-17
7.91679e-18
3.77687e-18
1.3608e-17
1.27557e-17
1.88689e-16
-9.42785e-18
-1.26434e-17
-1.88114e-17
-3.19643e-18
1.02104e-17
2.17187e-17
2.49731e-17
2.9034e-17
3.11966e-17
2.33649e-17
1.1868e-17
7.63972e-18
1.51748e-17
2.90453e-17
2.28097e-16
-1.77264e-17
-2.5e-17
-3.52049e-17
-1.8743e-17
-2.56079e-18
9.46006e-18
1.55833e-17
1.66417e-17
7.56689e-18
-3.16932e-17
-8.05912e-18
2.80946e-18
1.38497e-17
3.36233e-17
1.82965e-16
5.20591e-18
7.77912e-18
-9.22439e-18
-2.06356e-17
-3.19187e-17
-1.44359e-17
-2.43552e-18
1.55767e-18
-2.98826e-18
-6.93352e-18
3.94901e-17
1.10766e-17
6.18996e-18
2.66848e-17
1.32096e-16
6.8461e-18
1.05853e-17
1.36503e-17
2.33134e-17
1.18668e-17
2.25198e-17
1.22799e-17
1.31684e-17
3.14109e-17
-3.94605e-17
4.41815e-18
8.35034e-18
4.98404e-17
2.38035e-17
8.21973e-17
-4.76488e-19
-1.56557e-17
-1.19567e-17
-1.10199e-17
1.89757e-17
2.16286e-17
2.13591e-17
2.34808e-17
3.64342e-17
5.60459e-17
8.16922e-17
7.96403e-17
5.44728e-17
3.02322e-17
-3.14606e-17
2.80359e-17
3.84443e-17
6.49247e-17
8.95816e-17
7.62803e-17
3.23265e-17
-1.92846e-17
7.44461e-18
2.79691e-17
4.66673e-17
5.63281e-17
1.59018e-17
2.41854e-17
-6.80776e-17
-5.66674e-17
-2.12418e-17
2.21476e-19
1.78573e-17
2.35579e-17
2.15126e-18
-1.76148e-17
-1.53014e-17
-1.00043e-18
1.55402e-17
2.96995e-17
3.2856e-17
7.36164e-18
-1.42472e-17
-1.75652e-16
-1.51845e-16
-3.5785e-17
-2.73814e-17
-2.36787e-17
-3.14498e-17
-2.30115e-17
-2.19129e-17
-2.01343e-17
-9.75034e-18
3.82007e-18
1.46155e-17
1.60968e-17
-1.1919e-18
-4.73474e-17
-1.46788e-16
-1.34291e-16
-3.36645e-17
-3.13452e-17
-3.0278e-17
-3.11409e-17
-2.96374e-17
-2.69226e-17
2.40698e-17
4.84995e-18
-2.22229e-18
4.44352e-19
-4.36618e-18
-3.93739e-17
6.04208e-17
-8.50236e-17
-9.85404e-17
-1.50113e-17
-9.93075e-18
-8.62493e-19
1.52027e-17
4.94963e-18
3.86575e-18
1.93074e-17
2.92046e-17
5.90658e-17
2.07524e-17
-6.13117e-19
-1.72184e-17
2.67744e-17
-2.29616e-17
-6.05208e-17
-1.23105e-17
-1.20606e-17
-1.32608e-17
-1.82373e-17
-6.25777e-18
3.95151e-18
1.45535e-17
2.18329e-17
2.60863e-17
8.36756e-18
2.69474e-19
8.84133e-18
9.88815e-17
-9.56986e-17
-4.43517e-17
7.07507e-18
-6.11743e-19
-6.80625e-18
-1.15976e-17
-1.29365e-17
-1.02889e-17
2.75962e-19
2.64113e-17
8.76982e-17
9.60338e-17
4.08862e-17
4.61492e-17
1.55521e-16
-7.78633e-17
-1.25561e-16
3.48887e-17
4.39997e-17
3.17164e-17
2.50502e-17
6.82338e-17
1.12956e-16
1.34915e-16
1.3382e-16
8.66626e-17
1.85242e-17
3.06807e-17
5.77811e-17
1.47837e-16
1.71434e-16
-1.70831e-16
1.59505e-17
1.05903e-17
9.04126e-21
1.76957e-17
4.29712e-17
6.76027e-17
8.11022e-17
7.21556e-17
2.1885e-17
6.23531e-17
3.39492e-17
3.52237e-17
2.85399e-17
2.47292e-16
-1.03758e-16
2.87584e-18
8.51523e-18
1.82555e-17
3.94804e-17
3.93665e-17
4.40751e-17
4.66476e-17
3.95532e-17
2.19694e-17
2.87612e-17
1.37406e-17
-1.24257e-17
-1.02043e-16
1.31216e-16
-5.72547e-17
2.66446e-18
1.17475e-17
2.58547e-17
4.78094e-17
3.87108e-17
3.22944e-17
2.73267e-17
2.06701e-17
1.23174e-17
1.00471e-17
-7.9305e-19
-2.2145e-17
-6.27152e-17
5.24229e-17
-2.88891e-17
2.71171e-17
2.71372e-17
3.01664e-17
3.45073e-17
3.39457e-17
2.84616e-17
1.83918e-17
1.17425e-17
7.93691e-18
7.98989e-18
3.62235e-18
-3.56858e-17
-6.5193e-17
1.81212e-17
-1.73213e-17
2.17862e-18
-7.94979e-18
-2.56451e-17
-5.78411e-17
-8.33292e-17
-6.29696e-17
1.77521e-17
8.81207e-18
-2.35013e-18
-2.35211e-17
-8.11121e-17
9.76162e-17
1.35694e-16
1.17129e-16
-9.84399e-17
)
;
    }
    back
    {
        type            wedge;
        value           nonuniform List<scalar> 
1250
(
-1.29909e-20
-3.56058e-20
-5.3501e-20
-6.98353e-20
-9.53424e-20
-6.69601e-20
-1.95085e-19
-3.73526e-19
-7.14193e-19
-1.48026e-18
-1.17003e-19
-3.35165e-19
-6.0727e-19
-1.05512e-18
-1.46133e-18
-2.19498e-19
-6.28105e-19
-1.21033e-18
-2.07894e-18
-1.35915e-18
-1.8853e-19
-3.95101e-19
-6.68586e-19
-6.99034e-19
-9.88189e-19
-1.7008e-20
1.82074e-20
4.73228e-19
1.47988e-18
2.63807e-19
1.04025e-19
2.4894e-19
5.9281e-19
1.01635e-18
5.75623e-19
9.81102e-20
2.80712e-19
4.88632e-19
6.51353e-19
6.07124e-19
1.7531e-19
3.67072e-19
6.55548e-19
8.95944e-19
1.009e-18
2.41283e-20
4.19955e-20
-4.0741e-20
-3.29379e-19
-7.83417e-19
1.74435e-19
4.04972e-19
1.03434e-18
2.62403e-18
5.94633e-18
2.7605e-19
8.09497e-19
1.61773e-18
2.90761e-18
4.69836e-18
3.21221e-19
9.30658e-19
1.66546e-18
2.56093e-18
3.46652e-18
3.36156e-19
7.03712e-19
1.28006e-18
1.86818e-18
2.46782e-18
5.4324e-19
1.5902e-18
3.06605e-18
4.62055e-18
3.78492e-18
3.32952e-19
9.49591e-19
1.57033e-18
2.08809e-18
2.09032e-18
-1.08556e-19
-3.51803e-19
-8.46532e-19
-1.34189e-18
-5.57008e-19
-5.51367e-20
-1.61723e-19
-2.95225e-19
-3.8345e-19
-1.94135e-19
4.46345e-19
1.11672e-18
1.35212e-18
1.37689e-18
1.43852e-18
7.12428e-18
1.20733e-17
1.08129e-17
8.25316e-18
7.66633e-18
1.24465e-18
2.87677e-18
2.33329e-18
9.36583e-19
2.79076e-18
5.52104e-19
1.48193e-18
2.05213e-18
2.38916e-18
3.07487e-18
1.38994e-18
3.59633e-18
6.37273e-18
8.56454e-18
1.54449e-18
2.04791e-18
5.86826e-18
1.01508e-17
1.50945e-17
1.94008e-17
5.17745e-18
1.49771e-17
2.67954e-17
4.14902e-17
3.06971e-17
3.87171e-18
1.08751e-17
1.72574e-17
2.17313e-17
2.16075e-17
2.16412e-18
6.0242e-18
9.24613e-18
1.12081e-17
1.14735e-17
7.75797e-19
2.11736e-18
2.97476e-18
2.94867e-18
1.74354e-18
-5.675e-20
-2.05499e-19
-6.27196e-19
-1.50724e-18
-2.93716e-18
-5.79824e-19
-1.65252e-18
-2.79384e-18
-3.95803e-18
-5.00445e-18
3.25022e-18
9.50443e-18
1.74092e-17
2.5716e-17
1.47781e-17
4.03175e-18
1.14738e-17
1.92226e-17
2.70514e-17
3.42646e-17
1.2785e-18
3.43459e-18
4.37582e-18
3.8209e-18
2.62454e-17
1.04166e-18
2.95271e-18
4.91274e-18
7.18494e-18
1.06081e-17
4.55346e-18
1.31475e-17
2.33856e-17
3.56407e-17
2.58595e-17
5.66119e-18
1.57675e-17
2.5162e-17
3.32003e-17
3.79109e-17
-4.8869e-17
-7.7542e-17
-7.78601e-17
-5.97836e-17
-5.90838e-17
-8.85564e-18
-2.16355e-17
-2.54741e-17
-2.06296e-17
-3.24747e-17
1.37043e-16
1.7131e-16
2.0606e-16
2.02815e-16
1.85169e-16
3.07905e-17
5.8586e-17
9.00263e-17
1.05476e-16
1.08943e-16
1.10647e-17
2.67908e-17
4.28814e-17
5.38739e-17
5.93916e-17
5.03447e-18
1.17187e-17
1.9254e-17
2.48616e-17
2.82513e-17
4.92436e-18
9.8877e-18
1.51467e-17
1.75991e-17
1.8535e-17
-1.23302e-16
-1.30647e-16
-1.28594e-16
-7.35583e-17
-4.3952e-17
-2.3743e-17
-5.38919e-17
-8.34447e-17
-1.0425e-16
-7.61021e-17
-9.97327e-18
-2.21564e-17
-3.46757e-17
-4.11104e-17
-4.01246e-17
2.07122e-18
6.35685e-18
1.31253e-17
2.11111e-17
-1.84892e-17
2.50099e-18
6.80329e-18
1.04665e-17
1.28375e-17
1.232e-17
-1.5539e-17
-4.05889e-17
-6.07794e-17
-9.17978e-17
-1.24007e-16
9.16733e-17
1.67326e-16
1.49645e-16
8.9451e-17
2.97321e-17
-1.84872e-19
-5.76465e-19
-1.21666e-18
-1.06063e-18
-1.71491e-19
-2.32563e-18
-1.85297e-18
-1.48369e-18
-9.71305e-19
-4.34791e-19
-1.7937e-18
-1.63321e-18
-1.35239e-18
-9.83703e-19
-5.81611e-19
-1.6249e-18
-2.09231e-18
-2.75208e-18
-1.76238e-18
-1.00064e-18
-1.23067e-18
-1.09098e-18
-2.58007e-19
4.37339e-19
-1.50422e-19
-2.1477e-19
2.82652e-19
1.6109e-18
2.0801e-18
7.62465e-19
4.49203e-19
8.85011e-19
1.8126e-18
2.52508e-18
1.43181e-18
7.04656e-19
1.00607e-18
1.48872e-18
1.841e-18
1.72262e-18
9.56319e-19
1.01483e-18
1.36865e-18
1.65763e-18
1.93228e-18
-6.0448e-19
2.09082e-19
6.39602e-19
1.03956e-18
1.48703e-18
6.71866e-18
5.58655e-18
4.08184e-18
4.24522e-18
3.11643e-18
5.44355e-18
5.36182e-18
5.26989e-18
5.83314e-18
4.23699e-18
4.04833e-18
4.31186e-18
4.18455e-18
3.92546e-18
3.34748e-18
2.94129e-18
3.16013e-18
3.13434e-18
2.98758e-18
2.77409e-18
3.34144e-18
3.54652e-18
3.91964e-18
3.30046e-18
2.76417e-18
2.00479e-18
1.84728e-18
1.47697e-18
8.30861e-19
1.12067e-18
-1.00913e-19
-2.35102e-19
-6.44658e-19
-1.32828e-19
4.98575e-19
-2.86806e-20
4.5157e-20
9.70305e-20
3.46533e-19
6.54591e-19
1.54492e-18
1.56526e-18
1.52281e-18
1.51926e-18
1.49412e-18
8.45572e-18
7.89174e-18
6.45415e-18
5.77758e-18
4.45434e-18
4.11498e-18
4.06764e-18
3.28255e-18
4.56068e-18
5.68854e-18
3.81587e-18
4.36378e-18
4.81347e-18
5.53976e-18
6.46893e-18
3.23386e-18
5.62113e-18
6.86566e-18
2.68588e-18
3.8349e-18
1.32528e-17
9.41016e-18
7.23505e-18
5.29333e-18
5.06224e-18
2.42172e-17
2.23928e-17
2.46508e-17
1.63207e-17
1.17275e-17
2.03005e-17
1.90598e-17
1.7802e-17
1.51427e-17
1.26776e-17
1.02607e-17
7.65638e-18
3.3625e-18
-2.27764e-18
5.20437e-19
-8.21252e-19
-4.90176e-18
-1.06688e-17
-1.77506e-17
-1.4996e-17
-4.87484e-18
-7.10052e-18
-9.13525e-18
-1.00966e-17
-8.50707e-18
-6.04186e-18
-6.96251e-18
-7.47567e-18
-7.21152e-18
-6.06353e-18
8.24405e-18
6.44125e-18
7.94709e-18
-3.80482e-20
-5.73044e-18
4.39726e-17
3.93043e-17
2.52597e-17
1.48287e-17
8.33532e-18
2.27665e-17
1.55776e-17
5.76328e-18
7.25259e-18
8.10393e-18
1.14649e-17
1.09184e-17
1.02965e-17
1.14447e-17
1.36376e-17
2.14794e-17
2.07433e-17
2.23116e-17
1.23868e-17
3.87457e-18
2.48981e-17
1.24311e-17
3.87054e-19
-7.70418e-19
-3.26028e-18
-5.70324e-17
-4.85425e-17
-3.44911e-17
-2.60781e-17
-1.19764e-17
-3.55264e-17
-3.1642e-17
-2.34371e-17
-2.50368e-17
-2.52667e-17
1.59613e-16
1.34277e-16
1.04207e-16
6.7872e-17
4.76544e-17
1.03833e-16
9.29361e-17
7.83442e-17
6.22335e-17
4.74821e-17
6.01159e-17
5.71756e-17
5.17695e-17
4.51008e-17
3.82412e-17
2.94462e-17
2.87103e-17
2.64377e-17
2.30575e-17
1.89598e-17
1.85959e-17
1.80565e-17
1.7035e-17
1.55525e-17
1.35858e-17
-2.97404e-17
-2.46484e-17
-2.58945e-17
-3.1034e-17
-1.70112e-17
-5.67064e-17
-4.50556e-17
-3.84618e-17
-3.49097e-17
-3.25898e-17
-3.69415e-17
-3.31577e-17
-2.92196e-17
-2.48666e-17
-2.0157e-17
-8.33071e-18
4.71584e-18
1.8509e-17
8.71478e-18
1.99306e-18
1.34128e-17
1.41531e-17
1.30316e-17
8.96896e-18
3.62573e-18
-1.2563e-16
-1.05524e-16
-6.81982e-17
-4.51689e-17
-3.23121e-17
-4.16201e-18
-1.74153e-17
-1.87459e-17
-1.49143e-17
-9.02651e-18
-2.34523e-20
1.20584e-19
2.85237e-19
1.85411e-19
1.30786e-19
1.78048e-19
3.49471e-19
3.17182e-19
-2.94913e-19
2.12017e-18
9.99525e-19
5.38224e-20
-1.9407e-19
1.40015e-18
-5.19688e-19
3.24627e-20
6.09404e-19
1.65641e-18
7.93445e-19
4.93729e-19
7.75837e-19
1.89358e-18
1.90558e-18
-2.43743e-18
4.83701e-18
3.58911e-18
-1.01232e-20
-1.14859e-18
-1.9482e-18
-2.016e-17
-1.45606e-19
3.79622e-19
8.38294e-19
5.18754e-19
5.15125e-19
1.72708e-18
7.22238e-18
9.24609e-18
1.90125e-19
3.10984e-18
5.57838e-19
-1.0095e-18
-2.9315e-18
-8.43619e-18
1.05201e-17
-5.55546e-19
-4.07218e-19
-7.1123e-19
-1.63918e-18
-1.26579e-18
-3.98664e-19
2.78697e-18
3.19189e-18
-2.23476e-20
3.19338e-19
-7.51495e-18
-2.93176e-18
-5.49269e-18
-2.29606e-17
9.32316e-18
-7.09413e-19
-1.8609e-18
-4.73642e-18
-1.17387e-17
-6.51184e-18
-7.24896e-18
-3.53676e-18
-8.73275e-18
-3.00501e-18
-2.51576e-18
-9.53721e-18
-4.92778e-18
-7.95956e-18
-3.13072e-17
2.83375e-17
-5.45246e-19
-2.61077e-18
-6.69993e-18
-7.17809e-18
-6.70744e-18
-9.53746e-18
-5.77626e-18
-6.58487e-18
-4.33555e-18
-5.56723e-18
-1.91951e-17
-7.61448e-18
-9.16022e-18
-2.37285e-17
5.93173e-17
3.44289e-19
-7.36206e-19
-1.76633e-18
-9.27989e-19
-3.88185e-18
-5.78329e-18
-5.13515e-18
-5.24426e-18
-4.70453e-18
-6.73408e-18
-1.98823e-17
-9.24041e-18
-9.42453e-18
-1.80543e-17
5.2668e-17
1.99891e-18
3.47094e-18
3.48486e-18
1.75069e-19
-4.37446e-18
-4.30745e-18
-4.20777e-18
-4.34363e-18
-4.36875e-18
-5.23792e-18
-5.31697e-18
-7.77785e-18
-8.87837e-18
-1.4632e-17
4.21042e-17
2.68547e-18
4.32015e-18
3.11912e-18
9.10118e-19
-1.58065e-18
-2.78437e-18
-3.34784e-18
-3.70563e-18
-3.93307e-18
-3.7701e-18
-4.15973e-18
-6.17201e-18
-8.18073e-18
-1.58747e-17
2.9306e-17
2.00315e-18
2.55938e-18
2.11149e-18
8.88838e-19
-8.34289e-19
-2.6217e-18
-3.15393e-18
-3.52554e-18
-4.07911e-18
-1.33543e-18
-2.17442e-18
-4.32523e-18
-8.38889e-18
-4.13345e-17
1.52306e-17
2.53252e-18
2.23373e-18
1.61437e-18
3.64636e-19
-1.60797e-18
-5.67956e-18
-4.06776e-18
-3.94168e-18
-6.84135e-18
5.08206e-18
1.14241e-18
-1.62261e-18
-5.51678e-18
-6.29935e-17
2.85575e-18
3.11893e-18
2.32287e-18
1.17839e-18
-1.1292e-18
-1.65656e-18
-3.07386e-18
-2.98293e-18
-2.83424e-18
-2.37249e-18
8.34424e-18
4.12451e-18
3.0491e-18
2.08807e-17
-7.46678e-17
-6.26562e-18
2.88312e-18
2.60778e-18
2.33374e-18
-1.52119e-19
-8.64677e-19
-1.52402e-18
-1.6952e-18
-1.5624e-18
-4.96736e-19
5.07095e-18
5.29376e-18
7.6004e-18
4.06752e-17
-5.22188e-17
-7.12946e-18
2.63636e-18
2.55716e-18
2.34805e-18
1.43672e-18
4.66644e-19
-4.52657e-19
-1.58436e-19
-1.47835e-19
6.47456e-19
3.92012e-18
6.35838e-18
1.01331e-17
3.33407e-17
-3.37227e-17
1.64811e-17
2.64157e-18
2.89022e-18
3.65956e-18
3.30558e-18
1.42877e-18
-1.08688e-18
2.69107e-18
1.75437e-18
1.74015e-18
4.20563e-18
1.01633e-17
1.41445e-17
5.10513e-17
-4.62825e-17
-1.48206e-17
1.43925e-18
1.58068e-18
1.297e-18
2.02213e-18
1.97096e-18
1.69461e-18
2.71466e-18
2.31457e-18
2.06609e-18
4.86821e-18
2.87947e-17
2.0513e-17
4.14557e-17
1.72872e-18
-1.20764e-17
1.06206e-18
1.80269e-18
2.79039e-18
3.00997e-18
3.71471e-18
6.54214e-18
4.38703e-18
2.6295e-18
2.48327e-19
-2.63616e-18
1.92628e-17
2.0547e-17
3.05422e-17
-2.55985e-17
-1.18511e-17
1.03127e-18
1.55532e-18
2.18314e-18
2.63926e-18
3.23342e-18
4.18932e-18
3.43696e-18
1.32883e-18
-5.81935e-18
-3.27885e-18
1.23361e-17
1.74004e-17
2.16763e-17
-1.80039e-17
-1.1052e-17
1.56494e-18
1.74108e-18
1.89126e-18
1.9139e-18
1.94177e-18
1.65978e-18
1.191e-18
8.15704e-19
-3.78398e-18
-3.74257e-18
7.23697e-18
1.31865e-17
1.49215e-17
-1.5502e-17
-9.58482e-18
3.57408e-18
2.90733e-18
1.84954e-18
-4.00603e-19
-1.64037e-18
-6.70834e-18
-8.15027e-18
4.79891e-18
-1.17244e-18
-3.2625e-18
4.2906e-18
1.29489e-17
4.52302e-17
2.81593e-17
-5.08238e-18
7.20754e-18
7.16507e-18
7.49027e-18
4.84603e-18
3.33092e-18
5.11124e-18
-1.09452e-18
1.52869e-18
-1.21162e-18
-2.60333e-18
2.83801e-18
1.21799e-17
3.8803e-17
6.25131e-17
-1.11653e-18
7.88029e-18
9.91263e-18
1.29742e-17
9.72645e-18
6.73057e-18
4.84669e-18
1.07207e-19
-3.26171e-18
-1.94888e-17
-7.23449e-18
8.49971e-19
1.09591e-17
3.36259e-17
5.89402e-17
-2.79378e-17
5.08471e-18
5.53816e-18
3.80859e-18
6.75124e-18
1.05759e-17
2.08305e-17
7.34929e-18
-3.73378e-18
-2.12937e-17
-5.0832e-17
-4.60668e-17
-1.13804e-18
2.19347e-17
9.45517e-18
-2.80648e-17
5.9758e-18
8.21629e-18
1.31774e-17
2.74425e-17
1.98411e-17
1.74755e-17
8.12632e-18
-3.74276e-18
-2.03551e-17
-4.11493e-17
-3.98694e-17
-9.06538e-18
8.63144e-18
-3.33573e-18
-5.76512e-17
1.0357e-17
1.15187e-17
1.50983e-17
2.15877e-17
2.55214e-17
3.5738e-17
1.80467e-17
5.84811e-18
4.89613e-18
-2.46548e-17
-2.98652e-17
-6.78873e-18
3.72852e-17
-5.6551e-18
-5.15597e-17
1.15593e-17
1.21335e-17
1.40535e-17
1.73848e-17
2.12056e-17
2.44709e-17
1.68239e-17
5.98004e-18
-7.18801e-18
-5.43151e-17
-3.03377e-17
-5.95026e-18
2.54224e-17
-4.30659e-18
-4.24264e-17
1.31183e-17
1.65713e-17
2.2917e-17
3.6259e-17
2.85642e-17
2.47501e-17
2.21434e-17
2.76742e-17
-1.55762e-18
-3.36757e-17
-2.44036e-17
-5.78146e-18
1.18475e-17
-1.21659e-17
-3.23065e-17
-4.39175e-18
4.55884e-18
1.29913e-17
2.06721e-17
2.20664e-17
2.12387e-17
1.98863e-17
1.81935e-17
1.25527e-18
-1.8673e-17
-1.53801e-17
3.70522e-18
5.65741e-17
4.14161e-17
-2.37299e-17
-4.88598e-18
-8.427e-20
5.59606e-18
1.09773e-17
1.41942e-17
1.53108e-17
1.48396e-17
1.21396e-17
2.14115e-18
-9.56971e-18
-8.98048e-18
9.20811e-19
-1.02422e-18
2.83484e-17
-8.25925e-17
-4.43652e-18
-2.0305e-18
1.67002e-18
5.8233e-18
8.83655e-18
1.05867e-17
1.13201e-17
1.07369e-17
5.9417e-18
-2.16569e-18
-2.61323e-18
7.92838e-18
4.50179e-17
2.5531e-17
-7.31111e-17
2.16277e-18
1.19513e-17
6.71769e-19
-1.57125e-17
-6.00914e-18
-1.66832e-18
-6.67225e-18
-2.87027e-17
-4.83993e-17
-1.60692e-17
-4.67452e-18
1.38481e-18
-1.2873e-17
6.33671e-18
-1.33664e-16
5.47142e-18
3.20886e-18
-3.11656e-18
-1.17944e-17
-1.90118e-17
-3.58514e-17
-2.60277e-17
-3.21013e-17
-3.76063e-17
-2.01697e-17
-7.91684e-18
-3.7769e-18
-1.3608e-17
-1.27557e-17
-1.88689e-16
9.42785e-18
1.26434e-17
1.88114e-17
3.19644e-18
-1.02105e-17
-2.17187e-17
-2.49731e-17
-2.9034e-17
-3.11966e-17
-2.33649e-17
-1.1868e-17
-7.63975e-18
-1.51749e-17
-2.90453e-17
-2.28097e-16
1.77264e-17
2.49999e-17
3.52049e-17
1.8743e-17
2.56076e-18
-9.46009e-18
-1.55833e-17
-1.66417e-17
-7.56691e-18
3.16932e-17
8.05908e-18
-2.80948e-18
-1.38497e-17
-3.36233e-17
-1.82965e-16
-5.20591e-18
-7.77912e-18
9.22438e-18
2.06356e-17
3.19187e-17
1.44358e-17
2.43552e-18
-1.55768e-18
2.98824e-18
6.93352e-18
-3.94901e-17
-1.10766e-17
-6.18997e-18
-2.66848e-17
-1.32096e-16
-6.84611e-18
-1.05853e-17
-1.36503e-17
-2.33134e-17
-1.18668e-17
-2.25198e-17
-1.22799e-17
-1.31684e-17
-3.1411e-17
3.94605e-17
-4.41816e-18
-8.35035e-18
-4.98404e-17
-2.38035e-17
-8.21973e-17
4.76486e-19
1.56557e-17
1.19567e-17
1.10199e-17
-1.89757e-17
-2.16286e-17
-2.13591e-17
-2.34808e-17
-3.64342e-17
-5.60459e-17
-8.16922e-17
-7.96403e-17
-5.44728e-17
-3.02322e-17
3.14606e-17
-2.80359e-17
-3.84443e-17
-6.49247e-17
-8.95816e-17
-7.62803e-17
-3.23265e-17
1.92846e-17
-7.44461e-18
-2.79691e-17
-4.66673e-17
-5.63282e-17
-1.59018e-17
-2.41854e-17
6.80776e-17
5.66674e-17
2.12418e-17
-2.21477e-19
-1.78573e-17
-2.35578e-17
-2.15128e-18
1.76148e-17
1.53014e-17
1.00042e-18
-1.55402e-17
-2.96995e-17
-3.2856e-17
-7.36164e-18
1.42472e-17
1.75652e-16
1.51845e-16
3.5785e-17
2.73814e-17
2.36787e-17
3.14498e-17
2.30115e-17
2.19129e-17
2.01343e-17
9.75033e-18
-3.82007e-18
-1.46155e-17
-1.60968e-17
1.1919e-18
4.73474e-17
1.46788e-16
1.34291e-16
3.36645e-17
3.13452e-17
3.0278e-17
3.1141e-17
2.96374e-17
2.69226e-17
-2.40698e-17
-4.84995e-18
2.22229e-18
-4.44347e-19
4.36618e-18
3.93739e-17
-6.04208e-17
8.50236e-17
9.85404e-17
1.50113e-17
9.93075e-18
8.6249e-19
-1.52027e-17
-4.94965e-18
-3.86576e-18
-1.93074e-17
-2.92046e-17
-5.90658e-17
-2.07524e-17
6.13114e-19
1.72184e-17
-2.67744e-17
2.29616e-17
6.05208e-17
1.23105e-17
1.20606e-17
1.32608e-17
1.82373e-17
6.25775e-18
-3.95152e-18
-1.45535e-17
-2.18329e-17
-2.60863e-17
-8.36755e-18
-2.69476e-19
-8.84133e-18
-9.88815e-17
9.56986e-17
4.43518e-17
-7.07507e-18
6.11743e-19
6.80625e-18
1.15976e-17
1.29365e-17
1.02889e-17
-2.75961e-19
-2.64113e-17
-8.76982e-17
-9.60338e-17
-4.08862e-17
-4.61492e-17
-1.55521e-16
7.78633e-17
1.25561e-16
-3.48887e-17
-4.39997e-17
-3.17164e-17
-2.50502e-17
-6.82338e-17
-1.12956e-16
-1.34915e-16
-1.3382e-16
-8.66626e-17
-1.85242e-17
-3.06807e-17
-5.77811e-17
-1.47837e-16
-1.71434e-16
1.70831e-16
-1.59505e-17
-1.05903e-17
-9.04399e-21
-1.76957e-17
-4.29712e-17
-6.76027e-17
-8.11022e-17
-7.21556e-17
-2.1885e-17
-6.23531e-17
-3.39492e-17
-3.52237e-17
-2.85399e-17
-2.47292e-16
1.03758e-16
-2.87584e-18
-8.51523e-18
-1.82555e-17
-3.94804e-17
-3.93665e-17
-4.40751e-17
-4.66476e-17
-3.95532e-17
-2.19694e-17
-2.87612e-17
-1.37406e-17
1.24257e-17
1.02043e-16
-1.31216e-16
5.72547e-17
-2.66446e-18
-1.17475e-17
-2.58547e-17
-4.78094e-17
-3.87108e-17
-3.22944e-17
-2.73267e-17
-2.06701e-17
-1.23174e-17
-1.00471e-17
7.93051e-19
2.2145e-17
6.27152e-17
-5.24229e-17
2.88891e-17
-2.71171e-17
-2.71372e-17
-3.01664e-17
-3.45073e-17
-3.39457e-17
-2.84616e-17
-1.83918e-17
-1.17425e-17
-7.9369e-18
-7.98989e-18
-3.62235e-18
3.56858e-17
6.5193e-17
-1.81212e-17
1.73213e-17
-2.17862e-18
7.94979e-18
2.56451e-17
5.78411e-17
8.33292e-17
6.29696e-17
-1.77521e-17
-8.81207e-18
2.35013e-18
2.35211e-17
8.11121e-17
-9.76162e-17
-1.35694e-16
-1.17129e-16
9.84399e-17
)
;
    }
}


// ************************************************************************* //
