/*--------------------------------*- C++ -*----------------------------------*\
| =========                 |                                                 |
| \\      /  F ield         | OpenFOAM: The Open Source CFD Toolbox           |
|  \\    /   O peration     | Version:  2.4.x                                 |
|   \\  /    A nd           | Web:      www.OpenFOAM.org                      |
|    \\/     M anipulation  |                                                 |
\*---------------------------------------------------------------------------*/
FoamFile
{
    version     2.0;
    format      ascii;
    class       volScalarField;
    location    "0.01";
    object      p;
}
// * * * * * * * * * * * * * * * * * * * * * * * * * * * * * * * * * * * * * //

dimensions      [1 -1 -2 0 0 0 0];

internalField   nonuniform List<scalar> 
1250
(
100216
100112
100102
100099
100100
100100
100103
100100
100094
100089
100088
100086
100085
100084
100083
100083
100082
100081
100080
100080
100078
100077
100076
100075
100073
100072
100070
100069
100067
100065
100063
100061
100058
100056
100054
100051
100048
100046
100043
100040
100036
100033
100030
100026
100022
100019
100015
100011
100006
100002
100211
100114
100101
100097
100097
100099
100101
100098
100092
100088
100087
100086
100085
100084
100083
100082
100082
100081
100080
100079
100078
100077
100076
100075
100073
100072
100070
100069
100067
100065
100063
100061
100058
100056
100054
100051
100048
100046
100043
100040
100036
100033
100030
100026
100022
100019
100015
100011
100006
100002
100223
100116
100099
100097
100097
100099
100100
100097
100092
100089
100087
100086
100085
100084
100083
100082
100082
100081
100080
100079
100078
100077
100076
100075
100073
100072
100070
100069
100067
100065
100063
100061
100058
100056
100054
100051
100048
100046
100043
100040
100036
100033
100030
100026
100022
100019
100015
100011
100006
100002
100261
100115
100095
100096
100096
100098
100099
100095
100091
100088
100087
100085
100085
100084
100083
100082
100082
100081
100080
100079
100078
100077
100076
100075
100073
100072
100070
100069
100067
100065
100063
100061
100058
100056
100054
100051
100048
100046
100043
100040
100036
100033
100030
100026
100022
100019
100015
100011
100006
100002
100278
100106
100092
100094
100094
100096
100096
100092
100090
100088
100087
100085
100084
100084
100083
100082
100082
100081
100080
100079
100078
100077
100076
100075
100073
100072
100070
100069
100067
100065
100063
100061
100058
100056
100054
100051
100048
100046
100043
100040
100036
100033
100030
100026
100022
100019
100015
100011
100006
100002
100064
100082
100087
100090
100092
100093
100093
100091
100089
100088
100086
100085
100084
100084
100083
100082
100082
100081
100080
100079
100078
100077
100076
100075
100073
100072
100070
100069
100067
100065
100063
100061
100058
100056
100054
100051
100048
100046
100043
100040
100036
100033
100030
100026
100022
100019
100015
100011
100006
100002
100066
100083
100086
100088
100089
100091
100090
100089
100088
100087
100086
100085
100084
100084
100083
100082
100082
100081
100080
100079
100078
100077
100076
100075
100073
100072
100070
100069
100067
100065
100063
100061
100058
100056
100054
100051
100048
100046
100043
100040
100036
100033
100030
100026
100022
100019
100015
100011
100006
100002
100075
100082
100084
100086
100088
100089
100089
100088
100088
100087
100086
100085
100084
100084
100083
100082
100082
100081
100080
100079
100078
100077
100076
100075
100073
100072
100070
100069
100067
100065
100063
100061
100058
100056
100054
100051
100048
100046
100043
100040
100036
100033
100030
100026
100022
100019
100015
100011
100006
100002
100078
100082
100083
100085
100086
100087
100088
100088
100087
100086
100085
100085
100084
100084
100083
100082
100082
100081
100080
100079
100078
100077
100076
100075
100073
100072
100070
100069
100067
100065
100063
100061
100058
100056
100054
100051
100048
100046
100043
100040
100036
100033
100030
100026
100022
100019
100015
100011
100006
100002
100080
100083
100083
100085
100086
100086
100087
100087
100086
100086
100085
100085
100084
100084
100083
100082
100082
100081
100080
100079
100078
100077
100076
100075
100073
100072
100070
100069
100067
100065
100063
100061
100058
100056
100054
100051
100048
100046
100043
100040
100036
100033
100030
100026
100022
100019
100015
100011
100006
100002
100086
100084
100084
100085
100085
100086
100086
100086
100086
100086
100085
100085
100084
100084
100083
100082
100082
100081
100080
100079
100078
100077
100076
100075
100073
100072
100070
100069
100067
100065
100063
100061
100058
100056
100054
100051
100048
100046
100043
100040
100036
100033
100030
100026
100022
100019
100015
100011
100006
100002
100088
100085
100085
100085
100085
100086
100086
100086
100086
100085
100085
100084
100084
100083
100083
100082
100082
100081
100080
100079
100078
100077
100076
100075
100073
100072
100070
100068
100067
100065
100063
100061
100058
100056
100054
100051
100048
100046
100043
100040
100036
100033
100030
100026
100022
100019
100015
100011
100006
100002
100088
100085
100086
100085
100085
100086
100086
100086
100085
100085
100085
100084
100084
100083
100083
100082
100082
100081
100080
100079
100078
100077
100076
100075
100073
100072
100070
100068
100067
100065
100063
100061
100058
100056
100054
100051
100048
100046
100043
100040
100036
100033
100030
100026
100022
100019
100015
100011
100006
100002
100087
100086
100086
100086
100086
100086
100086
100085
100085
100085
100085
100084
100084
100083
100083
100082
100082
100081
100080
100079
100078
100077
100076
100075
100073
100072
100070
100068
100067
100065
100063
100061
100058
100056
100054
100051
100048
100046
100043
100040
100036
100033
100030
100026
100022
100019
100015
100011
100006
100002
100087
100086
100086
100086
100086
100086
100086
100085
100085
100085
100085
100084
100084
100083
100083
100083
100082
100081
100080
100079
100078
100077
100076
100075
100073
100072
100070
100068
100067
100065
100063
100061
100058
100056
100054
100051
100048
100046
100043
100040
100036
100033
100030
100026
100022
100019
100015
100011
100006
100002
100087
100086
100086
100086
100086
100086
100086
100085
100085
100085
100085
100084
100084
100083
100083
100082
100082
100081
100080
100079
100078
100077
100076
100075
100073
100072
100070
100068
100067
100065
100063
100061
100058
100056
100054
100051
100048
100046
100043
100040
100036
100033
100030
100026
100022
100019
100015
100011
100006
100002
100087
100086
100086
100086
100086
100086
100086
100085
100085
100085
100085
100084
100084
100083
100083
100083
100082
100081
100080
100079
100078
100077
100076
100075
100073
100072
100070
100068
100067
100065
100063
100061
100058
100056
100054
100051
100048
100046
100043
100040
100036
100033
100030
100026
100022
100019
100015
100011
100006
100002
100087
100086
100087
100086
100086
100086
100086
100085
100085
100085
100085
100084
100084
100084
100083
100083
100082
100081
100080
100079
100078
100077
100076
100075
100073
100072
100070
100068
100067
100065
100063
100061
100058
100056
100054
100051
100048
100046
100043
100040
100036
100033
100030
100026
100022
100019
100015
100011
100006
100002
100087
100087
100087
100086
100086
100086
100086
100086
100085
100085
100085
100084
100084
100083
100083
100083
100082
100081
100080
100079
100078
100077
100076
100075
100073
100072
100070
100068
100067
100065
100063
100061
100058
100056
100054
100051
100048
100046
100043
100040
100036
100033
100030
100026
100022
100019
100015
100011
100006
100002
100087
100087
100087
100087
100086
100086
100086
100086
100085
100085
100085
100084
100084
100084
100083
100082
100082
100081
100080
100079
100078
100077
100076
100075
100073
100072
100070
100068
100067
100065
100063
100061
100058
100056
100054
100051
100048
100046
100043
100040
100036
100033
100030
100026
100022
100019
100015
100011
100006
100002
100087
100087
100087
100087
100087
100086
100086
100086
100086
100085
100085
100085
100084
100084
100083
100083
100082
100081
100080
100079
100078
100077
100076
100075
100073
100072
100070
100068
100067
100065
100063
100061
100058
100056
100054
100051
100048
100046
100043
100040
100036
100033
100030
100026
100022
100019
100015
100011
100006
100002
100087
100087
100087
100087
100087
100086
100086
100086
100086
100085
100085
100085
100084
100084
100083
100082
100082
100081
100080
100079
100078
100077
100076
100075
100073
100072
100070
100068
100067
100065
100063
100061
100058
100056
100054
100051
100048
100046
100043
100040
100036
100033
100030
100026
100022
100019
100015
100011
100006
100002
100087
100087
100087
100087
100087
100087
100086
100086
100086
100086
100085
100085
100084
100084
100083
100083
100082
100081
100080
100079
100078
100077
100076
100075
100073
100072
100070
100068
100067
100065
100063
100061
100058
100056
100054
100051
100048
100046
100043
100040
100036
100033
100030
100026
100022
100019
100015
100011
100006
100002
100087
100087
100087
100087
100087
100087
100086
100086
100086
100086
100085
100085
100084
100084
100083
100083
100082
100081
100080
100079
100078
100077
100076
100075
100073
100072
100070
100068
100067
100065
100063
100061
100058
100056
100054
100051
100048
100046
100043
100040
100036
100033
100030
100026
100022
100019
100015
100011
100006
100002
100087
100087
100087
100087
100087
100087
100087
100086
100086
100086
100085
100085
100084
100084
100083
100083
100082
100081
100080
100079
100078
100077
100076
100075
100073
100072
100070
100068
100067
100065
100063
100061
100058
100056
100054
100051
100048
100046
100043
100040
100036
100033
100030
100026
100022
100019
100015
100011
100006
100002
)
;

boundaryField
{
    AXIS
    {
        type            empty;
    }
    OUTLET
    {
        type            fixedValue;
        value           uniform 100000;
    }
    COFLOW
    {
        type            zeroGradient;
    }
    PILOT
    {
        type            zeroGradient;
    }
    FUEL
    {
        type            zeroGradient;
    }
    WALL
    {
        type            zeroGradient;
    }
    front
    {
        type            wedge;
    }
    back
    {
        type            wedge;
    }
}


// ************************************************************************* //
