/*--------------------------------*- C++ -*----------------------------------*\
| =========                 |                                                 |
| \\      /  F ield         | OpenFOAM: The Open Source CFD Toolbox           |
|  \\    /   O peration     | Version:  2.4.x                                 |
|   \\  /    A nd           | Web:      www.OpenFOAM.org                      |
|    \\/     M anipulation  |                                                 |
\*---------------------------------------------------------------------------*/
FoamFile
{
    version     2.0;
    format      ascii;
    class       surfaceScalarField;
    location    "0.01";
    object      phi;
}
// * * * * * * * * * * * * * * * * * * * * * * * * * * * * * * * * * * * * * //

dimensions      [1 0 -1 0 0 0 0];

internalField   nonuniform List<scalar> 
2425
(
1.06367e-06
-1.07797e-08
1.02331e-06
4.12745e-08
9.45341e-07
7.86878e-08
8.51079e-07
9.46895e-08
7.51546e-07
1.0084e-07
6.30548e-07
1.17396e-07
4.91689e-07
1.275e-07
3.74865e-07
1.08666e-07
3.03404e-07
7.41559e-08
2.57307e-07
4.97179e-08
2.27052e-07
3.74122e-08
2.08597e-07
2.83508e-08
1.97174e-07
2.30518e-08
1.90635e-07
2.00332e-08
1.87411e-07
1.78532e-08
1.87358e-07
1.61376e-08
1.9025e-07
1.48058e-08
1.98146e-07
1.30715e-08
2.06022e-07
1.13603e-08
2.06561e-07
1.0228e-08
2.01787e-07
9.07241e-09
1.9664e-07
7.49973e-09
1.92683e-07
5.88914e-09
1.89924e-07
4.61357e-09
1.88076e-07
3.69856e-09
1.86891e-07
3.04003e-09
1.86288e-07
2.462e-09
1.86229e-07
1.91967e-09
1.86567e-07
1.51861e-09
1.87183e-07
1.23411e-09
1.88035e-07
9.83845e-10
1.89115e-07
7.39188e-10
1.90369e-07
5.42853e-10
1.91692e-07
4.44999e-10
1.92956e-07
4.68723e-10
1.94158e-07
4.8846e-10
1.95346e-07
4.55007e-10
1.96537e-07
3.94512e-10
1.9764e-07
4.17679e-10
1.9862e-07
4.66355e-10
1.99561e-07
4.2248e-10
2.00434e-07
3.95909e-10
2.01217e-07
3.82377e-10
2.01856e-07
4.11566e-10
2.02391e-07
3.8804e-10
2.02896e-07
2.78543e-10
2.03432e-07
9.60992e-11
2.03891e-07
1.00188e-11
2.04154e-07
2.74617e-11
2.12064e-11
3.20604e-06
-5.82982e-08
3.03781e-06
2.12164e-07
2.78035e-06
3.38156e-07
2.49586e-06
3.80391e-07
2.19325e-06
4.07226e-07
1.83076e-06
4.6964e-07
1.4324e-06
4.93243e-07
1.10651e-06
4.12661e-07
9.05191e-07
2.84968e-07
7.71767e-07
1.93418e-07
6.84525e-07
1.46068e-07
6.30303e-07
1.12206e-07
5.96688e-07
9.15328e-08
5.77362e-07
7.9785e-08
5.68021e-07
7.10457e-08
5.68155e-07
6.42206e-08
5.77112e-07
5.89167e-08
6.00853e-07
5.22403e-08
6.2407e-07
4.57385e-08
6.25617e-07
4.07933e-08
6.11985e-07
3.55249e-08
5.97216e-07
2.93135e-08
5.85851e-07
2.30458e-08
5.78041e-07
1.79885e-08
5.72979e-07
1.43088e-08
5.69928e-07
1.16572e-08
5.68559e-07
9.40923e-09
5.68787e-07
7.27247e-09
5.7028e-07
5.59676e-09
5.726e-07
4.46189e-09
5.75564e-07
3.52955e-09
5.79195e-07
2.56617e-09
5.83352e-07
1.77479e-09
5.87698e-07
1.40202e-09
5.91866e-07
1.4985e-09
5.9587e-07
1.55782e-09
5.99818e-07
1.43358e-09
6.0375e-07
1.22017e-09
6.07406e-07
1.32339e-09
6.10695e-07
1.51731e-09
6.13842e-07
1.36492e-09
6.16757e-07
1.28995e-09
6.19383e-07
1.25113e-09
6.21583e-07
1.36106e-09
6.23461e-07
1.27945e-09
6.25199e-07
8.92111e-10
6.26956e-07
2.36214e-10
6.28407e-07
-3.58924e-11
6.29202e-07
1.05399e-10
1.07142e-10
5.25035e-06
-4.39992e-08
4.86411e-06
6.02515e-07
4.39415e-06
8.1081e-07
3.92362e-06
8.5202e-07
3.41338e-06
9.17147e-07
2.8209e-06
1.04515e-06
2.22623e-06
1.04008e-06
1.76435e-06
8.46181e-07
1.46972e-06
5.98416e-07
1.26481e-06
4.14549e-07
1.13267e-06
3.15106e-07
1.04792e-06
2.44491e-07
9.95888e-07
2.02768e-07
9.65033e-07
1.75156e-07
9.5098e-07
1.58061e-07
9.52121e-07
1.43335e-07
9.67498e-07
1.31941e-07
1.00652e-06
1.18145e-07
1.0433e-06
1.04455e-07
1.04472e-06
9.19719e-08
1.02259e-06
7.86589e-08
9.98955e-07
6.46071e-08
9.80707e-07
5.09304e-08
9.68236e-07
3.97321e-08
9.60339e-07
3.14531e-08
9.55796e-07
2.54751e-08
9.53993e-07
2.05104e-08
9.5474e-07
1.58267e-08
9.57528e-07
1.20934e-08
9.61643e-07
9.59314e-09
9.66829e-07
7.52654e-09
9.73153e-07
5.33761e-09
9.80342e-07
3.56707e-09
9.87824e-07
2.7582e-09
9.95015e-07
2.97076e-09
1.00197e-06
3.0605e-09
1.00881e-06
2.80649e-09
1.01556e-06
2.39173e-09
1.02187e-06
2.62515e-09
1.02757e-06
3.04448e-09
1.03302e-06
2.73217e-09
1.03807e-06
2.589e-09
1.04266e-06
2.48984e-09
1.04651e-06
2.75107e-09
1.04977e-06
2.64109e-09
1.05276e-06
1.82233e-09
1.05577e-06
3.83749e-10
1.05826e-06
-1.87048e-10
1.05964e-06
1.85225e-10
2.4146e-10
6.92209e-06
4.06754e-07
6.16683e-06
1.36237e-06
5.5221e-06
1.45861e-06
4.88625e-06
1.49064e-06
4.19194e-06
1.60928e-06
3.47627e-06
1.72727e-06
2.81013e-06
1.65378e-06
2.3063e-06
1.32501e-06
1.96616e-06
9.59309e-07
1.71903e-06
6.92378e-07
1.5576e-06
5.29899e-07
1.45135e-06
4.17438e-07
1.38612e-06
3.51718e-07
1.34671e-06
3.04814e-07
1.33012e-06
2.76524e-07
1.33358e-06
2.51982e-07
1.35608e-06
2.33085e-07
1.41029e-06
2.10904e-07
1.45949e-06
1.87536e-07
1.45988e-06
1.62981e-07
1.42961e-06
1.37492e-07
1.3978e-06
1.12552e-07
1.37324e-06
8.89435e-08
1.35657e-06
6.93786e-08
1.34627e-06
5.46994e-08
1.34065e-06
4.40795e-08
1.33872e-06
3.54507e-08
1.34014e-06
2.7432e-08
1.34421e-06
2.10246e-08
1.35003e-06
1.67141e-08
1.35739e-06
1.30242e-08
1.36636e-06
9.10442e-09
1.37651e-06
5.9881e-09
1.38706e-06
4.57783e-09
1.39723e-06
4.92685e-09
1.40711e-06
5.02246e-09
1.41681e-06
4.60249e-09
1.42635e-06
3.95043e-09
1.43526e-06
4.36202e-09
1.44334e-06
5.08752e-09
1.45105e-06
4.57061e-09
1.45819e-06
4.32794e-09
1.46472e-06
4.11908e-09
1.47021e-06
4.6059e-09
1.47482e-06
4.49133e-09
1.47905e-06
3.08538e-09
1.48328e-06
5.76093e-10
1.48681e-06
-4.40922e-10
1.48882e-06
2.20492e-10
3.98853e-10
7.10681e-06
2.7788e-06
6.241e-06
2.23294e-06
5.67827e-06
2.02363e-06
5.06018e-06
2.11421e-06
4.40093e-06
2.25801e-06
3.74529e-06
2.3462e-06
3.17256e-06
2.17939e-06
2.71599e-06
1.76995e-06
2.38015e-06
1.32128e-06
2.12335e-06
9.92905e-07
1.94992e-06
7.74517e-07
1.83317e-06
6.2246e-07
1.76115e-06
5.30954e-07
1.71732e-06
4.64462e-07
1.7011e-06
4.23205e-07
1.7089e-06
3.8786e-07
1.74004e-06
3.60624e-07
1.81031e-06
3.29538e-07
1.87144e-06
2.93637e-07
1.87045e-06
2.51789e-07
1.83277e-06
2.10472e-07
1.79374e-06
1.72e-07
1.7637e-06
1.36222e-07
1.7435e-06
1.06238e-07
1.73142e-06
8.34223e-08
1.7253e-06
6.68931e-08
1.7237e-06
5.37867e-08
1.72602e-06
4.18542e-08
1.7314e-06
3.23557e-08
1.73894e-06
2.58133e-08
1.74854e-06
1.99545e-08
1.7602e-06
1.38206e-08
1.77329e-06
9.06476e-09
1.78686e-06
6.90924e-09
1.80003e-06
7.3591e-09
1.81284e-06
7.42511e-09
1.82541e-06
6.81702e-09
1.83773e-06
5.89708e-09
1.84925e-06
6.53497e-09
1.8597e-06
7.6572e-09
1.86964e-06
6.89855e-09
1.87888e-06
6.51134e-09
1.88736e-06
6.12036e-09
1.89453e-06
6.88471e-09
1.90052e-06
6.80567e-09
1.90598e-06
4.6848e-09
1.91144e-06
8.05757e-10
1.91603e-06
-8.18505e-10
1.91865e-06
2.18411e-10
5.91553e-10
3.31048e-06
7.82871e-08
4.29853e-06
1.24757e-06
4.54109e-06
1.78521e-06
4.41774e-06
2.24319e-06
4.10883e-06
2.55901e-06
3.71657e-06
2.71217e-06
3.34553e-06
2.52211e-06
3.00578e-06
2.12012e-06
2.70599e-06
1.65573e-06
2.47135e-06
1.2908e-06
2.30535e-06
1.03361e-06
2.18891e-06
8.48394e-07
2.11705e-06
7.34828e-07
2.07418e-06
6.53194e-07
2.06147e-06
5.97878e-07
2.07581e-06
5.48357e-07
2.1181e-06
5.1176e-07
2.20599e-06
4.72172e-07
2.27849e-06
4.20686e-07
2.2756e-06
3.56033e-07
2.2315e-06
2.9567e-07
2.18659e-06
2.41413e-07
2.15217e-06
1.91609e-07
2.12936e-06
1.49409e-07
2.11627e-06
1.16847e-07
2.11034e-06
9.3231e-08
2.10956e-06
7.50139e-08
2.11305e-06
5.88279e-08
2.11989e-06
4.59411e-08
2.1293e-06
3.67422e-08
2.14129e-06
2.81638e-08
2.15576e-06
1.93568e-08
2.17182e-06
1.27664e-08
2.18842e-06
9.7535e-09
2.20462e-06
1.02195e-08
2.22042e-06
1.02243e-08
2.23589e-06
9.4142e-09
2.25103e-06
8.19185e-09
2.26518e-06
9.1195e-09
2.27801e-06
1.07376e-08
2.2902e-06
9.698e-09
2.30157e-06
9.10962e-09
2.31206e-06
8.44861e-09
2.32097e-06
9.51828e-09
2.32841e-06
9.51907e-09
2.33512e-06
6.59818e-09
2.34178e-06
1.10098e-09
2.34741e-06
-1.30118e-09
2.35066e-06
1.67706e-10
8.11792e-10
1.55869e-06
-7.60971e-07
2.64893e-06
1.63267e-07
3.30671e-06
1.13364e-06
3.60531e-06
1.95514e-06
3.65312e-06
2.5111e-06
3.55644e-06
2.7993e-06
3.39408e-06
2.68608e-06
3.18802e-06
2.35146e-06
2.9592e-06
1.93497e-06
2.76803e-06
1.56302e-06
2.62284e-06
1.29103e-06
2.51754e-06
1.08678e-06
2.45232e-06
9.57666e-07
2.41439e-06
8.6265e-07
2.40871e-06
7.93978e-07
2.43289e-06
7.29702e-07
2.48968e-06
6.82792e-07
2.59705e-06
6.36476e-07
2.67993e-06
5.66182e-07
2.6745e-06
4.73119e-07
2.62513e-06
3.90968e-07
2.57589e-06
3.19051e-07
2.5384e-06
2.53762e-07
2.51398e-06
1.97866e-07
2.50072e-06
1.54135e-07
2.49567e-06
1.22391e-07
2.49627e-06
9.8582e-08
2.50127e-06
7.80126e-08
2.50979e-06
6.15579e-08
2.52128e-06
4.92832e-08
2.53588e-06
3.74453e-08
2.55331e-06
2.55679e-08
2.57242e-06
1.70056e-08
2.59208e-06
1.30704e-08
2.61133e-06
1.34969e-08
2.63016e-06
1.33766e-08
2.64858e-06
1.23368e-08
2.66659e-06
1.07963e-08
2.6834e-06
1.20802e-08
2.69865e-06
1.42979e-08
2.71312e-06
1.29439e-08
2.72665e-06
1.2087e-08
2.73918e-06
1.10607e-08
2.7499e-06
1.24479e-08
2.75886e-06
1.25557e-08
2.76687e-06
8.77638e-09
2.77471e-06
1.47824e-09
2.78135e-06
-1.84613e-09
2.78521e-06
8.33267e-11
1.05248e-09
1.01587e-06
-9.47429e-07
1.76639e-06
-5.76904e-07
2.47281e-06
4.39879e-07
2.95733e-06
1.48634e-06
3.23698e-06
2.24226e-06
3.37379e-06
2.68003e-06
3.38251e-06
2.69727e-06
3.29382e-06
2.47884e-06
3.15309e-06
2.13875e-06
3.01794e-06
1.79953e-06
2.90304e-06
1.52983e-06
2.8179e-06
1.32948e-06
2.76493e-06
1.1908e-06
2.73635e-06
1.08792e-06
2.74218e-06
1.01613e-06
2.78056e-06
9.44518e-07
2.85453e-06
8.70758e-07
2.98338e-06
8.1972e-07
3.07514e-06
7.27191e-07
3.06648e-06
6.00388e-07
3.0131e-06
4.94227e-07
2.96115e-06
4.03077e-07
2.92202e-06
3.21214e-07
2.89709e-06
2.50502e-07
2.88451e-06
1.94436e-07
2.88103e-06
1.53694e-07
2.88356e-06
1.23932e-07
2.89048e-06
9.89942e-08
2.901e-06
7.88844e-08
2.91489e-06
6.31239e-08
2.93235e-06
4.75305e-08
2.95291e-06
3.23e-08
2.97515e-06
2.16978e-08
2.99792e-06
1.68156e-08
3.02025e-06
1.71565e-08
3.04216e-06
1.68255e-08
3.06357e-06
1.55593e-08
3.08446e-06
1.36975e-08
3.10397e-06
1.53768e-08
3.12167e-06
1.82953e-08
3.13845e-06
1.66081e-08
3.15418e-06
1.54037e-08
3.16881e-06
1.39054e-08
3.18138e-06
1.56221e-08
3.19193e-06
1.58526e-08
3.2013e-06
1.11645e-08
3.21033e-06
1.93306e-09
3.21792e-06
-2.41646e-09
3.22239e-06
-1.68709e-11
1.3035e-09
9.19365e-07
-9.26618e-07
1.39808e-06
-1.0409e-06
2.02359e-06
-1.67641e-07
2.55591e-06
9.78784e-07
2.94757e-06
1.87431e-06
3.20881e-06
2.44458e-06
3.3366e-06
2.60776e-06
3.35584e-06
2.51937e-06
3.30259e-06
2.28159e-06
3.22453e-06
1.99901e-06
3.14743e-06
1.75192e-06
3.09183e-06
1.56785e-06
3.05611e-06
1.43481e-06
3.0421e-06
1.33014e-06
3.06346e-06
1.25091e-06
3.11697e-06
1.17624e-06
3.21229e-06
1.07138e-06
3.36497e-06
1.01841e-06
3.46361e-06
9.00357e-07
3.45115e-06
7.35214e-07
3.3951e-06
6.03325e-07
3.34216e-06
4.91625e-07
3.3029e-06
3.92419e-07
3.27861e-06
3.06165e-07
3.26755e-06
2.36914e-07
3.2663e-06
1.86474e-07
3.27133e-06
1.50505e-07
3.28066e-06
1.21282e-07
3.29363e-06
9.74732e-08
3.31034e-06
7.7839e-08
3.331e-06
5.80911e-08
3.35483e-06
3.93811e-08
3.38029e-06
2.67738e-08
3.40619e-06
2.09572e-08
3.43165e-06
2.11559e-08
3.45669e-06
2.05276e-08
3.4811e-06
1.90656e-08
3.50488e-06
1.68676e-08
3.52716e-06
1.89512e-08
3.54739e-06
2.26575e-08
3.56653e-06
2.06343e-08
3.58451e-06
1.90064e-08
3.60134e-06
1.68801e-08
3.61585e-06
1.89597e-08
3.62799e-06
1.94066e-08
3.63872e-06
1.37607e-08
3.64893e-06
2.46962e-09
3.65747e-06
-2.99567e-09
3.66254e-06
-1.36486e-10
1.55231e-09
1.03532e-06
-9.26541e-07
1.37373e-06
-1.36849e-06
1.85658e-06
-6.33744e-07
2.34284e-06
5.2109e-07
2.7608e-06
1.49247e-06
3.08678e-06
2.16283e-06
3.29287e-06
2.46113e-06
3.39889e-06
2.49717e-06
3.42599e-06
2.36712e-06
3.40352e-06
2.16476e-06
3.36768e-06
1.96206e-06
3.34106e-06
1.7967e-06
3.32536e-06
1.67284e-06
3.33175e-06
1.57756e-06
3.37105e-06
1.49528e-06
3.44217e-06
1.42206e-06
3.56413e-06
1.27922e-06
3.74259e-06
1.22883e-06
3.84539e-06
1.08236e-06
3.82881e-06
8.75189e-07
3.7717e-06
7.16097e-07
3.71955e-06
5.82778e-07
3.68178e-06
4.65735e-07
3.65937e-06
3.63615e-07
3.65067e-06
2.80718e-07
3.65235e-06
2.20031e-07
3.66051e-06
1.7766e-07
3.67287e-06
1.44259e-07
3.6889e-06
1.16714e-07
3.70898e-06
9.28791e-08
3.73322e-06
6.87355e-08
3.76056e-06
4.66019e-08
3.78932e-06
3.21319e-08
3.81843e-06
2.54264e-08
3.84709e-06
2.54147e-08
3.87533e-06
2.44124e-08
3.9028e-06
2.28017e-08
3.92957e-06
2.02195e-08
3.95473e-06
2.26843e-08
3.97762e-06
2.7251e-08
3.99925e-06
2.48981e-08
4.01955e-06
2.28285e-08
4.03868e-06
1.98878e-08
4.05526e-06
2.23209e-08
4.06904e-06
2.31634e-08
4.0811e-06
1.65868e-08
4.09246e-06
3.1246e-09
4.10198e-06
-3.61347e-09
4.10769e-06
-3.22578e-10
1.78837e-09
1.88665e-06
-3.85819e-07
1.77936e-06
-1.29527e-06
2.01534e-06
-8.60399e-07
2.41527e-06
1.55039e-07
2.82712e-06
1.1271e-06
3.18794e-06
1.86012e-06
3.45873e-06
2.27343e-06
3.63855e-06
2.42664e-06
3.73341e-06
2.41606e-06
3.76469e-06
2.3013e-06
3.77588e-06
2.15961e-06
3.78105e-06
2.03282e-06
3.79127e-06
1.92963e-06
3.82303e-06
1.84611e-06
3.88513e-06
1.76232e-06
3.98127e-06
1.69511e-06
4.15004e-06
1.55516e-06
4.36423e-06
1.4637e-06
4.47436e-06
1.28048e-06
4.45265e-06
1.02621e-06
4.39325e-06
8.36769e-07
4.34111e-06
6.79778e-07
4.30473e-06
5.43599e-07
4.28458e-06
4.24779e-07
4.27907e-06
3.27359e-07
4.28492e-06
2.5547e-07
4.29783e-06
2.06134e-07
4.31508e-06
1.68402e-07
4.33625e-06
1.36877e-07
4.3619e-06
1.08375e-07
4.39196e-06
7.95563e-08
4.42498e-06
5.40697e-08
4.45921e-06
3.78834e-08
4.49366e-06
3.03176e-08
4.52764e-06
3.00039e-08
4.56116e-06
2.85386e-08
4.59369e-06
2.6828e-08
4.62548e-06
2.37295e-08
4.65547e-06
2.65478e-08
4.68274e-06
3.21794e-08
4.7085e-06
2.94882e-08
4.73271e-06
2.68731e-08
4.75561e-06
2.29276e-08
4.77557e-06
2.57393e-08
4.79213e-06
2.71446e-08
4.80645e-06
1.97185e-08
4.81969e-06
3.96304e-09
4.83085e-06
-4.34609e-09
4.83766e-06
-6.59563e-10
1.9973e-09
2.74664e-06
-1.65575e-07
2.46312e-06
-1.10806e-06
2.50129e-06
-8.96239e-07
2.78763e-06
-9.00951e-08
3.17667e-06
8.07268e-07
3.56845e-06
1.56407e-06
3.89902e-06
2.06306e-06
4.1461e-06
2.33226e-06
4.30886e-06
2.43042e-06
4.40926e-06
2.42513e-06
4.47644e-06
2.35602e-06
4.5221e-06
2.27948e-06
4.5682e-06
2.21119e-06
4.63674e-06
2.14624e-06
4.73669e-06
2.06652e-06
4.8813e-06
2.00567e-06
5.11715e-06
1.87169e-06
5.38609e-06
1.73924e-06
5.50914e-06
1.50205e-06
5.48113e-06
1.19553e-06
5.41855e-06
9.70651e-07
5.3664e-06
7.86595e-07
5.33238e-06
6.28904e-07
5.31613e-06
4.91913e-07
5.31603e-06
3.78509e-07
5.32872e-06
2.94029e-07
5.34955e-06
2.36667e-07
5.37525e-06
1.94086e-07
5.40532e-06
1.58104e-07
5.44042e-06
1.24356e-07
5.4801e-06
9.0613e-08
5.5225e-06
6.19276e-08
5.56579e-06
4.42153e-08
5.60914e-06
3.58078e-08
5.65197e-06
3.5053e-08
5.69423e-06
3.3003e-08
5.73521e-06
3.12282e-08
5.77534e-06
2.74109e-08
5.81333e-06
3.05818e-08
5.84795e-06
3.75358e-08
5.88067e-06
3.44377e-08
5.91149e-06
3.11341e-08
5.94066e-06
2.59555e-08
5.96621e-06
2.92008e-08
5.9875e-06
3.13521e-08
6.00564e-06
2.32404e-08
6.02201e-06
5.07872e-09
6.03586e-06
-5.25459e-09
6.04447e-06
-1.23722e-09
2.15094e-09
3.56693e-06
-8.08469e-08
3.24167e-06
-9.42861e-07
3.17761e-06
-8.43162e-07
3.35613e-06
-2.14452e-07
3.6938e-06
5.63887e-07
4.08397e-06
1.29972e-06
4.44557e-06
1.85898e-06
4.74676e-06
2.22626e-06
4.98739e-06
2.43286e-06
5.16561e-06
2.52964e-06
5.29317e-06
2.55939e-06
5.39179e-06
2.54889e-06
5.49559e-06
2.53038e-06
5.61536e-06
2.4963e-06
5.77241e-06
2.43991e-06
5.98581e-06
2.35334e-06
6.31201e-06
2.23155e-06
6.64422e-06
2.05486e-06
6.77664e-06
1.73989e-06
6.74357e-06
1.37979e-06
6.68214e-06
1.11483e-06
6.63502e-06
9.00407e-07
6.60855e-06
7.18863e-07
6.60099e-06
5.62686e-07
6.61052e-06
4.32423e-07
6.63394e-06
3.343e-07
6.66666e-06
2.67788e-07
6.70489e-06
2.1972e-07
6.74785e-06
1.789e-07
6.79597e-06
1.3972e-07
6.84829e-06
1.01352e-07
6.90266e-06
7.00249e-08
6.95743e-06
5.11211e-08
7.01203e-06
4.191e-08
7.06602e-06
4.05662e-08
7.1193e-06
3.78053e-08
7.17095e-06
3.59907e-08
7.22163e-06
3.11849e-08
7.26992e-06
3.45314e-08
7.31413e-06
4.30099e-08
7.35582e-06
3.95652e-08
7.39507e-06
3.54941e-08
7.43216e-06
2.88829e-08
7.46487e-06
3.25542e-08
7.49236e-06
3.55595e-08
7.51544e-06
2.70859e-08
7.53569e-06
6.54885e-09
7.55279e-06
-6.26234e-09
7.56356e-06
-2.01478e-09
2.23622e-09
4.54506e-06
-7.6359e-08
4.17873e-06
-7.64936e-07
4.04243e-06
-7.16097e-07
4.13936e-06
-2.44243e-07
4.40771e-06
4.20367e-07
4.77324e-06
1.10532e-06
5.15278e-06
1.69033e-06
5.50486e-06
2.13776e-06
5.81083e-06
2.44093e-06
6.06297e-06
2.64145e-06
6.25696e-06
2.76607e-06
6.42787e-06
2.83045e-06
6.60455e-06
2.87022e-06
6.79502e-06
2.87923e-06
7.02749e-06
2.85823e-06
7.33924e-06
2.73351e-06
7.78896e-06
2.63014e-06
8.1868e-06
2.3984e-06
8.32159e-06
1.98116e-06
8.28822e-06
1.57146e-06
8.23556e-06
1.26345e-06
8.2017e-06
1.01574e-06
8.191e-06
8.08273e-07
8.19969e-06
6.32599e-07
8.22531e-06
4.8575e-07
8.26521e-06
3.7366e-07
8.31539e-06
2.97048e-07
8.37171e-06
2.42872e-07
8.43279e-06
1.97158e-07
8.49837e-06
1.53135e-07
8.56694e-06
1.11257e-07
8.63639e-06
7.82971e-08
8.70569e-06
5.85803e-08
8.77461e-06
4.8526e-08
8.84273e-06
4.64974e-08
8.90982e-06
4.2998e-08
8.97477e-06
4.12334e-08
9.03862e-06
3.5118e-08
9.10007e-06
3.80725e-08
9.15675e-06
4.81678e-08
9.2099e-06
4.46869e-08
9.25974e-06
3.99169e-08
9.30668e-06
3.17582e-08
9.34843e-06
3.56784e-08
9.38401e-06
3.94198e-08
9.41357e-06
3.10375e-08
9.43875e-06
8.3987e-09
9.45973e-06
-7.22324e-09
9.473e-06
-2.83858e-09
2.2804e-09
5.67046e-06
-6.12258e-08
5.31734e-06
-6.10372e-07
5.15487e-06
-5.65968e-07
5.19934e-06
-1.98825e-07
5.40853e-06
3.7315e-07
5.73034e-06
1.00429e-06
6.10347e-06
1.5966e-06
6.47536e-06
2.09609e-06
6.82059e-06
2.48548e-06
7.12844e-06
2.77312e-06
7.40605e-06
2.98965e-06
7.67046e-06
3.14555e-06
7.93367e-06
3.25786e-06
8.20862e-06
3.30148e-06
8.54816e-06
3.31643e-06
9.03486e-06
3.2318e-06
9.62961e-06
3.06722e-06
1.00738e-05
2.74255e-06
1.01993e-05
2.21214e-06
1.01759e-05
1.75828e-06
1.01445e-05
1.40653e-06
1.01367e-05
1.12323e-06
1.01542e-05
8.88548e-07
1.01905e-05
6.94174e-07
1.02418e-05
5.32818e-07
1.03061e-05
4.08026e-07
1.0381e-05
3.21136e-07
1.04623e-05
2.60549e-07
1.05478e-05
2.10499e-07
1.06361e-05
1.63293e-07
1.07252e-05
1.19921e-07
1.08136e-05
8.66968e-08
1.09012e-05
6.66444e-08
1.09881e-05
5.57073e-08
1.10742e-05
5.26256e-08
1.1159e-05
4.8232e-08
1.12411e-05
4.66084e-08
1.13216e-05
3.90729e-08
1.13994e-05
4.12264e-08
1.14718e-05
5.28107e-08
1.15396e-05
4.94609e-08
1.1603e-05
4.41188e-08
1.16623e-05
3.45118e-08
1.17156e-05
3.82953e-08
1.17617e-05
4.24594e-08
1.17995e-05
3.50043e-08
1.18308e-05
1.07861e-08
1.18565e-05
-8.02282e-09
1.18729e-05
-3.65245e-09
2.26189e-09
7.09138e-06
-4.22195e-08
6.76794e-06
-4.62624e-07
6.58763e-06
-3.89962e-07
6.57765e-06
-8.03747e-08
6.72082e-06
4.25813e-07
6.98773e-06
1.01045e-06
7.32859e-06
1.6015e-06
7.69732e-06
2.1349e-06
8.07295e-06
2.58936e-06
8.45679e-06
2.96044e-06
8.82147e-06
3.26031e-06
9.1829e-06
3.50699e-06
9.54698e-06
3.67843e-06
9.96232e-06
3.79035e-06
1.0466e-05
3.78961e-06
1.11721e-05
3.74366e-06
1.19183e-05
3.51585e-06
1.23716e-05
3.02952e-06
1.24828e-05
2.41814e-06
1.24871e-05
1.92349e-06
1.24953e-05
1.52944e-06
1.25319e-05
1.20924e-06
1.25946e-05
9.47421e-07
1.26739e-05
7.3687e-07
1.27637e-05
5.65604e-07
1.28627e-05
4.32099e-07
1.29706e-05
3.36674e-07
1.30844e-05
2.70228e-07
1.32009e-05
2.17171e-07
1.33176e-05
1.69333e-07
1.34324e-05
1.26999e-07
1.35449e-05
9.4951e-08
1.36558e-05
7.50065e-08
1.37657e-05
6.31913e-08
1.38746e-05
5.8686e-08
1.3982e-05
5.32096e-08
1.40862e-05
5.14594e-08
1.41877e-05
4.2811e-08
1.42854e-05
4.45295e-08
1.43775e-05
5.68297e-08
1.44644e-05
5.3119e-08
1.45454e-05
4.74078e-08
1.46204e-05
3.68657e-08
1.46881e-05
4.03347e-08
1.47472e-05
4.46614e-08
1.47954e-05
3.89085e-08
1.48347e-05
1.35056e-08
1.48664e-05
-8.70578e-09
1.48866e-05
-4.52252e-09
2.08443e-09
8.90364e-06
-5.02259e-08
8.62057e-06
-3.51485e-07
8.44569e-06
-2.1009e-07
8.398e-06
9.81223e-08
8.47997e-06
5.83065e-07
8.6796e-06
1.14709e-06
8.97006e-06
1.73214e-06
9.32319e-06
2.28959e-06
9.7134e-06
2.79052e-06
1.01481e-05
3.22541e-06
1.05879e-05
3.60244e-06
1.10511e-05
3.90635e-06
1.1571e-05
4.1648e-06
1.21633e-05
4.29855e-06
1.29794e-05
4.3584e-06
1.39511e-05
4.24074e-06
1.4784e-05
3.88376e-06
1.51768e-05
3.23033e-06
1.52868e-05
2.58437e-06
1.53401e-05
2.05075e-06
1.54111e-05
1.61482e-06
1.55138e-05
1.25794e-06
1.56415e-05
9.7113e-07
1.57813e-05
7.49285e-07
1.59245e-05
5.75501e-07
1.60698e-05
4.40485e-07
1.62193e-05
3.41133e-07
1.63725e-05
2.71094e-07
1.65264e-05
2.17094e-07
1.66776e-05
1.71244e-07
1.68247e-05
1.32105e-07
1.6968e-05
1.02325e-07
1.7109e-05
8.27959e-08
1.72486e-05
7.01546e-08
1.73867e-05
6.41825e-08
1.75223e-05
5.77769e-08
1.76542e-05
5.56339e-08
1.77817e-05
4.67589e-08
1.79041e-05
4.82449e-08
1.80215e-05
5.93659e-08
1.81328e-05
5.48246e-08
1.82363e-05
4.91647e-08
1.83312e-05
3.85575e-08
1.84168e-05
4.17495e-08
1.84924e-05
4.55754e-08
1.85541e-05
4.21753e-08
1.86034e-05
1.66994e-08
1.86423e-05
-8.81611e-09
1.86674e-05
-5.47079e-09
1.67612e-09
1.11437e-05
-6.27938e-08
1.09646e-05
-2.66967e-07
1.08224e-05
-3.9656e-08
1.07651e-05
3.24365e-07
1.07971e-05
8.41691e-07
1.09275e-05
1.42599e-06
1.11463e-05
2.01261e-06
1.14571e-05
2.58575e-06
1.1838e-05
3.1161e-06
1.23343e-05
3.60015e-06
1.28895e-05
4.03104e-06
1.35122e-05
4.38239e-06
1.42252e-05
4.6699e-06
1.52099e-05
4.86496e-06
1.63872e-05
4.86002e-06
1.75674e-05
4.61295e-06
1.83225e-05
4.04828e-06
1.86405e-05
3.34273e-06
1.87864e-05
2.69127e-06
1.89136e-05
2.12538e-06
1.90699e-05
1.64813e-06
1.92587e-05
1.25724e-06
1.94673e-05
9.51366e-07
1.9681e-05
7.25691e-07
1.989e-05
5.5769e-07
2.00929e-05
4.29533e-07
2.02934e-05
3.33049e-07
2.04931e-05
2.63785e-07
2.06908e-05
2.11498e-07
2.08839e-05
1.69456e-07
2.10715e-05
1.34499e-07
2.12547e-05
1.07433e-07
2.14348e-05
8.85418e-08
2.16126e-05
7.53778e-08
2.17879e-05
6.83213e-08
2.19592e-05
6.14987e-08
2.21261e-05
5.88052e-08
2.22862e-05
5.08816e-08
2.24398e-05
5.22248e-08
2.25891e-05
5.98261e-08
2.2731e-05
5.40969e-08
2.28628e-05
4.89384e-08
2.29825e-05
3.95186e-08
2.30904e-05
4.25941e-08
2.31869e-05
4.46022e-08
2.32666e-05
4.37316e-08
2.33289e-05
1.98664e-08
2.33768e-05
-8.18064e-09
2.34076e-05
-6.17388e-09
1.29821e-09
1.39355e-05
-6.80414e-08
1.39002e-05
-1.83644e-07
1.38509e-05
1.15145e-07
1.38063e-05
6.12239e-07
1.38105e-05
1.22619e-06
1.38689e-05
1.85479e-06
1.40284e-05
2.47324e-06
1.43165e-05
3.05428e-06
1.4726e-05
3.58856e-06
1.52868e-05
4.07759e-06
1.59871e-05
4.5131e-06
1.69908e-05
4.90869e-06
1.81786e-05
5.16856e-06
1.96042e-05
5.26915e-06
2.10688e-05
5.11121e-06
2.21248e-05
4.66448e-06
2.27104e-05
4.0291e-06
2.30298e-05
3.35739e-06
2.32582e-05
2.72091e-06
2.34852e-05
2.13569e-06
2.37421e-05
1.62478e-06
2.4024e-05
1.20965e-06
2.43147e-05
8.96717e-07
2.46016e-05
6.76405e-07
2.48789e-05
5.19323e-07
2.51459e-05
4.02456e-07
2.54054e-05
3.14049e-07
2.56598e-05
2.49975e-07
2.59096e-05
2.01703e-07
2.61541e-05
1.64117e-07
2.6393e-05
1.33186e-07
2.6627e-05
1.0876e-07
2.68571e-05
9.08134e-08
2.70834e-05
7.78028e-08
2.73056e-05
7.04097e-08
2.75223e-05
6.37742e-08
2.77331e-05
6.05693e-08
2.79345e-05
5.48373e-08
2.81275e-05
5.61785e-08
2.8316e-05
5.86116e-08
2.84954e-05
5.12632e-08
2.86623e-05
4.63599e-08
2.88136e-05
3.91109e-08
2.89496e-05
4.2562e-08
2.90718e-05
4.18617e-08
2.91741e-05
4.29831e-08
2.92532e-05
2.26709e-08
2.93113e-05
-5.61499e-09
2.93484e-05
-5.65753e-09
1.03459e-09
1.74388e-05
-6.91307e-08
1.75838e-05
-1.05114e-07
1.77385e-05
2.01295e-07
1.78576e-05
8.37765e-07
1.79081e-05
1.65976e-06
1.7949e-05
2.45828e-06
1.80853e-05
3.15658e-06
1.84135e-05
3.73402e-06
1.89691e-05
4.2124e-06
1.9829e-05
4.62323e-06
2.09777e-05
4.96911e-06
2.24262e-05
5.22562e-06
2.40562e-05
5.32344e-06
2.56337e-05
5.22835e-06
2.6835e-05
4.91826e-06
2.76546e-05
4.43826e-06
2.82135e-05
3.86335e-06
2.86336e-05
3.25471e-06
2.89971e-05
2.65153e-06
2.93493e-05
2.0729e-06
2.97087e-05
1.55588e-06
3.00728e-05
1.13836e-06
3.04346e-05
8.3008e-07
3.07904e-05
6.17781e-07
3.11385e-05
4.7015e-07
3.14769e-05
3.64168e-07
3.18056e-05
2.86069e-07
3.21266e-05
2.2983e-07
3.24419e-05
1.86664e-07
3.27518e-05
1.53314e-07
3.30563e-05
1.25811e-07
3.33556e-05
1.03872e-07
3.36499e-05
8.72584e-08
3.39385e-05
7.53276e-08
3.4221e-05
6.85633e-08
3.44956e-05
6.30581e-08
3.47622e-05
5.99428e-08
3.50169e-05
5.70421e-08
3.52608e-05
5.86263e-08
3.54983e-05
5.5423e-08
3.5724e-05
4.63963e-08
3.59348e-05
4.12389e-08
3.61262e-05
3.65838e-08
3.62973e-05
4.14775e-08
3.64505e-05
3.82114e-08
3.65806e-05
3.98786e-08
3.66826e-05
2.31178e-08
3.67552e-05
-2.32775e-09
3.67997e-05
-3.02553e-09
1.60122e-09
2.18111e-05
-5.39955e-08
2.20369e-05
-4.56059e-08
2.23596e-05
2.17113e-07
2.27822e-05
8.46525e-07
2.32144e-05
1.79263e-06
2.35994e-05
2.80388e-06
2.40312e-05
3.64552e-06
2.4649e-05
4.22398e-06
2.55227e-05
4.57698e-06
2.67206e-05
4.79485e-06
2.81503e-05
4.90442e-06
2.97125e-05
4.92088e-06
3.12052e-05
4.82892e-06
3.25185e-05
4.64105e-06
3.35954e-05
4.37045e-06
3.44518e-05
4.00391e-06
3.51446e-05
3.54581e-06
3.57307e-05
3.02835e-06
3.62577e-05
2.48179e-06
3.6751e-05
1.93915e-06
3.7223e-05
1.44689e-06
3.7681e-05
1.04668e-06
3.81311e-05
7.49317e-07
3.85749e-05
5.45952e-07
3.90103e-05
4.0882e-07
3.94344e-05
3.15668e-07
3.98465e-05
2.50342e-07
4.02496e-05
2.03275e-07
4.06474e-05
1.6465e-07
4.10404e-05
1.34706e-07
4.14276e-05
1.10467e-07
4.18086e-05
9.13467e-08
4.21828e-05
7.69773e-08
4.25486e-05
6.77362e-08
4.29048e-05
6.35326e-08
4.32503e-05
6.04125e-08
4.35855e-05
5.7752e-08
4.39076e-05
5.64997e-08
4.42173e-05
5.73825e-08
4.45162e-05
4.98878e-08
4.4798e-05
4.10628e-08
4.50612e-05
3.5613e-08
4.53012e-05
3.28824e-08
4.55156e-05
4.00385e-08
4.57064e-05
3.45411e-08
4.58713e-05
3.40029e-08
4.6003e-05
1.96173e-08
4.60955e-05
2.17747e-10
4.615e-05
1.44577e-09
3.35755e-09
2.73358e-05
-5.55465e-08
2.76687e-05
-3.88004e-08
2.80811e-05
1.71555e-07
2.86512e-05
6.81932e-07
2.94052e-05
1.4995e-06
3.02641e-05
2.4768e-06
3.11921e-05
3.33122e-06
3.2218e-05
3.88224e-06
3.33641e-05
4.14746e-06
3.46375e-05
4.23668e-06
3.60058e-05
4.21227e-06
3.74284e-05
4.10965e-06
3.88356e-05
3.96636e-06
4.01587e-05
3.80952e-06
4.13561e-05
3.63013e-06
4.2416e-05
3.38556e-06
4.33528e-05
3.04693e-06
4.41988e-05
2.62244e-06
4.49819e-05
2.14322e-06
4.57115e-05
1.65904e-06
4.63933e-05
1.21932e-06
4.70365e-05
8.62176e-07
4.76499e-05
5.9843e-07
4.82379e-05
4.23737e-07
4.88034e-05
3.11623e-07
4.93495e-05
2.39812e-07
4.98781e-05
1.93117e-07
5.03933e-05
1.59453e-07
5.09016e-05
1.26993e-07
5.14039e-05
1.01171e-07
5.18984e-05
8.17042e-08
5.23852e-05
6.59861e-08
5.28642e-05
5.37774e-08
5.33319e-05
4.86656e-08
5.37855e-05
4.98074e-08
5.42243e-05
5.10307e-08
5.46494e-05
4.97416e-08
5.50597e-05
4.907e-08
5.54543e-05
4.90777e-08
5.58312e-05
4.0431e-08
5.61848e-05
3.38078e-08
5.65141e-05
2.88147e-08
5.68152e-05
2.78819e-08
5.70852e-05
3.67169e-08
5.73248e-05
2.93762e-08
5.75329e-05
2.50889e-08
5.77006e-05
1.25793e-08
5.78162e-05
3.54278e-09
5.78826e-05
8.97042e-09
6.053e-09
3.42391e-05
-4.33414e-08
3.4646e-05
-3.30924e-08
3.51143e-05
1.30725e-07
3.57052e-05
5.35127e-07
3.65118e-05
1.15522e-06
3.7595e-05
1.87508e-06
3.89215e-05
2.50573e-06
4.03934e-05
2.92782e-06
4.1911e-05
3.15757e-06
4.34335e-05
3.24646e-06
4.49602e-05
3.21784e-06
4.64934e-05
3.1062e-06
4.80105e-05
2.97692e-06
4.94855e-05
2.86247e-06
5.09105e-05
2.7359e-06
5.22909e-05
2.54091e-06
5.36265e-05
2.25359e-06
5.49054e-05
1.89284e-06
5.61013e-05
1.50356e-06
5.71895e-05
1.13376e-06
5.81613e-05
8.16495e-07
5.90285e-05
5.69587e-07
5.98164e-05
3.89825e-07
6.05486e-05
2.75113e-07
6.12465e-05
2.00463e-07
6.19247e-05
1.50677e-07
6.2584e-05
1.24244e-07
6.32283e-05
1.05859e-07
6.38683e-05
7.66311e-08
6.4505e-05
5.17194e-08
6.513e-05
4.02365e-08
6.57408e-05
3.33341e-08
6.63406e-05
2.50925e-08
6.69262e-05
2.52342e-08
6.74928e-05
3.45366e-08
6.8041e-05
4.09463e-08
6.85725e-05
4.09932e-08
6.90857e-05
4.06537e-08
6.95789e-05
3.99957e-08
7.00479e-05
3.19662e-08
7.04897e-05
2.59675e-08
7.09013e-05
2.14159e-08
7.12772e-05
2.29726e-08
7.16159e-05
3.22699e-08
7.19146e-05
2.4567e-08
7.21751e-05
1.40579e-08
7.23884e-05
6.8098e-10
7.25378e-05
3.21079e-09
7.26233e-05
1.61578e-08
9.74494e-09
4.2924e-05
-2.72557e-08
4.34463e-05
-4.42042e-08
4.40232e-05
7.75835e-08
4.46374e-05
4.57375e-07
4.54536e-05
8.87991e-07
4.6681e-05
1.20916e-06
4.83473e-05
1.41322e-06
5.02861e-05
1.57454e-06
5.23092e-05
1.7315e-06
5.43055e-05
1.85784e-06
5.62413e-05
1.90015e-06
5.81054e-05
1.87032e-06
5.98968e-05
1.82378e-06
6.16396e-05
1.7682e-06
6.33732e-05
1.66096e-06
6.51084e-05
1.47445e-06
6.68248e-05
1.21578e-06
6.84854e-05
9.20289e-07
7.00405e-05
6.45484e-07
7.1444e-05
4.35699e-07
7.26886e-05
2.84983e-07
7.3798e-05
1.80154e-07
7.48075e-05
1.06448e-07
7.57513e-05
6.26341e-08
7.66538e-05
3.33617e-08
7.75278e-05
1.50555e-08
7.83752e-05
1.69227e-08
7.91973e-05
2.41021e-08
7.99987e-05
1.43719e-08
8.07856e-05
1.02978e-09
8.15649e-05
-7.56741e-09
8.23399e-05
-1.68986e-08
8.31097e-05
-2.87777e-08
8.38657e-05
-2.60135e-08
8.45979e-05
-6.51802e-09
8.5303e-05
1.05414e-08
8.59823e-05
1.70608e-08
8.66381e-05
1.77387e-08
8.72674e-05
1.76093e-08
8.78618e-05
1.50485e-08
8.842e-05
1.1945e-08
8.89379e-05
1.02564e-08
8.94123e-05
1.36861e-08
8.98424e-05
2.12573e-08
9.02182e-05
1.71235e-08
9.05421e-05
3.0649e-09
9.0805e-05
-9.74733e-09
9.10021e-05
-6.98494e-09
9.11269e-05
7.59143e-09
8.42645e-09
5.38291e-05
5.44243e-05
5.51557e-05
5.62814e-05
5.78522e-05
5.97586e-05
6.18837e-05
6.41848e-05
6.66574e-05
6.92708e-05
7.19408e-05
7.45953e-05
7.72172e-05
7.97973e-05
8.22835e-05
8.45962e-05
8.66627e-05
8.84457e-05
8.99651e-05
9.12853e-05
9.24644e-05
9.35474e-05
9.45644e-05
9.55441e-05
9.64997e-05
9.74407e-05
9.83857e-05
9.93383e-05
0.00010028
0.000101204
0.000102114
0.000103006
0.000103875
0.000104733
0.000105593
0.00010645
0.000107289
0.0001081
0.000108879
0.000109619
0.000110313
0.000110959
0.000111556
0.000112103
0.000112582
0.000112978
0.000113284
0.000113512
0.000113665
)
;

boundaryField
{
    AXIS
    {
        type            empty;
        value           nonuniform 0();
    }
    OUTLET
    {
        type            calculated;
        value           nonuniform List<scalar> 
25
(
2.04233e-07
6.29417e-07
1.06001e-06
1.48936e-06
1.91936e-06
2.35155e-06
2.78628e-06
3.22364e-06
3.66399e-06
4.10936e-06
4.83968e-06
6.04709e-06
7.56692e-06
9.47724e-06
1.18782e-05
1.48935e-05
1.86761e-05
2.34184e-05
2.93617e-05
3.68154e-05
4.61686e-05
5.79054e-05
7.26515e-05
9.11682e-05
0.000113724
)
;
    }
    COFLOW
    {
        type            calculated;
        value           nonuniform List<scalar> 
15
(
-2.3669e-06
-2.93819e-06
-3.65215e-06
-4.5451e-06
-5.66268e-06
-7.06215e-06
-8.81554e-06
-1.10134e-05
-1.37696e-05
-1.72272e-05
-2.15661e-05
-2.70128e-05
-3.38518e-05
-4.24411e-05
-5.32312e-05
)
;
    }
    PILOT
    {
        type            calculated;
        value           nonuniform List<scalar> 5(-6.04069e-07 -7.13911e-07 -8.23822e-07 -9.33691e-07 -1.04356e-06);
    }
    FUEL
    {
        type            calculated;
        value           nonuniform List<scalar> 5(-1.05184e-06 -3.15539e-06 -5.2596e-06 -7.36622e-06 -9.47249e-06);
    }
    WALL
    {
        type            calculated;
        value           uniform 0;
    }
    front
    {
        type            wedge;
        value           nonuniform List<scalar> 
1250
(
1.27394e-20
3.4887e-20
5.30006e-20
7.21089e-20
1.03775e-19
6.28277e-20
1.81549e-19
3.40825e-19
6.42588e-19
1.35989e-18
1.09588e-19
3.11867e-19
5.58275e-19
9.40546e-19
1.27165e-18
1.80703e-19
5.28688e-19
1.07395e-18
1.57008e-18
4.52114e-19
8.85992e-20
1.84064e-19
1.05766e-19
-3.5341e-19
-1.69784e-19
-1.36849e-19
-4.16552e-19
-1.09297e-18
-2.19556e-18
-1.28273e-18
-1.45141e-19
-4.18521e-19
-7.60275e-19
-1.09444e-18
-9.75652e-19
-1.03146e-19
-2.92568e-19
-4.86516e-19
-6.55894e-19
-7.52867e-19
-1.00333e-19
-2.85858e-19
-4.76676e-19
-6.6219e-19
-8.28192e-19
-1.65709e-19
-4.722e-19
-7.9437e-19
-1.13421e-18
-1.46798e-18
-3.09273e-19
-8.96885e-19
-1.61275e-18
-2.60304e-18
-3.70522e-18
-3.18506e-19
-9.10107e-19
-1.53525e-18
-2.19188e-18
-2.82335e-18
-2.94388e-19
-8.34221e-19
-1.36511e-18
-1.8582e-18
-2.27659e-18
-3.43366e-19
-9.69767e-19
-1.56826e-18
-2.07588e-18
-2.35262e-18
-5.92481e-19
-1.70661e-18
-3.04642e-18
-4.13828e-18
-3.64724e-18
-2.34658e-19
-6.61214e-19
-1.05496e-18
-1.35291e-18
-1.3977e-18
6.6085e-19
1.93193e-18
3.6126e-18
5.29272e-18
3.68179e-18
7.74168e-19
2.16793e-18
3.43451e-18
4.32692e-18
4.29219e-18
1.36347e-18
3.59678e-18
5.08895e-18
5.80516e-18
6.03251e-18
-5.57404e-17
-7.26069e-17
-5.88838e-17
-3.23632e-17
-2.52484e-17
-8.45696e-18
-1.70317e-17
-1.1948e-17
3.02719e-18
-7.17066e-18
-1.48006e-18
-3.61638e-18
-3.49006e-18
-2.19763e-18
-3.79076e-18
-1.49103e-18
-4.29671e-18
-7.60218e-18
-1.07073e-17
6.51084e-18
-1.97785e-18
-5.67743e-18
-9.87556e-18
-1.50812e-17
-2.11079e-17
-4.67684e-18
-1.3466e-17
-2.35755e-17
-3.4412e-17
-2.59055e-17
-2.82529e-18
-7.93011e-18
-1.24842e-17
-1.54296e-17
-1.47957e-17
-1.15479e-18
-3.20115e-18
-4.7764e-18
-5.42825e-18
-4.82808e-18
-1.34502e-19
-3.03748e-19
-1.11225e-19
7.48743e-19
2.55807e-18
2.08949e-19
5.90546e-19
1.21567e-18
2.21887e-18
3.67814e-18
1.60305e-19
5.36285e-19
1.04136e-18
1.76002e-18
2.49929e-18
-3.41848e-18
-1.00104e-17
-1.85065e-17
-3.00801e-17
-1.74534e-17
-3.51394e-18
-1.00462e-17
-1.69966e-17
-2.43475e-17
-3.11503e-17
-2.90595e-19
-7.13659e-19
-3.29323e-19
8.69881e-19
-2.17876e-17
-1.06725e-19
-2.80799e-19
-6.94652e-19
-1.71529e-18
-4.41105e-18
-4.72198e-18
-1.01942e-17
-1.91944e-17
-2.96284e-17
-1.99172e-17
-4.86261e-18
-1.13493e-17
-1.90784e-17
-2.62287e-17
-3.1768e-17
4.96503e-17
8.49137e-17
7.88357e-17
6.04428e-17
6.18826e-17
6.69318e-18
1.31195e-17
1.27716e-17
5.28501e-18
1.57265e-17
-1.3501e-16
-1.78389e-16
-2.0861e-16
-2.02947e-16
-1.81478e-16
-2.37635e-17
-5.36867e-17
-7.55008e-17
-8.3722e-17
-8.26856e-17
-5.96722e-18
-1.54187e-17
-2.33444e-17
-2.7921e-17
-2.92765e-17
-1.48999e-18
-3.96982e-18
-6.16164e-18
-7.57299e-18
-8.11801e-18
-2.07195e-18
-4.01475e-18
-5.53306e-18
-5.55921e-18
-5.18304e-18
1.26596e-16
1.44467e-16
1.33592e-16
7.8257e-17
4.72299e-17
2.04853e-17
5.17644e-17
7.4166e-17
8.89269e-17
6.17851e-17
5.34926e-18
1.47583e-17
2.16311e-17
2.46213e-17
2.18697e-17
-3.70289e-18
-1.05047e-17
-1.77253e-17
-2.3377e-17
1.19683e-17
-2.29783e-18
-6.35399e-18
-9.62089e-18
-1.15752e-17
-1.09444e-17
1.83759e-17
3.57122e-17
5.60949e-17
8.30182e-17
1.1389e-16
-9.96871e-17
-1.67801e-16
-1.53193e-16
-1.02886e-16
-4.14344e-17
2.15765e-19
6.29938e-19
1.2434e-18
1.03558e-18
1.1667e-19
2.1532e-18
1.87344e-18
1.5637e-18
1.00192e-18
4.5539e-19
1.51335e-18
1.47307e-18
1.22897e-18
8.58292e-19
4.84625e-19
9.13733e-19
1.15951e-18
1.37735e-18
7.49942e-19
4.10899e-19
9.79153e-20
-6.15135e-20
-6.14371e-19
-7.54523e-19
-3.58449e-19
-8.51112e-19
-9.89628e-19
-1.57433e-18
-1.60754e-18
-9.75146e-19
-9.17238e-19
-1.03107e-18
-1.34047e-18
-1.57514e-18
-1.21265e-18
-8.51286e-19
-9.85062e-19
-1.1496e-18
-1.29005e-18
-1.32819e-18
-9.73507e-19
-1.1071e-18
-1.23158e-18
-1.34752e-18
-1.46899e-18
-1.6885e-18
-1.80219e-18
-1.81862e-18
-1.81477e-18
-1.74603e-18
-4.26729e-18
-4.17937e-18
-3.59517e-18
-3.25652e-18
-2.63234e-18
-3.21792e-18
-3.42182e-18
-3.53653e-18
-3.60282e-18
-2.95932e-18
-2.58526e-18
-2.78171e-18
-2.86986e-18
-2.84206e-18
-2.58706e-18
-2.54918e-18
-2.6914e-18
-2.75826e-18
-2.66441e-18
-2.49799e-18
-3.2848e-18
-3.43473e-18
-3.76258e-18
-3.10367e-18
-2.68169e-18
-1.32076e-18
-1.0995e-18
-6.14093e-19
7.59628e-20
-5.811e-19
2.78793e-18
2.92233e-18
3.58005e-18
2.24444e-18
8.12448e-19
4.11817e-18
3.99925e-18
3.78689e-18
2.96275e-18
1.83514e-18
6.02962e-18
5.72218e-18
5.06195e-18
4.10422e-18
2.78203e-18
-3.13131e-17
-2.87281e-17
-1.86072e-17
-1.76188e-17
-8.41635e-18
-1.15271e-17
-9.36696e-18
-2.47065e-18
-7.47878e-18
-9.94407e-18
-4.80883e-18
-4.76309e-18
-4.38792e-18
-5.79912e-18
-7.4234e-18
1.95192e-18
-2.48975e-18
-6.29601e-18
2.08604e-18
-5.78386e-20
-1.09643e-17
-6.25974e-18
-3.89571e-18
-1.66721e-18
-1.44448e-18
-1.96258e-17
-1.74947e-17
-1.85081e-17
-1.12416e-17
-7.03773e-18
-1.32271e-17
-1.17619e-17
-1.03764e-17
-8.02235e-18
-6.0332e-18
-3.09689e-18
-1.78517e-19
4.35781e-18
1.03405e-17
6.46524e-18
5.55807e-18
9.97512e-18
1.60538e-17
2.35596e-17
2.13552e-17
5.5771e-18
7.76977e-18
9.85333e-18
1.10321e-17
9.87295e-18
3.35774e-18
4.21962e-18
4.87622e-18
4.98532e-18
4.44934e-18
-1.17498e-17
-1.04927e-17
-1.15353e-17
-3.6356e-18
2.27957e-18
-4.10941e-17
-3.66443e-17
-2.33518e-17
-1.39051e-17
-8.04143e-18
-1.70392e-17
-9.75989e-18
-4.82926e-19
-3.18309e-18
-5.05904e-18
-4.65247e-18
-3.95884e-18
-3.51733e-18
-5.0429e-18
-7.746e-18
-1.53459e-17
-1.40667e-17
-1.42159e-17
-5.06906e-18
3.63812e-18
-1.74107e-17
-5.24152e-18
6.33263e-18
6.16698e-18
7.89923e-18
5.65375e-17
4.76256e-17
3.43109e-17
2.68419e-17
1.18379e-17
1.83975e-17
1.52357e-17
7.89387e-18
1.12494e-17
1.28011e-17
-1.57867e-16
-1.30351e-16
-1.0119e-16
-6.78556e-17
-5.16615e-17
-7.59364e-17
-6.57325e-17
-5.36987e-17
-4.14255e-17
-3.12012e-17
-2.81327e-17
-2.53437e-17
-2.17102e-17
-1.79462e-17
-1.46522e-17
-7.89131e-18
-7.05731e-18
-5.78317e-18
-4.19108e-18
-2.32536e-18
-4.70188e-18
-4.25486e-18
-3.90805e-18
-3.65052e-18
-3.18993e-18
3.21253e-17
2.65994e-17
2.77405e-17
3.31417e-17
1.92494e-17
4.31816e-17
3.2041e-17
2.60395e-17
2.32602e-17
2.1655e-17
1.82897e-17
1.48443e-17
1.18059e-17
8.64404e-18
5.37333e-18
-1.02395e-18
-1.50575e-17
-2.86191e-17
-1.74252e-17
-9.46338e-18
-1.18428e-17
-1.22892e-17
-1.12424e-17
-7.67424e-18
-3.39559e-18
1.13511e-16
9.09276e-17
5.46019e-17
3.22964e-17
1.98243e-17
-8.45341e-18
4.75874e-18
6.94911e-18
4.80357e-18
9.07581e-19
1.62362e-20
-1.00264e-19
-3.01694e-19
-1.16132e-19
-3.94544e-20
-4.51247e-20
-1.18328e-19
-8.84044e-20
4.63989e-19
-2.39597e-18
-1.05296e-18
-1.32558e-19
5.82627e-20
-1.3884e-18
4.97912e-19
-9.61088e-21
-7.97674e-19
-2.64629e-18
-9.23369e-19
-2.97118e-19
-3.81186e-19
-1.19119e-18
-1.11818e-18
5.5918e-18
-7.22563e-18
-5.06393e-18
-3.71929e-19
5.84582e-19
1.62996e-18
1.74271e-17
1.8538e-19
-1.05366e-19
-4.44897e-19
-7.29835e-20
9.42923e-20
-4.66249e-19
-3.66299e-18
-6.47079e-18
8.39196e-19
-4.55293e-18
-2.10638e-18
1.07998e-19
1.56556e-18
6.63815e-18
-8.77874e-18
2.75147e-19
2.92252e-19
5.36947e-19
1.12248e-18
1.19801e-18
1.11744e-18
-3.28684e-19
-8.65999e-19
6.68412e-19
-9.65573e-19
8.05172e-18
1.61045e-18
3.4238e-18
2.28296e-17
-1.72295e-18
-1.45334e-20
4.69761e-19
1.45433e-18
3.27024e-18
2.79192e-18
3.81451e-18
2.45116e-18
4.42937e-18
2.18837e-18
1.50773e-18
8.1335e-18
3.03755e-18
4.95346e-18
3.2692e-17
-3.01489e-17
-4.10684e-19
2.93695e-19
1.505e-18
1.90042e-18
2.34774e-18
3.8557e-18
2.94963e-18
3.4296e-18
2.71604e-18
3.64157e-18
1.81859e-17
5.45024e-18
5.04156e-18
2.27866e-17
-5.2398e-17
-9.20072e-19
-6.8403e-19
-3.18563e-19
-1.36643e-19
1.1132e-18
2.20641e-18
2.41489e-18
2.74894e-18
2.77395e-18
4.35715e-18
1.99471e-17
6.91706e-18
4.29956e-18
1.45532e-17
-3.1349e-17
-1.53802e-18
-2.02017e-18
-1.8845e-18
-7.31191e-19
1.03329e-18
1.6063e-18
1.98246e-18
2.34738e-18
2.53487e-18
2.94004e-18
2.58726e-18
4.01558e-18
3.01897e-18
8.70629e-18
-1.64091e-17
-1.76175e-18
-2.21438e-18
-1.83864e-18
-9.35462e-19
2.57565e-19
1.1469e-18
1.76761e-18
2.22317e-18
2.45033e-18
1.79747e-18
8.5903e-19
1.85359e-18
2.15058e-18
7.8069e-18
-7.89783e-18
-1.74959e-18
-1.80481e-18
-1.49419e-18
-7.92276e-19
2.74456e-19
1.55991e-18
2.08785e-18
2.54318e-18
2.98308e-18
-1.49773e-19
-5.40064e-19
5.43614e-19
2.69981e-18
3.13837e-17
-1.28977e-18
-2.16394e-18
-1.82794e-18
-1.29816e-18
-3.93307e-19
9.16371e-19
3.17739e-18
3.00882e-18
3.3078e-18
5.25377e-18
-7.60771e-18
-3.61591e-18
-9.02261e-19
8.6425e-19
4.87951e-17
3.37207e-18
-2.39497e-18
-1.92263e-18
-1.13355e-18
3.75895e-19
1.12007e-18
2.32474e-18
2.68663e-18
2.9094e-18
2.261e-18
-1.42758e-17
-6.97794e-18
-4.11301e-18
-2.33673e-17
5.61618e-17
5.54112e-18
-2.40008e-18
-2.32931e-18
-2.10798e-18
-9.75332e-20
6.7468e-19
1.52348e-18
2.02714e-18
2.36782e-18
1.31661e-18
-9.45254e-18
-6.82424e-18
-6.95809e-18
-3.93686e-17
3.16199e-17
2.63858e-18
-2.43094e-18
-2.45231e-18
-2.32394e-18
-1.42849e-18
-2.80403e-19
9.64779e-19
7.44331e-19
1.28976e-18
7.74987e-19
-5.81069e-18
-5.48198e-18
-7.22428e-18
-2.91423e-17
1.52049e-17
-1.74644e-17
-2.69112e-18
-3.15442e-18
-4.07137e-18
-3.81267e-18
-1.1343e-18
2.84254e-18
-4.06058e-18
-1.62012e-18
-7.09058e-19
-4.02282e-18
-6.14127e-18
-8.61015e-18
-4.21682e-17
3.163e-17
1.10721e-17
-1.17174e-18
-1.47819e-18
-1.18394e-18
-2.07487e-18
-1.62942e-18
-6.82196e-19
-2.91144e-18
-2.42833e-18
-1.82592e-18
-5.64702e-18
-3.29545e-17
-1.26311e-17
-2.85579e-17
-8.35186e-18
8.4489e-18
-5.04453e-19
-2.25666e-18
-4.9421e-18
-4.88795e-18
-6.28564e-18
-1.45178e-17
-8.17578e-18
-3.6921e-18
6.31156e-19
9.32073e-18
-1.76367e-17
-1.05276e-17
-1.56726e-17
1.85666e-17
7.53231e-18
5.54865e-19
-1.14076e-18
-3.31926e-18
-4.62658e-18
-6.37827e-18
-1.0287e-17
-6.76811e-18
9.54288e-20
1.80151e-17
1.01216e-17
-7.55848e-18
-6.62493e-18
-7.42266e-18
1.3508e-17
5.58981e-18
1.4204e-18
-1.38251e-19
-1.88606e-18
-3.28671e-18
-4.42311e-18
-5.52721e-18
-3.41771e-18
1.22794e-18
1.09638e-17
7.87364e-18
-2.35658e-18
-3.5397e-18
-3.87554e-18
9.00429e-18
3.23284e-18
-3.70024e-18
-8.52252e-19
2.41302e-18
9.1149e-18
8.98414e-18
2.11503e-17
1.99296e-17
-8.18326e-18
3.12647e-18
4.23134e-18
-8.87504e-19
-5.333e-18
-3.30571e-17
-2.89825e-17
-3.7473e-19
-1.41894e-17
-1.09026e-17
-1.16617e-17
-2.71363e-18
-1.22833e-19
-5.6242e-18
4.92667e-18
-2.43057e-18
8.46614e-19
1.78681e-18
-7.30994e-19
-5.57194e-18
-2.69206e-17
-5.51039e-17
-1.46545e-18
-9.62191e-18
-1.20706e-17
-1.66839e-17
-9.35434e-18
-4.94494e-18
-3.91571e-18
9.27355e-19
3.06854e-18
1.80128e-17
5.73912e-18
8.31858e-19
-4.078e-18
-1.83062e-17
-3.73116e-17
2.55978e-17
-1.69986e-18
-1.94625e-18
4.72833e-19
-4.18874e-18
-9.41009e-18
-2.16615e-17
-6.73893e-18
3.06771e-18
1.89106e-17
4.79159e-17
4.36771e-17
5.71553e-18
-5.78981e-18
1.44783e-17
2.27079e-17
-2.32985e-18
-4.5468e-18
-9.66723e-18
-2.28454e-17
-1.62844e-17
-1.4517e-17
-6.66061e-18
2.04037e-18
1.42024e-17
3.15484e-17
3.06934e-17
8.28711e-18
1.21801e-18
1.67653e-17
4.3271e-17
-5.60241e-18
-6.29772e-18
-9.26948e-18
-1.4919e-17
-1.88169e-17
-2.87989e-17
-1.40405e-17
-6.71051e-18
-1.13842e-17
1.2248e-17
1.61525e-17
1.52839e-18
-3.06128e-17
7.98971e-18
2.9629e-17
-5.03571e-18
-5.20373e-18
-6.51914e-18
-9.08405e-18
-1.22169e-17
-1.54825e-17
-1.04534e-17
-4.97782e-18
1.47807e-18
4.16563e-17
1.5034e-17
-2.47641e-19
-1.9964e-17
1.97215e-18
1.67254e-17
-5.40964e-18
-8.57546e-18
-1.45364e-17
-2.7391e-17
-1.7996e-17
-1.38475e-17
-1.30367e-17
-2.17964e-17
-1.71178e-18
2.06534e-17
1.01659e-17
1.46096e-19
-8.91174e-18
3.4337e-18
8.14513e-18
1.02783e-17
2.16999e-18
-4.87349e-18
-1.09065e-17
-1.08047e-17
-9.50742e-18
-9.36095e-18
-1.1139e-17
-2.23097e-18
8.69564e-18
4.4907e-18
-6.15909e-18
-4.7806e-17
-4.38441e-17
3.15597e-18
7.00945e-18
3.58325e-18
-2.20829e-19
-3.47259e-18
-4.82624e-18
-4.96112e-18
-5.06642e-18
-5.25077e-18
-1.5459e-18
3.20115e-18
2.06446e-18
-6.4385e-19
5.76327e-18
-1.98275e-17
6.42551e-17
3.63714e-18
2.48403e-18
6.72715e-19
-1.15975e-18
-2.10089e-18
-2.49285e-18
-2.92325e-18
-3.64407e-18
-2.75679e-18
3.9243e-20
-9.6548e-20
-4.58481e-18
-3.23606e-17
-1.13721e-17
4.62346e-17
-4.38351e-18
-1.35413e-17
-5.5921e-19
1.68091e-17
9.00042e-18
5.78572e-18
1.09624e-17
3.43615e-17
5.02669e-17
1.37711e-17
3.08913e-18
2.42889e-18
2.32611e-17
4.47565e-18
9.67153e-17
-5.59524e-18
-3.82191e-18
1.92425e-18
9.76351e-18
1.59739e-17
2.91878e-17
2.04046e-17
2.489e-17
2.8893e-17
1.24905e-17
3.82199e-18
3.8436e-18
1.59441e-17
1.21444e-17
1.30229e-16
-7.50544e-18
-1.23643e-17
-2.14731e-17
-7.0481e-18
3.94621e-18
1.22186e-17
1.2724e-17
1.40475e-17
1.5064e-17
9.58091e-18
3.67939e-18
3.0373e-18
9.07958e-18
1.51779e-17
1.44046e-16
-1.23482e-17
-2.05654e-17
-3.34127e-17
-1.88868e-17
-6.46943e-18
1.35536e-18
3.99876e-18
2.92738e-18
-5.6689e-18
-4.37534e-17
-1.16582e-17
-1.20724e-18
4.11814e-18
1.07266e-17
8.34812e-17
1.37595e-17
1.57691e-17
-1.651e-18
-1.47254e-17
-3.00344e-17
-1.40725e-17
-5.40392e-18
-3.38959e-18
-7.08249e-18
-9.71782e-18
3.60573e-17
7.10868e-18
-1.40181e-19
4.72503e-18
4.03622e-17
1.10111e-17
1.44321e-17
1.69879e-17
2.40309e-17
1.43114e-17
2.40412e-17
1.16158e-17
1.23882e-17
3.2896e-17
-3.67629e-17
5.4231e-18
6.89202e-18
4.15412e-17
7.06697e-18
1.36205e-17
-9.93963e-19
-1.64516e-17
-1.28682e-17
-1.2788e-17
1.78387e-17
1.72942e-17
1.47396e-17
1.59107e-17
2.89057e-17
4.92749e-17
6.77898e-17
6.57696e-17
3.31595e-17
1.06798e-17
-6.51374e-17
1.62327e-17
2.6781e-17
5.36543e-17
7.5906e-17
5.90766e-17
1.65459e-17
-3.2134e-17
-6.43294e-18
1.19704e-17
2.63841e-17
2.96464e-17
-9.20886e-18
-5.02135e-19
-7.94582e-17
-5.27351e-17
-2.61333e-17
-7.48323e-18
6.93685e-18
1.01091e-17
-1.1875e-17
-2.95369e-17
-2.51262e-17
-1.1012e-17
1.59627e-18
9.75396e-18
9.00007e-18
-1.0711e-17
-2.08127e-17
-1.44888e-16
-1.10484e-16
-2.33603e-17
-1.88113e-17
-1.89844e-17
-2.65045e-17
-2.22188e-17
-2.03729e-17
-1.73642e-17
-9.35249e-18
-1.71114e-18
2.66064e-18
2.48665e-18
-5.00031e-18
-2.33165e-17
-7.52753e-17
-6.48249e-17
-1.27516e-17
-1.24322e-17
-1.36492e-17
-1.6439e-17
-1.67785e-17
-1.56931e-17
3.41624e-17
1.14205e-17
1.85743e-20
-1.71011e-18
-6.80506e-18
-3.45907e-17
7.8054e-17
-1.63799e-17
-2.91701e-17
-6.4475e-20
3.62205e-18
1.05649e-17
2.36565e-17
1.19822e-17
8.16804e-18
1.9871e-17
2.61702e-17
5.46103e-17
1.61573e-17
-7.9123e-19
-1.13888e-17
3.02945e-17
1.06466e-17
-1.02702e-17
-3.19432e-18
-4.2234e-18
-7.60607e-18
-1.68144e-17
-5.85787e-18
9.0742e-19
7.51782e-18
1.23001e-17
1.74117e-17
4.42843e-18
6.91411e-19
9.38934e-18
8.35079e-17
-7.85937e-17
-1.23618e-17
9.93448e-18
3.21142e-18
-2.12961e-18
-6.59958e-18
-8.25697e-18
-7.48843e-18
-1.1223e-18
1.85807e-17
7.51047e-17
8.05817e-17
2.59466e-17
2.9527e-17
1.30922e-16
-4.88383e-17
-8.78489e-17
2.39392e-17
3.14057e-17
1.92019e-17
1.21788e-17
5.47455e-17
9.36054e-17
1.08782e-16
1.02792e-16
5.16225e-17
-1.10619e-17
4.08568e-18
2.2345e-17
8.93691e-17
1.72028e-16
-1.14813e-16
1.60588e-18
-4.78347e-18
-1.69578e-17
-3.98425e-18
1.67854e-17
3.59331e-17
4.26594e-17
2.91886e-17
-1.88363e-17
3.53197e-17
8.4542e-18
-1.18255e-18
-3.61242e-17
1.78413e-16
-4.7625e-17
-4.52309e-18
-1.2013e-19
6.72421e-18
2.20145e-17
1.74096e-17
1.62475e-17
1.46038e-17
7.50044e-18
-4.66056e-18
9.47843e-18
8.86126e-19
-2.19146e-17
-1.16717e-16
4.83528e-17
-1.6946e-17
1.38355e-18
8.2851e-18
1.938e-17
3.64162e-17
2.33756e-17
1.32257e-17
6.96153e-18
2.42899e-18
-1.05256e-18
1.86759e-18
-1.48821e-18
-1.27656e-17
-4.64654e-17
9.44793e-18
-5.39314e-18
1.41949e-17
1.30216e-17
1.4975e-17
1.86498e-17
1.76823e-17
1.23314e-17
4.00575e-18
6.93392e-19
3.18842e-19
2.97282e-18
4.88006e-18
-1.35791e-17
-2.79884e-17
-1.14003e-17
-4.56191e-18
-4.39261e-18
-1.32007e-17
-2.93211e-17
-6.03038e-17
-8.34276e-17
-6.37761e-17
1.90395e-17
8.0516e-18
-2.00632e-18
-2.00414e-17
-7.99355e-17
9.06356e-17
1.21937e-16
1.10735e-16
-8.08231e-17
)
;
    }
    back
    {
        type            wedge;
        value           nonuniform List<scalar> 
1250
(
-1.27253e-20
-3.4861e-20
-5.29926e-20
-7.2252e-20
-1.03949e-19
-6.28473e-20
-1.81629e-19
-3.40918e-19
-6.42944e-19
-1.3602e-18
-1.09637e-19
-3.11994e-19
-5.58419e-19
-9.41051e-19
-1.27204e-18
-1.80755e-19
-5.2886e-19
-1.07408e-18
-1.57058e-18
-4.52551e-19
-8.86595e-20
-1.8426e-19
-1.05906e-19
3.52899e-19
1.69455e-19
1.3677e-19
4.16357e-19
1.09272e-18
2.19499e-18
1.28232e-18
1.45068e-19
4.18327e-19
7.60074e-19
1.09393e-18
9.75282e-19
1.03073e-19
2.92382e-19
4.86357e-19
6.55391e-19
7.52468e-19
1.00295e-19
2.85766e-19
4.76611e-19
6.61902e-19
8.28026e-19
1.65677e-19
4.72116e-19
7.94305e-19
1.13398e-18
1.46783e-18
3.09248e-19
8.96824e-19
1.6127e-18
2.60283e-18
3.70511e-18
3.18489e-19
9.1006e-19
1.53521e-18
2.19174e-18
2.82325e-18
2.94374e-19
8.34179e-19
1.36508e-18
1.85807e-18
2.27648e-18
3.43356e-19
9.69737e-19
1.56824e-18
2.07579e-18
2.35256e-18
5.92472e-19
1.70658e-18
3.0464e-18
4.1382e-18
3.64717e-18
2.34649e-19
6.61195e-19
1.05493e-18
1.35283e-18
1.39763e-18
-6.60857e-19
-1.93194e-18
-3.61262e-18
-5.2928e-18
-3.68183e-18
-7.74175e-19
-2.16795e-18
-3.43453e-18
-4.32698e-18
-4.29224e-18
-1.36347e-18
-3.59679e-18
-5.08897e-18
-5.80522e-18
-6.03255e-18
5.57404e-17
7.26069e-17
5.88838e-17
3.23631e-17
2.52483e-17
8.45696e-18
1.70317e-17
1.1948e-17
-3.02724e-18
7.17063e-18
1.48005e-18
3.61637e-18
3.49005e-18
2.19758e-18
3.79073e-18
1.49103e-18
4.2967e-18
7.60218e-18
1.07072e-17
-6.51085e-18
1.97785e-18
5.67742e-18
9.87555e-18
1.50812e-17
2.11079e-17
4.67684e-18
1.34659e-17
2.35755e-17
3.44119e-17
2.59055e-17
2.82528e-18
7.93011e-18
1.24842e-17
1.54296e-17
1.47957e-17
1.15479e-18
3.20115e-18
4.7764e-18
5.42823e-18
4.82807e-18
1.34503e-19
3.03746e-19
1.11224e-19
-7.48755e-19
-2.55807e-18
-2.08949e-19
-5.90547e-19
-1.21567e-18
-2.21889e-18
-3.67814e-18
-1.60304e-19
-5.36286e-19
-1.04136e-18
-1.76003e-18
-2.49929e-18
3.41848e-18
1.00104e-17
1.85065e-17
3.00801e-17
1.74534e-17
3.51394e-18
1.00462e-17
1.69966e-17
2.43475e-17
3.11503e-17
2.90596e-19
7.1366e-19
3.29323e-19
-8.69888e-19
2.17876e-17
1.06726e-19
2.808e-19
6.94653e-19
1.71528e-18
4.41105e-18
4.72198e-18
1.01942e-17
1.91944e-17
2.96284e-17
1.99172e-17
4.86261e-18
1.13493e-17
1.90784e-17
2.62286e-17
3.1768e-17
-4.96503e-17
-8.49137e-17
-7.88357e-17
-6.04428e-17
-6.18826e-17
-6.69318e-18
-1.31195e-17
-1.27716e-17
-5.28502e-18
-1.57265e-17
1.3501e-16
1.78389e-16
2.0861e-16
2.02947e-16
1.81478e-16
2.37635e-17
5.36867e-17
7.55008e-17
8.3722e-17
8.26857e-17
5.96722e-18
1.54187e-17
2.33444e-17
2.7921e-17
2.92765e-17
1.48999e-18
3.96982e-18
6.16165e-18
7.57298e-18
8.11801e-18
2.07195e-18
4.01475e-18
5.53306e-18
5.55921e-18
5.18304e-18
-1.26596e-16
-1.44467e-16
-1.33592e-16
-7.8257e-17
-4.72299e-17
-2.04853e-17
-5.17644e-17
-7.4166e-17
-8.89269e-17
-6.17851e-17
-5.34926e-18
-1.47583e-17
-2.16311e-17
-2.46213e-17
-2.18697e-17
3.7029e-18
1.05047e-17
1.77253e-17
2.3377e-17
-1.19683e-17
2.29783e-18
6.35399e-18
9.6209e-18
1.15752e-17
1.09445e-17
-1.83759e-17
-3.57122e-17
-5.60949e-17
-8.30182e-17
-1.1389e-16
9.96871e-17
1.67801e-16
1.53193e-16
1.02885e-16
4.14344e-17
-2.15769e-19
-6.29918e-19
-1.24325e-18
-1.03547e-18
-1.16623e-19
-2.15327e-18
-1.87356e-18
-1.56363e-18
-1.00182e-18
-4.55309e-19
-1.51352e-18
-1.47338e-18
-1.2291e-18
-8.58304e-19
-4.84602e-19
-9.13823e-19
-1.15994e-18
-1.37768e-18
-7.50071e-19
-4.10951e-19
-9.80397e-20
6.09646e-20
6.13971e-19
7.54248e-19
3.58375e-19
8.51025e-19
9.89015e-19
1.57382e-18
1.60718e-18
9.75054e-19
9.17089e-19
1.03061e-18
1.33996e-18
1.57478e-18
1.21248e-18
8.51143e-19
9.84476e-19
1.14908e-18
1.28966e-18
1.328e-18
9.73447e-19
1.10673e-18
1.23123e-18
1.34721e-18
1.46889e-18
1.68844e-18
1.80185e-18
1.81831e-18
1.81452e-18
1.74591e-18
4.26725e-18
4.17915e-18
3.59487e-18
3.25629e-18
2.63223e-18
3.21789e-18
3.4216e-18
3.53633e-18
3.60262e-18
2.95923e-18
2.5852e-18
2.78152e-18
2.86967e-18
2.84184e-18
2.58697e-18
2.54915e-18
2.69126e-18
2.75809e-18
2.66421e-18
2.49793e-18
3.28477e-18
3.43457e-18
3.76242e-18
3.10352e-18
2.6816e-18
1.32073e-18
1.09936e-18
6.1393e-19
-7.61152e-20
5.81035e-19
-2.78796e-18
-2.92246e-18
-3.58019e-18
-2.24459e-18
-8.12498e-19
-4.11819e-18
-3.99937e-18
-3.78703e-18
-2.96287e-18
-1.83521e-18
-6.02965e-18
-5.72228e-18
-5.06208e-18
-4.10433e-18
-2.78209e-18
3.1313e-17
2.8728e-17
1.86071e-17
1.76187e-17
8.4163e-18
1.15271e-17
9.3669e-18
2.47057e-18
7.4787e-18
9.94402e-18
4.8088e-18
4.76302e-18
4.38786e-18
5.79907e-18
7.42338e-18
-1.95193e-18
2.4897e-18
6.29597e-18
-2.08609e-18
5.7807e-20
1.09643e-17
6.2597e-18
3.89567e-18
1.66717e-18
1.44445e-18
1.96258e-17
1.74947e-17
1.85081e-17
1.12416e-17
7.03771e-18
1.32271e-17
1.17619e-17
1.03764e-17
8.02233e-18
6.03318e-18
3.09689e-18
1.785e-19
-4.35783e-18
-1.03405e-17
-6.46526e-18
-5.55807e-18
-9.97514e-18
-1.60538e-17
-2.35596e-17
-2.13552e-17
-5.57711e-18
-7.76977e-18
-9.85334e-18
-1.10322e-17
-9.87296e-18
-3.35774e-18
-4.21963e-18
-4.87623e-18
-4.98533e-18
-4.44935e-18
1.17498e-17
1.04927e-17
1.15353e-17
3.6356e-18
-2.27958e-18
4.10941e-17
3.66443e-17
2.33518e-17
1.39051e-17
8.04142e-18
1.70392e-17
9.75989e-18
4.82923e-19
3.18309e-18
5.05903e-18
4.65248e-18
3.95884e-18
3.51733e-18
5.04289e-18
7.746e-18
1.53459e-17
1.40667e-17
1.42159e-17
5.06905e-18
-3.63812e-18
1.74107e-17
5.24152e-18
-6.33263e-18
-6.16698e-18
-7.89924e-18
-5.65375e-17
-4.76256e-17
-3.43109e-17
-2.68419e-17
-1.1838e-17
-1.83975e-17
-1.52357e-17
-7.89387e-18
-1.12495e-17
-1.28011e-17
1.57867e-16
1.30351e-16
1.0119e-16
6.78556e-17
5.16615e-17
7.59364e-17
6.57325e-17
5.36987e-17
4.14255e-17
3.12012e-17
2.81328e-17
2.53437e-17
2.17102e-17
1.79462e-17
1.46522e-17
7.89131e-18
7.05731e-18
5.78317e-18
4.19108e-18
2.32535e-18
4.70189e-18
4.25486e-18
3.90805e-18
3.65052e-18
3.18993e-18
-3.21253e-17
-2.65994e-17
-2.77405e-17
-3.31417e-17
-1.92494e-17
-4.31816e-17
-3.2041e-17
-2.60395e-17
-2.32602e-17
-2.1655e-17
-1.82896e-17
-1.48443e-17
-1.18059e-17
-8.64404e-18
-5.37334e-18
1.02395e-18
1.50575e-17
2.86191e-17
1.74252e-17
9.46337e-18
1.18428e-17
1.22892e-17
1.12424e-17
7.67424e-18
3.39559e-18
-1.13511e-16
-9.09276e-17
-5.46019e-17
-3.22964e-17
-1.98243e-17
8.45341e-18
-4.75873e-18
-6.94911e-18
-4.80357e-18
-9.07586e-19
-1.62035e-20
1.00286e-19
3.01724e-19
1.16127e-19
3.94524e-20
4.51377e-20
1.18331e-19
8.84084e-20
-4.63979e-19
2.39596e-18
1.05298e-18
1.32566e-19
-5.8254e-20
1.38841e-18
-4.9791e-19
9.73364e-21
7.97791e-19
2.64648e-18
9.23284e-19
2.97212e-19
3.81292e-19
1.19121e-18
1.1182e-18
-5.59178e-18
7.22563e-18
5.06394e-18
3.71936e-19
-5.84578e-19
-1.62995e-18
-1.74271e-17
-1.85304e-19
1.05448e-19
4.45083e-19
7.28905e-20
-9.42095e-20
4.66327e-19
3.66301e-18
6.4708e-18
-8.39205e-19
4.55294e-18
2.10633e-18
-1.08019e-19
-1.56559e-18
-6.63816e-18
8.77874e-18
-2.75178e-19
-2.92251e-19
-5.36913e-19
-1.1225e-18
-1.19799e-18
-1.11741e-18
3.28683e-19
8.65989e-19
-6.68493e-19
9.65596e-19
-8.05192e-18
-1.61054e-18
-3.42389e-18
-2.28297e-17
1.72294e-18
1.43943e-20
-4.69847e-19
-1.45445e-18
-3.27017e-18
-2.792e-18
-3.81457e-18
-2.4512e-18
-4.42941e-18
-2.18853e-18
-1.50772e-18
-8.13384e-18
-3.03775e-18
-4.95368e-18
-3.26921e-17
3.01489e-17
4.1048e-19
-2.93889e-19
-1.50529e-18
-1.90029e-18
-2.34789e-18
-3.85591e-18
-2.94971e-18
-3.42971e-18
-2.71631e-18
-3.64147e-18
-1.81865e-17
-5.45069e-18
-5.04189e-18
-2.27868e-17
5.23981e-17
9.19892e-19
6.83794e-19
3.18194e-19
1.36888e-19
-1.11349e-18
-2.20673e-18
-2.415e-18
-2.749e-18
-2.77424e-18
-4.35713e-18
-1.99478e-17
-6.91754e-18
-4.29998e-18
-1.45535e-17
3.1349e-17
1.53776e-18
2.01992e-18
1.88413e-18
7.31418e-19
-1.03354e-18
-1.60674e-18
-1.98259e-18
-2.34756e-18
-2.53522e-18
-2.93999e-18
-2.58809e-18
-4.01621e-18
-3.01942e-18
-8.70667e-18
1.64091e-17
1.76154e-18
2.21419e-18
1.83816e-18
9.35707e-19
-2.57975e-19
-1.14744e-18
-1.76781e-18
-2.22331e-18
-2.45084e-18
-1.79741e-18
-8.59983e-19
-1.85419e-18
-2.15115e-18
-7.80729e-18
7.89786e-18
1.74936e-18
1.80452e-18
1.49375e-18
7.92569e-19
-2.74916e-19
-1.56048e-18
-2.08802e-18
-2.54339e-18
-2.9836e-18
1.49879e-19
5.39054e-19
-5.44338e-19
-2.70031e-18
-3.1384e-17
1.28979e-18
2.16376e-18
1.82773e-18
1.29763e-18
3.93597e-19
-9.16939e-19
-3.178e-18
-3.00901e-18
-3.30809e-18
-5.25441e-18
7.6078e-18
3.61499e-18
9.0164e-19
-8.64844e-19
-4.87954e-17
-3.37211e-18
2.39481e-18
1.9224e-18
1.13309e-18
-3.75648e-19
-1.12051e-18
-2.32541e-18
-2.68681e-18
-2.9097e-18
-2.26162e-18
1.42759e-17
6.97698e-18
4.11245e-18
2.33667e-17
-5.61622e-17
-5.54108e-18
2.39992e-18
2.32909e-18
2.10749e-18
9.78e-20
-6.75239e-19
-1.52419e-18
-2.02735e-18
-2.36815e-18
-1.31723e-18
9.45263e-18
6.82323e-18
6.95761e-18
3.93681e-17
-3.16203e-17
-2.63857e-18
2.43075e-18
2.45207e-18
2.3235e-18
1.42874e-18
2.79894e-19
-9.65529e-19
-7.44511e-19
-1.29013e-18
-7.75804e-19
5.81075e-18
5.48087e-18
7.22373e-18
2.91417e-17
-1.52052e-17
1.74644e-17
2.69097e-18
3.15423e-18
4.0709e-18
3.813e-18
1.13385e-18
-2.84322e-18
4.06028e-18
1.6199e-18
7.0834e-19
4.02298e-18
6.14031e-18
8.60966e-18
4.21676e-17
-3.16303e-17
-1.10721e-17
1.17159e-18
1.47799e-18
1.18353e-18
2.07511e-18
1.62892e-18
6.81489e-19
2.91128e-18
2.42818e-18
1.82522e-18
5.64703e-18
3.29536e-17
1.26305e-17
2.85575e-17
8.35164e-18
-8.44889e-18
5.04306e-19
2.25647e-18
4.94172e-18
4.88823e-18
6.2852e-18
1.45171e-17
8.1755e-18
3.69189e-18
-6.31752e-19
-9.32062e-18
1.7636e-17
1.05272e-17
1.56722e-17
-1.85668e-17
-7.5323e-18
-5.54966e-19
1.14057e-18
3.31889e-18
4.62684e-18
6.37792e-18
1.02865e-17
6.76802e-18
-9.56275e-20
-1.80156e-17
-1.01214e-17
7.55781e-18
6.62461e-18
7.42231e-18
-1.35082e-17
-5.58981e-18
-1.42053e-18
1.38106e-19
1.88571e-18
3.28693e-18
4.42275e-18
5.52674e-18
3.41761e-18
-1.22809e-18
-1.09641e-17
-7.8736e-18
2.3561e-18
3.5394e-18
3.87527e-18
-9.00444e-18
-3.23284e-18
3.70015e-18
8.52116e-19
-2.41326e-18
-9.11475e-18
-8.9844e-18
-2.11506e-17
-1.99297e-17
8.18307e-18
-3.1268e-18
-4.2313e-18
8.8715e-19
5.33277e-18
3.30569e-17
2.89824e-17
3.74737e-19
1.41893e-17
1.09025e-17
1.16614e-17
2.71375e-18
1.22577e-19
5.62389e-18
-4.92673e-18
2.43048e-18
-8.4681e-19
-1.78676e-18
7.30733e-19
5.5718e-18
2.69205e-17
5.51038e-17
1.46546e-18
9.62185e-18
1.20705e-17
1.66838e-17
9.35444e-18
4.94476e-18
3.91547e-18
-9.27395e-19
-3.06862e-18
-1.8013e-17
-5.7391e-18
-8.32081e-19
4.07788e-18
1.83061e-17
3.73115e-17
-2.55978e-17
1.69982e-18
1.94621e-18
-4.72988e-19
4.18882e-18
9.40995e-18
2.16614e-17
6.73886e-18
-3.06778e-18
-1.89107e-17
-4.79159e-17
-4.36772e-17
-5.71561e-18
5.78973e-18
-1.44784e-17
-2.27079e-17
2.32982e-18
4.54676e-18
9.66712e-18
2.28454e-17
1.62843e-17
1.45169e-17
6.66057e-18
-2.04042e-18
-1.42025e-17
-3.15483e-17
-3.06935e-17
-8.28717e-18
-1.21807e-18
-1.67653e-17
-4.3271e-17
5.60238e-18
6.29768e-18
9.2694e-18
1.4919e-17
1.88168e-17
2.87988e-17
1.40405e-17
6.71048e-18
1.13841e-17
-1.2248e-17
-1.61526e-17
-1.52844e-18
3.06127e-17
-7.98972e-18
-2.96289e-17
5.03569e-18
5.20371e-18
6.51908e-18
9.0841e-18
1.22168e-17
1.54824e-17
1.04533e-17
4.97778e-18
-1.47814e-18
-4.16562e-17
-1.50341e-17
2.47611e-19
1.99639e-17
-1.97216e-18
-1.67254e-17
5.40963e-18
8.57544e-18
1.45364e-17
2.73911e-17
1.79959e-17
1.38475e-17
1.30367e-17
2.17964e-17
1.71174e-18
-2.06534e-17
-1.01659e-17
-1.46119e-19
8.91172e-18
-3.4337e-18
-8.14513e-18
-1.02783e-17
-2.17001e-18
4.87345e-18
1.09065e-17
1.08046e-17
9.50737e-18
9.36094e-18
1.1139e-17
2.23094e-18
-8.69562e-18
-4.49073e-18
6.15908e-18
4.7806e-17
4.38441e-17
-3.15596e-18
-7.00946e-18
-3.58326e-18
2.20795e-19
3.47261e-18
4.82618e-18
4.96108e-18
5.06641e-18
5.25076e-18
1.54587e-18
-3.20114e-18
-2.06449e-18
6.43839e-19
-5.76329e-18
1.98275e-17
-6.42551e-17
-3.63715e-18
-2.48404e-18
-6.72741e-19
1.15977e-18
2.10085e-18
2.49281e-18
2.92324e-18
3.64407e-18
2.75677e-18
-3.92366e-20
9.65219e-20
4.5848e-18
3.23606e-17
1.13721e-17
-4.62346e-17
4.3835e-18
1.35412e-17
5.59195e-19
-1.6809e-17
-9.00046e-18
-5.78574e-18
-1.09624e-17
-3.43615e-17
-5.02669e-17
-1.37711e-17
-3.08915e-18
-2.4289e-18
-2.32611e-17
-4.47565e-18
-9.67152e-17
5.59524e-18
3.82191e-18
-1.92426e-18
-9.7635e-18
-1.59739e-17
-2.91878e-17
-2.04046e-17
-2.489e-17
-2.8893e-17
-1.24905e-17
-3.822e-18
-3.8436e-18
-1.59441e-17
-1.21444e-17
-1.30229e-16
7.50544e-18
1.23643e-17
2.14731e-17
7.0481e-18
-3.94625e-18
-1.22186e-17
-1.2724e-17
-1.40475e-17
-1.5064e-17
-9.5809e-18
-3.6794e-18
-3.03731e-18
-9.07958e-18
-1.51779e-17
-1.44046e-16
1.23482e-17
2.05654e-17
3.34127e-17
1.88868e-17
6.46939e-18
-1.35537e-18
-3.99876e-18
-2.92738e-18
5.6689e-18
4.37534e-17
1.16582e-17
1.20723e-18
-4.11814e-18
-1.07266e-17
-8.34812e-17
-1.37595e-17
-1.57691e-17
1.651e-18
1.47254e-17
3.00344e-17
1.40725e-17
5.40392e-18
3.38959e-18
7.08249e-18
9.71783e-18
-3.60573e-17
-7.10868e-18
1.40182e-19
-4.72502e-18
-4.03622e-17
-1.10111e-17
-1.44321e-17
-1.69879e-17
-2.40309e-17
-1.43114e-17
-2.40412e-17
-1.16158e-17
-1.23882e-17
-3.2896e-17
3.67629e-17
-5.42311e-18
-6.89202e-18
-4.15412e-17
-7.06697e-18
-1.36205e-17
9.93963e-19
1.64516e-17
1.28682e-17
1.2788e-17
-1.78388e-17
-1.72942e-17
-1.47396e-17
-1.59107e-17
-2.89057e-17
-4.92749e-17
-6.77898e-17
-6.57696e-17
-3.31595e-17
-1.06798e-17
6.51374e-17
-1.62327e-17
-2.6781e-17
-5.36543e-17
-7.5906e-17
-5.90766e-17
-1.65459e-17
3.2134e-17
6.43294e-18
-1.19704e-17
-2.63841e-17
-2.96464e-17
9.20886e-18
5.02136e-19
7.94582e-17
5.27351e-17
2.61333e-17
7.48323e-18
-6.93685e-18
-1.01091e-17
1.18749e-17
2.95369e-17
2.51262e-17
1.1012e-17
-1.59627e-18
-9.75396e-18
-9.00008e-18
1.0711e-17
2.08127e-17
1.44888e-16
1.10484e-16
2.33603e-17
1.88113e-17
1.89844e-17
2.65045e-17
2.22188e-17
2.03729e-17
1.73642e-17
9.35249e-18
1.71113e-18
-2.66064e-18
-2.48665e-18
5.00031e-18
2.33166e-17
7.52753e-17
6.48249e-17
1.27516e-17
1.24322e-17
1.36492e-17
1.64391e-17
1.67785e-17
1.56931e-17
-3.41624e-17
-1.14205e-17
-1.85774e-20
1.71011e-18
6.80506e-18
3.45907e-17
-7.8054e-17
1.63799e-17
2.91701e-17
6.44742e-20
-3.62205e-18
-1.05649e-17
-2.36565e-17
-1.19823e-17
-8.16805e-18
-1.9871e-17
-2.61702e-17
-5.46103e-17
-1.61573e-17
7.9123e-19
1.13888e-17
-3.02945e-17
-1.06466e-17
1.02702e-17
3.19432e-18
4.2234e-18
7.60607e-18
1.68144e-17
5.85784e-18
-9.07423e-19
-7.51782e-18
-1.23001e-17
-1.74117e-17
-4.42843e-18
-6.9141e-19
-9.38934e-18
-8.35079e-17
7.85937e-17
1.23618e-17
-9.93448e-18
-3.21142e-18
2.12961e-18
6.59959e-18
8.25694e-18
7.48842e-18
1.1223e-18
-1.85807e-17
-7.51047e-17
-8.05817e-17
-2.59466e-17
-2.9527e-17
-1.30922e-16
4.88383e-17
8.78489e-17
-2.39392e-17
-3.14057e-17
-1.92019e-17
-1.21788e-17
-5.47456e-17
-9.36054e-17
-1.08782e-16
-1.02792e-16
-5.16225e-17
1.10619e-17
-4.08568e-18
-2.2345e-17
-8.93691e-17
-1.72028e-16
1.14813e-16
-1.60588e-18
4.78347e-18
1.69578e-17
3.98425e-18
-1.67854e-17
-3.59331e-17
-4.26594e-17
-2.91886e-17
1.88362e-17
-3.53197e-17
-8.4542e-18
1.18256e-18
3.61242e-17
-1.78413e-16
4.7625e-17
4.52309e-18
1.20132e-19
-6.72421e-18
-2.20145e-17
-1.74096e-17
-1.62475e-17
-1.46038e-17
-7.50043e-18
4.66056e-18
-9.47842e-18
-8.86123e-19
2.19146e-17
1.16717e-16
-4.83528e-17
1.69461e-17
-1.38355e-18
-8.28509e-18
-1.938e-17
-3.64162e-17
-2.33756e-17
-1.32257e-17
-6.96152e-18
-2.42899e-18
1.05257e-18
-1.86758e-18
1.48821e-18
1.27656e-17
4.64654e-17
-9.44792e-18
5.39315e-18
-1.41949e-17
-1.30216e-17
-1.4975e-17
-1.86498e-17
-1.76823e-17
-1.23314e-17
-4.00574e-18
-6.93386e-19
-3.18835e-19
-2.97281e-18
-4.88005e-18
1.35791e-17
2.79884e-17
1.14003e-17
4.56193e-18
4.39261e-18
1.32007e-17
2.93211e-17
6.03039e-17
8.34276e-17
6.37762e-17
-1.90395e-17
-8.05159e-18
2.00633e-18
2.00414e-17
7.99355e-17
-9.06356e-17
-1.21937e-16
-1.10734e-16
8.08231e-17
)
;
    }
}


// ************************************************************************* //
