/*--------------------------------*- C++ -*----------------------------------*\
| =========                 |                                                 |
| \\      /  F ield         | OpenFOAM: The Open Source CFD Toolbox           |
|  \\    /   O peration     | Version:  2.4.x                                 |
|   \\  /    A nd           | Web:      www.OpenFOAM.org                      |
|    \\/     M anipulation  |                                                 |
\*---------------------------------------------------------------------------*/
FoamFile
{
    version     2.0;
    format      ascii;
    class       volVectorField;
    location    "0.01";
    object      U;
}
// * * * * * * * * * * * * * * * * * * * * * * * * * * * * * * * * * * * * * //

dimensions      [0 1 -1 0 0 0 0];

internalField   nonuniform List<vector> 
1250
(
(10.4526 -0.0284282 -7.68089e-15)
(11.8545 0.0843791 -4.1764e-14)
(12.5088 0.174662 -7.99715e-14)
(12.6007 0.232912 -1.43446e-13)
(12.4148 0.247774 -7.57168e-14)
(11.9475 0.328967 1.26688e-13)
(11.5671 0.410256 1.57702e-13)
(11.0024 0.465131 1.40203e-13)
(9.54507 0.339189 1.46995e-13)
(7.71937 0.211887 2.28556e-13)
(6.23834 0.147051 3.92363e-13)
(5.08282 0.0975849 3.54344e-13)
(4.19203 0.0685512 2.83768e-13)
(3.52284 0.0510651 2.82971e-13)
(3.00869 0.0390177 4.19202e-13)
(2.61419 0.0301565 1.41918e-13)
(2.30137 0.0237065 -3.42061e-13)
(2.07404 0.0180058 -3.44431e-13)
(1.93355 0.0135366 -5.2295e-13)
(1.82759 0.0106853 2.18163e-11)
(1.74551 0.00955708 2.78785e-12)
(1.68658 0.00767207 4.7415e-13)
(1.64555 0.00586973 4.66509e-13)
(1.61731 0.00449979 6.04976e-13)
(1.59857 0.00353822 1.39878e-12)
(1.58602 0.0028476 8.26277e-13)
(1.57865 0.00213179 3.30245e-13)
(1.57591 0.00160285 3.76134e-14)
(1.57768 0.0014096 -5.71356e-14)
(1.58178 0.0011792 -4.28629e-14)
(1.58819 0.000887382 8.93818e-13)
(1.59628 0.000643474 8.98427e-13)
(1.60658 0.000470023 7.26531e-14)
(1.61759 0.00036156 2.60925e-14)
(1.62907 0.000361754 1.12884e-12)
(1.63906 0.00037621 1.13671e-12)
(1.64953 0.000360181 -1.2166e-11)
(1.65926 0.000299622 -1.49611e-12)
(1.66982 0.000293368 3.33376e-11)
(1.67801 0.000329941 5.07918e-12)
(1.68654 0.000297404 1.24719e-12)
(1.69404 0.000272433 3.04524e-13)
(1.70145 0.000230957 4.14089e-13)
(1.7074 0.000207207 -2.7264e-11)
(1.71238 0.000203492 -3.91484e-12)
(1.71657 0.000165966 -9.99641e-13)
(1.72108 7.74331e-05 6.76663e-13)
(1.72581 -1.76823e-05 4.1061e-13)
(1.72895 -5.56825e-05 -3.211e-12)
(1.73042 -2.44628e-05 1.88423e-11)
(10.5601 -0.0768876 -2.12151e-14)
(12.0283 0.252944 -1.23035e-13)
(12.5736 0.478456 -2.32523e-13)
(12.5844 0.611171 -4.29123e-13)
(12.3628 0.69884 -1.60297e-13)
(11.8302 0.898079 3.9387e-13)
(11.4558 1.13335 4.66231e-13)
(10.8592 1.18053 4.01711e-13)
(9.44499 0.8599 4.17761e-13)
(7.69279 0.544089 6.50717e-13)
(6.24193 0.376462 1.13464e-12)
(5.09961 0.25155 1.00937e-12)
(4.21482 0.177035 8.01922e-13)
(3.54691 0.131952 7.97247e-13)
(3.03251 0.10076 1.20508e-12)
(2.6372 0.0777704 3.99189e-13)
(2.32348 0.0609972 -9.98484e-13)
(2.09453 0.0462569 -9.63178e-13)
(1.9515 0.0346844 -1.37816e-12)
(1.84344 0.0285251 2.66349e-11)
(1.76299 0.0236473 5.61397e-12)
(1.7064 0.0190086 1.15852e-12)
(1.66691 0.0145765 1.34434e-12)
(1.64 0.0111379 1.73658e-12)
(1.62257 0.00869919 4.02748e-12)
(1.61145 0.00696758 2.31922e-12)
(1.60545 0.00559547 9.15459e-13)
(1.60384 0.00427907 8.49415e-14)
(1.6068 0.00316531 -1.61482e-13)
(1.61238 0.00244856 -1.43396e-13)
(1.61999 0.00192151 2.61739e-12)
(1.62917 0.00140198 2.56855e-12)
(1.64059 0.000981436 1.78424e-13)
(1.65272 0.000788898 6.86492e-14)
(1.66521 0.000828314 2.43703e-12)
(1.67631 0.000839171 2.65307e-12)
(1.68792 0.000747287 -2.04176e-11)
(1.69868 0.000630576 -2.93256e-12)
(1.71023 0.000675121 4.00128e-11)
(1.7194 0.000737676 1.14749e-11)
(1.72891 0.00064524 3.2226e-12)
(1.73727 0.000595232 8.11348e-13)
(1.74549 0.000586067 8.02366e-13)
(1.75219 0.000641838 -2.96902e-11)
(1.75804 0.00057107 -9.89241e-12)
(1.76291 0.00037661 -2.75795e-12)
(1.76799 0.000101867 1.91961e-12)
(1.77298 2.49365e-05 1.13542e-12)
(1.7763 9.35036e-05 -6.24034e-12)
(1.77763 5.84213e-05 2.99388e-11)
(10.7126 -0.124526 -3.3005e-14)
(12.2611 0.535238 -2.43193e-13)
(12.654 0.855361 -4.396e-13)
(12.5187 1.03043 -9.17303e-13)
(12.0991 1.17468 -9.58529e-14)
(11.507 1.48404 1.0852e-12)
(11.1116 1.79543 8.91563e-13)
(10.4809 1.77288 6.81546e-13)
(9.11173 1.28317 6.91672e-13)
(7.51024 0.83118 1.09367e-12)
(6.142 0.573882 2.02711e-12)
(5.04375 0.387704 1.69151e-12)
(4.18802 0.27642 1.30386e-12)
(3.53576 0.20474 1.28219e-12)
(3.02965 0.157928 2.14099e-12)
(2.63953 0.122197 6.34212e-13)
(2.32853 0.0960902 -1.86032e-12)
(2.09974 0.0735046 -1.52064e-12)
(1.95482 0.0557886 -1.945e-12)
(1.84491 0.0446009 2.09956e-11)
(1.766 0.036744 3.93725e-12)
(1.71174 0.0294209 1.11799e-12)
(1.67367 0.0226237 2.37852e-12)
(1.64776 0.0172546 3.02068e-12)
(1.63119 0.0133845 7.05112e-12)
(1.62103 0.0106281 3.6511e-12)
(1.61593 0.00835483 1.36595e-12)
(1.61502 0.00628107 3.1104e-14)
(1.61852 0.00471215 -3.32422e-13)
(1.62458 0.00366638 -2.78449e-13)
(1.63256 0.00282348 4.83883e-12)
(1.6422 0.0019778 4.3456e-12)
(1.65408 0.00130678 8.23355e-14)
(1.66663 0.000989691 1.69826e-13)
(1.67951 0.00103399 4.58861e-12)
(1.69105 0.00104917 4.45987e-12)
(1.70317 0.000945192 -1.86503e-11)
(1.7143 0.000784095 -2.8548e-12)
(1.72617 0.000831046 4.64128e-11)
(1.73572 0.00094266 1.61374e-11)
(1.74562 0.000831394 4.87913e-12)
(1.75427 0.000768627 1.25931e-12)
(1.76284 0.00071994 1.10581e-12)
(1.76991 0.000766262 -2.7009e-11)
(1.77604 0.000719632 -1.41735e-11)
(1.78105 0.000493885 -4.0423e-12)
(1.78631 0.000114851 3.23909e-12)
(1.79141 -4.45195e-05 1.7192e-12)
(1.79487 3.81401e-05 -9.80201e-12)
(1.79624 5.39132e-05 2.70848e-11)
(10.6062 0.199586 -4.80803e-14)
(12.4761 1.04369 -5.10799e-13)
(12.5755 1.41 -8.19495e-13)
(12.1931 1.54707 -1.57506e-12)
(11.565 1.79258 8.8683e-13)
(10.9225 2.17668 2.94843e-12)
(10.5119 2.46844 1.3706e-12)
(9.8853 2.26465 9.4007e-13)
(8.59701 1.62583 9.5405e-13)
(7.19058 1.09121 1.55293e-12)
(5.94776 0.753223 3.23582e-12)
(4.92257 0.515978 2.39007e-12)
(4.11467 0.373738 1.75647e-12)
(3.49069 0.276645 1.68308e-12)
(3.00172 0.215489 3.44916e-12)
(2.62179 0.167699 8.07894e-13)
(2.31719 0.132637 -3.21496e-12)
(2.0912 0.102672 -1.90516e-12)
(1.94734 0.0788197 -2.20982e-12)
(1.83844 0.0626821 1.11774e-11)
(1.76193 0.0507128 -1.63612e-12)
(1.71005 0.0404098 7.03917e-13)
(1.67345 0.0311511 3.92778e-12)
(1.64857 0.0237577 4.61294e-12)
(1.6329 0.0183558 1.0789e-11)
(1.62368 0.0145035 4.51251e-12)
(1.61942 0.0114123 1.55236e-12)
(1.61911 0.00861741 -2.09382e-13)
(1.62293 0.00644017 -6.06746e-13)
(1.62904 0.00499327 -4.70611e-13)
(1.63712 0.00381724 8.09343e-12)
(1.64691 0.00262297 6.22503e-12)
(1.65891 0.0016952 -4.364e-13)
(1.67155 0.00127385 4.19343e-13)
(1.68454 0.00134691 7.2906e-12)
(1.69623 0.00135023 6.13136e-12)
(1.70853 0.00120863 -1.38166e-11)
(1.71978 0.00100973 -7.39338e-13)
(1.73173 0.00109066 4.48731e-11)
(1.7414 0.00124027 1.78946e-11)
(1.75141 0.00108623 5.83566e-12)
(1.76014 0.00100757 1.54776e-12)
(1.76883 0.000944693 1.11103e-12)
(1.77604 0.00102872 -1.52938e-11)
(1.78225 0.000971968 -1.77288e-11)
(1.7873 0.000651627 -4.6011e-12)
(1.79261 0.000123247 4.67762e-12)
(1.79771 -7.58719e-05 2.06842e-12)
(1.80127 5.67635e-05 -1.45066e-11)
(1.80272 7.99551e-05 1.8128e-11)
(9.98387 0.757982 -8.68139e-14)
(12.2043 1.99456 -1.51226e-12)
(11.8343 2.1003 -1.29529e-12)
(11.175 2.23808 -1.84867e-14)
(10.5569 2.4831 1.87838e-13)
(9.99524 2.79695 1.53709e-12)
(9.65967 2.93716 1.30857e-12)
(9.0969 2.55889 1.09913e-12)
(7.96905 1.84512 1.18675e-12)
(6.77604 1.28437 1.98866e-12)
(5.67916 0.894553 5.07741e-12)
(4.74985 0.624505 3.03647e-12)
(4.00356 0.458459 2.12231e-12)
(3.41741 0.342896 1.88621e-12)
(2.95279 0.268463 2.51878e-12)
(2.58772 0.210407 8.2717e-13)
(2.29305 0.167466 -1.87029e-12)
(2.07284 0.130959 -1.87571e-12)
(1.93314 0.101045 -2.28402e-12)
(1.82789 0.0793873 8.70073e-12)
(1.75499 0.0636577 2.36073e-12)
(1.70587 0.0506428 1.21409e-12)
(1.671 0.0391365 -2.17362e-12)
(1.64742 0.0298433 6.92608e-12)
(1.63283 0.0229636 7.74797e-12)
(1.62471 0.0180539 4.32711e-12)
(1.62143 0.014192 1.38072e-12)
(1.62178 0.0107608 -7.15345e-13)
(1.62588 0.00808785 -1.00578e-12)
(1.63198 0.00630049 -6.68284e-13)
(1.64018 0.00478383 4.56346e-12)
(1.65012 0.00325453 7.96435e-12)
(1.66221 0.00208446 5.83458e-12)
(1.67482 0.0015529 1.07839e-12)
(1.68785 0.0016297 4.76139e-12)
(1.69966 0.00161565 7.58694e-12)
(1.71207 0.00144825 -1.45009e-11)
(1.72338 0.00122076 -3.5153e-12)
(1.73538 0.00131968 4.00312e-11)
(1.74513 0.0015084 1.76731e-11)
(1.75516 0.00132746 6.11897e-12)
(1.76393 0.00122772 1.65915e-12)
(1.77268 0.00113618 1.03585e-12)
(1.78 0.00124765 -9.23017e-12)
(1.7863 0.00119789 -1.18074e-11)
(1.79139 0.00080466 -4.08689e-12)
(1.7967 0.000140707 -2.673e-12)
(1.80183 -0.000122784 1.95571e-12)
(1.80546 4.33373e-05 -2.02457e-11)
(1.80692 9.35402e-05 7.08001e-12)
(7.6207 0.458981 -3.82643e-13)
(8.39602 2.61072 -3.47761e-12)
(9.18184 2.46827 -1.93497e-12)
(9.16202 2.65434 -1.15297e-12)
(9.01364 2.9076 -1.24885e-13)
(8.78408 3.16014 1.13453e-12)
(8.59479 3.11144 1.30785e-12)
(8.17877 2.64843 1.2487e-12)
(7.28128 1.95841 1.38801e-12)
(6.30234 1.40409 2.2554e-12)
(5.35951 0.996249 5.5732e-12)
(4.53843 0.71135 3.39974e-12)
(3.86289 0.53002 2.36947e-12)
(3.32178 0.40308 2.01477e-12)
(2.8866 0.317207 2.2395e-12)
(2.54075 0.249571 7.73004e-13)
(2.25925 0.199985 -1.40255e-12)
(2.04764 0.157981 -1.78292e-12)
(1.91454 0.122357 -2.26799e-12)
(1.81456 0.095282 1.10949e-11)
(1.74612 0.0759697 3.79267e-12)
(1.70026 0.0603888 1.53998e-12)
(1.66753 0.0467719 -6.10672e-13)
(1.64554 0.0356588 3.35366e-12)
(1.63226 0.0273267 5.86979e-12)
(1.62542 0.0213764 3.86837e-12)
(1.62324 0.0168091 8.85642e-13)
(1.62431 0.0128328 -1.55427e-12)
(1.6287 0.00974532 -1.52504e-12)
(1.63491 0.00761391 -8.97824e-13)
(1.64328 0.00573334 3.07218e-12)
(1.65345 0.00386779 1.08314e-11)
(1.66567 0.00248395 4.26e-12)
(1.67825 0.00185155 1.13741e-12)
(1.69131 0.00191415 3.66859e-12)
(1.70325 0.00188062 4.07003e-12)
(1.71574 0.00169122 -1.32124e-11)
(1.72715 0.00143517 -4.11235e-12)
(1.73918 0.00155802 3.50323e-11)
(1.749 0.00178907 1.62305e-11)
(1.75905 0.00157808 5.87992e-12)
(1.76788 0.00145378 1.61282e-12)
(1.77668 0.00132789 9.39693e-13)
(1.78413 0.00146278 -6.27826e-12)
(1.79054 0.00142275 -8.25221e-12)
(1.7957 0.000959903 -3.41787e-12)
(1.801 0.000156393 1.87115e-13)
(1.80611 -0.000172987 2.11624e-12)
(1.8098 3.19777e-05 -2.02198e-11)
(1.81128 0.000109608 1.44446e-12)
(4.2169 -0.332458 -1.7109e-12)
(5.2027 0.796812 -3.72219e-12)
(6.48005 1.72059 -2.3217e-12)
(7.06509 2.4245 -1.70839e-12)
(7.34183 2.86378 8.78392e-14)
(7.49712 3.14096 1.43537e-12)
(7.49641 3.02162 1.5301e-12)
(7.23049 2.56425 1.44585e-12)
(6.57833 1.97562 1.56177e-12)
(5.79878 1.45421 2.35828e-12)
(5.01008 1.05881 5.14781e-12)
(4.30129 0.775539 3.53735e-12)
(3.70132 0.588254 2.49792e-12)
(3.20932 0.455414 2.09156e-12)
(2.80648 0.360656 2.30607e-12)
(2.48342 0.284454 6.35161e-13)
(2.2183 0.229387 -1.45355e-12)
(2.01759 0.183162 -1.71255e-12)
(1.89272 0.142215 -2.13622e-12)
(1.7991 0.109804 1.02249e-11)
(1.73573 0.0872493 3.07994e-12)
(1.69352 0.0693529 1.52513e-12)
(1.66329 0.0538375 7.78906e-13)
(1.64314 0.0410413 1.91466e-12)
(1.63136 0.0313235 5.23242e-12)
(1.62591 0.0243781 3.43986e-12)
(1.6249 0.0191913 5.10483e-14)
(1.62676 0.0147783 -2.78947e-12)
(1.6315 0.011342 -2.12462e-12)
(1.63793 0.00887759 -1.12828e-12)
(1.64657 0.00662667 2.74349e-12)
(1.65702 0.00443804 9.64344e-12)
(1.66938 0.00287307 2.44008e-12)
(1.68199 0.002151 9.67835e-13)
(1.69508 0.0021863 3.36279e-12)
(1.70713 0.00213021 1.22529e-12)
(1.71972 0.00191982 -1.0996e-11)
(1.73122 0.00163771 -3.40559e-12)
(1.74329 0.0017875 2.88669e-11)
(1.75319 0.00206321 1.40495e-11)
(1.76327 0.00182423 5.297e-12)
(1.77215 0.001671 1.44237e-12)
(1.78102 0.00150539 8.50352e-13)
(1.78859 0.00165874 -5.19834e-12)
(1.79511 0.00163051 -6.12318e-12)
(1.80038 0.00110969 -2.77403e-12)
(1.80569 0.000180935 2.75158e-12)
(1.81075 -0.000217881 2.19602e-12)
(1.81445 1.69611e-05 -1.62541e-11)
(1.81596 0.000123248 -8.13139e-13)
(2.82452 -2.36456 -4.05854e-12)
(3.10646 -0.493029 -3.24934e-12)
(4.41929 0.875762 -2.15524e-12)
(5.28382 1.85489 -2.64297e-12)
(5.87749 2.47745 1.31549e-12)
(6.28491 2.81615 2.72666e-12)
(6.44946 2.72785 2.01325e-12)
(6.33354 2.3802 1.68087e-12)
(5.89474 1.90518 1.70693e-12)
(5.29212 1.44481 2.31911e-12)
(4.65071 1.08349 4.10115e-12)
(4.05022 0.818631 3.56576e-12)
(3.52636 0.632679 2.51887e-12)
(3.08499 0.498449 2.10326e-12)
(2.71605 0.399836 2.6517e-12)
(2.41846 0.318517 3.49398e-13)
(2.17218 0.25566 -2.04371e-12)
(1.98425 0.20622 -1.60161e-12)
(1.86855 0.160402 -1.87424e-12)
(1.78206 0.122955 6.35833e-12)
(1.72412 0.0974979 5.01379e-13)
(1.6858 0.077501 1.40482e-12)
(1.65834 0.0602931 2.2452e-12)
(1.64027 0.0459653 1.19157e-12)
(1.63012 0.0349482 5.77612e-12)
(1.6261 0.0270708 3.03466e-12)
(1.62631 0.0213356 -1.24624e-12)
(1.62903 0.0165852 -4.48931e-12)
(1.6342 0.0128609 -2.69436e-12)
(1.64098 0.0100699 -1.30385e-12)
(1.64999 0.00744924 3.22138e-12)
(1.66077 0.00495957 5.97045e-12)
(1.67328 0.00323976 -1.07788e-13)
(1.68597 0.00244354 8.59896e-13)
(1.69908 0.00245212 3.43753e-12)
(1.71125 0.00236462 -1.69444e-12)
(1.72392 0.00213413 -7.8431e-12)
(1.7355 0.00183172 -1.67125e-12)
(1.74762 0.00200876 2.23529e-11)
(1.75761 0.00233051 1.14775e-11)
(1.76772 0.00206541 4.53756e-12)
(1.77666 0.00188079 1.18196e-12)
(1.7856 0.00167241 7.81042e-13)
(1.79329 0.00183802 -5.42133e-12)
(1.79993 0.00181872 -4.97628e-12)
(1.80531 0.00124836 -2.20623e-12)
(1.81064 0.000207752 5.52184e-12)
(1.81567 -0.000256565 2.00896e-12)
(1.81934 3.54011e-06 -9.54112e-12)
(1.82088 0.000135215 -1.18741e-12)
(2.68072 -1.66165 -4.17638e-12)
(2.15875 -1.00769 -2.07411e-12)
(3.12586 0.0909529 -1.52238e-12)
(4.01337 1.18205 -1.244e-12)
(4.7208 1.92783 1.28726e-12)
(5.24171 2.34794 2.76785e-12)
(5.52059 2.35695 2.60309e-12)
(5.52216 2.13707 1.85777e-12)
(5.25488 1.77583 1.82352e-12)
(4.80505 1.39422 2.24417e-12)
(4.29664 1.07966 3.77001e-12)
(3.79657 0.842121 3.68208e-12)
(3.34477 0.665684 2.43204e-12)
(2.9546 0.534338 1.99017e-12)
(2.62046 0.433857 2.00753e-12)
(2.34767 0.350663 -1.95992e-13)
(2.12122 0.278147 -1.08677e-12)
(1.9489 0.22678 -1.23615e-12)
(1.84282 0.176678 -1.50654e-12)
(1.76396 0.134633 6.29222e-12)
(1.71162 0.106642 2.45591e-12)
(1.67731 0.0847563 1.85641e-12)
(1.65286 0.066065 -8.9557e-13)
(1.63704 0.0503808 5.09941e-13)
(1.62863 0.0381781 3.36221e-12)
(1.62606 0.0294474 2.3462e-12)
(1.62749 0.0232262 -3.10727e-12)
(1.63114 0.0182257 -6.81761e-12)
(1.63687 0.0142665 -3.01671e-12)
(1.64413 0.0111564 -1.33302e-12)
(1.65361 0.00817809 9.50588e-13)
(1.66478 0.00542452 3.55518e-12)
(1.67745 0.00358204 7.9581e-13)
(1.69021 0.00272669 1.23286e-12)
(1.70335 0.00270566 1.21181e-12)
(1.71564 0.002581 -1.44163e-12)
(1.7284 0.00233805 -6.32447e-12)
(1.74004 0.0020183 -2.51456e-12)
(1.75221 0.00221763 1.48317e-11)
(1.76232 0.00258742 8.85422e-12)
(1.77247 0.0023004 3.75088e-12)
(1.78149 0.00207799 8.5657e-13)
(1.79051 0.00182168 7.29573e-13)
(1.79837 0.00200089 -6.64962e-12)
(1.8051 0.00199081 -4.44513e-12)
(1.81057 0.00137516 -1.61535e-12)
(1.81592 0.000236466 3.18425e-12)
(1.82091 -0.000286484 1.37134e-12)
(1.82455 -7.45686e-06 -5.64347e-12)
(1.82613 0.000144759 -8.20799e-13)
(2.3273 -1.4833 -3.08608e-13)
(1.76687 -1.21663 -8.13578e-13)
(2.43753 -0.409224 -8.05467e-13)
(3.18551 0.609008 -6.6534e-13)
(3.86485 1.38489 5.65225e-13)
(4.40244 1.85702 1.49438e-12)
(4.73306 1.9771 1.78963e-12)
(4.81643 1.86518 1.8669e-12)
(4.67362 1.61479 1.92392e-12)
(4.35226 1.32009 2.08498e-12)
(3.9582 1.0588 2.82972e-12)
(3.54867 0.848306 2.81468e-12)
(3.16376 0.686811 2.15832e-12)
(2.8216 0.562171 1.82371e-12)
(2.52202 0.460558 1.69871e-12)
(2.27383 0.377512 3.19062e-13)
(2.06777 0.295576 -3.87545e-13)
(1.91328 0.244428 -7.54719e-13)
(1.81654 0.190989 -1.01233e-12)
(1.74545 0.144875 2.85967e-12)
(1.69882 0.114673 3.26356e-12)
(1.66857 0.0910863 2.3761e-12)
(1.64733 0.0711085 1.80873e-14)
(1.63392 0.0542607 4.41814e-13)
(1.62733 0.0409903 2.10488e-12)
(1.62623 0.0314914 1.76445e-12)
(1.62892 0.0248669 -2.05861e-12)
(1.63357 0.0196729 -6.1778e-12)
(1.64001 0.0155194 -2.69973e-12)
(1.64793 0.012102 -1.18971e-12)
(1.65801 0.00879374 -7.85119e-13)
(1.66961 0.005826 2.05599e-12)
(1.68246 0.00389826 1.26482e-12)
(1.69532 0.00299944 1.8937e-12)
(1.7085 0.0029462 -8.69728e-13)
(1.72094 0.00278114 -1.84657e-12)
(1.73377 0.00253221 -2.70603e-12)
(1.7455 0.00219543 -2.8614e-12)
(1.75775 0.00241187 1.16167e-11)
(1.76801 0.00282456 6.6689e-12)
(1.77827 0.00251911 3.06239e-12)
(1.7874 0.00226333 4.75254e-13)
(1.79649 0.00194788 6.37522e-13)
(1.80456 0.00213901 -3.76192e-12)
(1.8114 0.00215355 -4.13837e-12)
(1.81696 0.00149877 -1.00414e-12)
(1.82229 0.00026811 1.72933e-12)
(1.82724 -0.000311802 6.06773e-13)
(1.8309 -1.94134e-05 -3.46408e-12)
(1.83251 0.000151596 -1.55081e-13)
(1.14281 -0.203502 -1.17445e-14)
(1.70605 -0.868238 1.18927e-14)
(2.10482 -0.572387 -2.58479e-13)
(2.66623 0.214416 -3.9647e-13)
(3.23819 0.925175 2.07246e-14)
(3.72863 1.40809 5.75507e-13)
(4.06593 1.60707 1.24382e-12)
(4.19779 1.58831 1.96913e-12)
(4.14334 1.4386 2.09595e-12)
(3.93112 1.22966 1.90534e-12)
(3.63219 1.02239 2.12193e-12)
(3.30364 0.842387 2.0837e-12)
(2.98234 0.698665 1.84208e-12)
(2.68643 0.582195 1.63605e-12)
(2.42127 0.482135 1.57669e-12)
(2.1966 0.40093 5.96651e-13)
(2.0121 0.316291 2.23735e-13)
(1.87806 0.260228 -2.12559e-13)
(1.79007 0.203739 -4.84648e-13)
(1.72686 0.154009 1.18608e-12)
(1.68618 0.121772 4.61403e-12)
(1.66016 0.0966207 2.91265e-12)
(1.64241 0.075509 5.02942e-13)
(1.63167 0.0576647 6.74013e-13)
(1.62708 0.0434934 1.58482e-12)
(1.62755 0.0332578 1.39295e-12)
(1.63161 0.0262568 1.62585e-12)
(1.63744 0.0209255 -2.71855e-12)
(1.64481 0.0166036 -1.81288e-12)
(1.6536 0.0128919 -9.19848e-13)
(1.66442 0.00928993 1.08405e-12)
(1.67654 0.00616318 1.35306e-12)
(1.68963 0.0041879 1.77479e-12)
(1.70265 0.00325923 2.85528e-12)
(1.71592 0.00316951 -3.18062e-12)
(1.72857 0.00296172 -2.43458e-12)
(1.74152 0.00271361 2.14901e-13)
(1.7534 0.00235316 -3.43188e-12)
(1.76582 0.0025779 5.40271e-12)
(1.7763 0.00303848 4.72251e-12)
(1.78668 0.00271979 2.52078e-12)
(1.796 0.00243281 1.24643e-14)
(1.80523 0.00205099 6.03815e-13)
(1.81353 0.00224987 -1.83632e-12)
(1.82054 0.00230146 -4.32705e-12)
(1.82625 0.00162169 -2.8384e-13)
(1.83156 0.000307369 7.81768e-13)
(1.83648 -0.000338368 -2.33839e-13)
(1.84017 -3.80941e-05 -2.34605e-12)
(1.84184 0.000155682 7.09917e-13)
(0.968504 -0.0469967 4.92164e-14)
(1.60862 -0.520586 6.88554e-13)
(1.92591 -0.500758 1.1425e-13)
(2.31285 -0.0115624 -3.41919e-13)
(2.75896 0.567373 -5.61305e-13)
(3.17168 1.01657 -3.46948e-13)
(3.48192 1.25734 7.81482e-13)
(3.63914 1.31522 2.33326e-12)
(3.64412 1.25267 2.36975e-12)
(3.52174 1.12374 1.67516e-12)
(3.30627 0.969025 1.53082e-12)
(3.05251 0.82514 1.43484e-12)
(2.79171 0.702668 1.54296e-12)
(2.54143 0.595334 1.4282e-12)
(2.31271 0.498707 1.60607e-12)
(2.11445 0.420847 6.56072e-13)
(1.95117 0.339823 8.7309e-13)
(1.83762 0.275224 3.82824e-13)
(1.76141 0.215112 4.16514e-14)
(1.70679 0.16233 2.42895e-13)
(1.67267 0.128095 3.01358e-12)
(1.65124 0.101466 3.25676e-12)
(1.63743 0.0793247 5.13296e-13)
(1.62975 0.0606394 1.17252e-12)
(1.62748 0.0456603 1.58804e-12)
(1.62975 0.0347549 1.2831e-12)
(1.63535 0.0274016 2.06764e-12)
(1.64258 0.021949 -5.1162e-13)
(1.65117 0.0174766 -8.26106e-13)
(1.66107 0.0134876 -5.59998e-13)
(1.67277 0.00963955 3.23944e-12)
(1.68546 0.00641813 8.2386e-13)
(1.69883 0.00443659 2.60624e-12)
(1.71206 0.0034923 4.23893e-12)
(1.72549 0.00336244 -3.39256e-12)
(1.73839 0.00311187 -2.84444e-12)
(1.75149 0.00287103 3.41129e-12)
(1.76358 0.00247618 -5.04711e-12)
(1.77619 0.0027049 1.37905e-12)
(1.78695 0.00322584 3.38989e-12)
(1.79752 0.00289368 2.19074e-12)
(1.80711 0.00256851 -6.2413e-13)
(1.81654 0.00211807 7.11643e-13)
(1.8251 0.00232731 -5.29144e-13)
(1.83232 0.00242198 -5.21021e-12)
(1.83827 0.00173538 7.53667e-13)
(1.84357 0.000353654 1.85094e-14)
(1.84845 -0.000370207 -1.24823e-12)
(1.85218 -6.90559e-05 -1.91841e-12)
(1.85391 0.00015449 1.90176e-12)
(0.942246 -0.0296835 1.24805e-13)
(1.47187 -0.340614 1.89877e-12)
(1.76245 -0.387235 3.7564e-13)
(2.06648 -0.0883545 -5.03142e-13)
(2.38601 0.326086 -1.41513e-12)
(2.71066 0.705044 -1.76203e-12)
(2.97428 0.951704 3.01932e-13)
(3.13486 1.06367 1.73062e-12)
(3.17782 1.06626 1.56214e-12)
(3.11919 1.00347 1.16821e-12)
(2.97622 0.903351 9.19905e-13)
(2.79077 0.797935 7.22242e-13)
(2.58687 0.698059 1.36878e-12)
(2.38162 0.602874 1.1634e-12)
(2.19207 0.513619 1.916e-12)
(2.0235 0.43625 4.01784e-13)
(1.88238 0.358021 1.70281e-12)
(1.79061 0.288787 9.73159e-13)
(1.72831 0.224405 5.0194e-13)
(1.6835 0.169603 -6.11623e-13)
(1.65657 0.133459 2.97962e-12)
(1.64023 0.105457 4.07485e-12)
(1.63084 0.0823951 -1.65743e-13)
(1.6267 0.06305 2.22222e-12)
(1.62714 0.0474013 2.08356e-12)
(1.63145 0.0359216 1.43288e-12)
(1.63878 0.0282203 3.12426e-12)
(1.64765 0.0226584 1.02423e-12)
(1.6577 0.0180572 4.53773e-14)
(1.66889 0.013835 -1.35191e-13)
(1.6815 0.009824 1.09885e-13)
(1.69475 0.00659343 -3.69753e-13)
(1.70839 0.00465537 4.17562e-12)
(1.72183 0.00371134 6.25462e-12)
(1.73539 0.00352905 2.96627e-13)
(1.74853 0.00322947 -2.98456e-12)
(1.76176 0.00299768 2.21071e-12)
(1.77407 0.00255911 -9.2074e-12)
(1.78686 0.00278802 -1.13954e-12)
(1.79796 0.00337044 3.04956e-12)
(1.80877 0.00302435 2.144e-12)
(1.81863 0.00266137 -1.62279e-12)
(1.82825 0.00214145 1.14244e-12)
(1.83703 0.00235898 3.12787e-13)
(1.84451 0.00250135 -2.75787e-12)
(1.85071 0.00183737 2.44597e-12)
(1.85601 0.000413226 -9.23487e-13)
(1.86085 -0.000402585 -2.6027e-12)
(1.86456 -0.000111618 -1.96661e-12)
(1.86634 0.000146558 3.7654e-12)
(0.958709 -0.0108796 4.19506e-14)
(1.35749 -0.231256 4.81635e-13)
(1.59724 -0.271089 4.81856e-14)
(1.8534 -0.0976198 -8.31392e-13)
(2.08793 0.186538 -2.84056e-12)
(2.33485 0.481627 -1.50055e-12)
(2.54522 0.707959 3.27118e-13)
(2.69038 0.84409 5.45716e-13)
(2.75134 0.892059 6.57298e-13)
(2.73384 0.879058 5.15319e-13)
(2.65254 0.830404 2.34071e-13)
(2.52282 0.759735 -3.57779e-13)
(2.36971 0.682088 -1.01914e-13)
(2.20879 0.602546 6.10393e-13)
(2.05756 0.524682 1.57536e-12)
(1.91998 0.442237 6.89729e-13)
(1.8058 0.370201 1.41787e-12)
(1.73696 0.299056 1.18169e-12)
(1.69036 0.230142 7.72497e-13)
(1.65661 0.174923 -2.14501e-12)
(1.63741 0.137205 5.95442e-13)
(1.62668 0.108028 2.00511e-12)
(1.62221 0.0842118 8.77798e-13)
(1.62212 0.0644653 4.80076e-12)
(1.62569 0.0484121 2.98928e-12)
(1.63232 0.0364972 1.77982e-12)
(1.64158 0.0284897 5.42301e-12)
(1.65227 0.0228378 2.04325e-12)
(1.66396 0.0181622 6.36152e-13)
(1.67652 0.0138172 2.07752e-13)
(1.69002 0.00978743 -3.11672e-12)
(1.70375 0.00666199 -1.67234e-12)
(1.71761 0.00481443 1.1805e-12)
(1.73127 0.003883 3.09332e-12)
(1.745 0.00365776 2.35834e-12)
(1.75834 0.00331879 -3.87565e-12)
(1.77168 0.00309951 2.03603e-12)
(1.78416 0.00260369 -1.15651e-11)
(1.79708 0.00280038 -1.4803e-12)
(1.8086 0.00343981 3.92317e-12)
(1.81965 0.00310269 2.3018e-12)
(1.82976 0.00271259 -3.38515e-12)
(1.83952 0.00213107 2.31841e-12)
(1.84847 0.00235084 8.64056e-13)
(1.85619 0.00253302 -1.49557e-12)
(1.86269 0.00191532 4.98804e-13)
(1.86803 0.00047601 -2.72479e-12)
(1.87283 -0.000428944 -4.4178e-12)
(1.87646 -0.000152211 -2.18322e-12)
(1.87827 0.000135642 7.02825e-12)
(0.931426 -0.0128715 1.25415e-14)
(1.24795 -0.147888 1.25612e-13)
(1.45344 -0.174411 -4.90926e-14)
(1.66428 -0.0724294 -6.97175e-13)
(1.84139 0.120064 -1.7176e-12)
(2.02496 0.338873 -1.47317e-12)
(2.18618 0.529971 -6.92283e-13)
(2.30649 0.667136 -7.56072e-13)
(2.37171 0.741475 -1.47647e-13)
(2.37935 0.764316 -1.47178e-13)
(2.33783 0.751198 -4.53028e-13)
(2.25288 0.710088 -5.03248e-13)
(2.14593 0.656252 -2.7293e-13)
(2.02789 0.591679 1.01369e-13)
(1.91075 0.526706 3.64123e-13)
(1.80668 0.44837 4.63159e-13)
(1.7275 0.376177 1.56415e-12)
(1.67965 0.304493 1.41655e-12)
(1.64864 0.231751 9.18679e-13)
(1.62669 0.177685 -1.80165e-12)
(1.61548 0.138922 2.39948e-14)
(1.61096 0.108829 9.44748e-13)
(1.61187 0.0844767 1.75778e-12)
(1.61633 0.0646311 2.97442e-12)
(1.62345 0.0485221 3.36083e-12)
(1.63268 0.036405 2.13368e-12)
(1.64399 0.0281637 3.07337e-12)
(1.65655 0.0224488 1.80434e-12)
(1.66991 0.0177818 7.8811e-13)
(1.68379 0.0134802 3.3547e-13)
(1.69805 0.00961173 -1.40535e-12)
(1.71218 0.00670101 -2.43896e-12)
(1.72624 0.00497286 -5.89178e-13)
(1.74009 0.00404776 9.44507e-13)
(1.75397 0.00376815 4.39495e-12)
(1.76756 0.00339324 -1.99787e-12)
(1.78103 0.00319664 -2.55574e-12)
(1.79374 0.00263671 -8.00307e-12)
(1.80674 0.00274656 1.60709e-12)
(1.81859 0.00342672 2.83602e-12)
(1.82987 0.0031305 2.0942e-12)
(1.84026 0.00273119 -1.46245e-12)
(1.85015 0.00210047 6.99133e-13)
(1.85923 0.00229547 9.6365e-13)
(1.86723 0.00248762 -6.36052e-12)
(1.87402 0.00195696 -1.87321e-12)
(1.87937 0.000555567 -1.89987e-12)
(1.88413 -0.000430587 -2.49447e-12)
(1.88768 -0.000180595 -1.84517e-12)
(1.88951 0.000123086 8.68761e-12)
(0.927194 -0.00802802 1.2653e-14)
(1.16608 -0.0972399 1.32474e-13)
(1.33134 -0.104046 1.92956e-13)
(1.50029 -0.0364247 -5.11134e-13)
(1.63513 0.0969819 -2.00006e-12)
(1.77003 0.257677 -2.05968e-12)
(1.88835 0.412816 -1.09026e-12)
(1.98199 0.536816 -7.74886e-13)
(2.04003 0.620827 -5.30811e-13)
(2.0594 0.662903 -6.79451e-13)
(2.04192 0.671813 -1.47161e-12)
(1.99423 0.657119 -8.60657e-13)
(1.92444 0.622655 -5.12341e-13)
(1.84487 0.574677 -2.92001e-13)
(1.76424 0.514489 -9.09075e-13)
(1.6905 0.449716 1.63585e-13)
(1.64533 0.375566 3.21095e-12)
(1.62254 0.30057 1.98905e-12)
(1.60543 0.228313 1.01624e-12)
(1.5952 0.176313 -3.90498e-12)
(1.59194 0.137302 1.12278e-12)
(1.59406 0.106681 6.66812e-13)
(1.60064 0.0821576 3.70183e-12)
(1.60996 0.0626422 2.36363e-12)
(1.6209 0.0469949 4.62812e-12)
(1.6329 0.0351035 2.41036e-12)
(1.64622 0.0268431 2.10806e-12)
(1.66046 0.0211716 1.41529e-12)
(1.67528 0.0166688 7.22157e-13)
(1.69023 0.0126513 3.54828e-13)
(1.7051 0.00916219 -8.05292e-13)
(1.71957 0.00658386 -4.06395e-12)
(1.73385 0.00502187 -1.62615e-12)
(1.74791 0.00412454 -1.76387e-13)
(1.76195 0.00377816 1.79084e-12)
(1.77578 0.00336855 -3.04159e-12)
(1.78941 0.00319483 -2.10444e-12)
(1.80244 0.00259951 -1.96879e-12)
(1.81541 0.00265433 3.4877e-12)
(1.82745 0.00334228 2.31801e-12)
(1.83899 0.0030686 1.8374e-12)
(1.84971 0.0026761 -8.88655e-13)
(1.85978 0.00203447 -9.65379e-14)
(1.86896 0.00218918 7.79046e-13)
(1.87717 0.00237497 -9.68803e-12)
(1.88415 0.0019702 -3.57458e-12)
(1.88957 0.000630688 -1.58051e-12)
(1.89433 -0.000432828 -1.25809e-12)
(1.8978 -0.000204891 -1.14705e-12)
(1.89967 0.000108197 5.9055e-12)
(0.925879 -0.00489179 2.93094e-14)
(1.08348 -0.0593552 3.3957e-13)
(1.22085 -0.05054 1.31807e-12)
(1.3556 0.00164689 1.17988e-13)
(1.45874 0.0993225 -9.26067e-13)
(1.55773 0.21894 -1.14305e-12)
(1.64185 0.341466 -9.36839e-13)
(1.70942 0.447134 -7.54494e-13)
(1.75551 0.527251 -6.49519e-13)
(1.77845 0.57675 -7.27583e-13)
(1.77695 0.600058 -9.81069e-13)
(1.75392 0.601858 -8.11085e-13)
(1.71619 0.583991 -5.59674e-13)
(1.66829 0.546894 -1.8669e-13)
(1.6215 0.495222 1.05181e-12)
(1.58797 0.434235 5.84575e-13)
(1.57471 0.365588 1.47917e-12)
(1.57058 0.287409 1.14523e-12)
(1.56556 0.221079 5.57474e-13)
(1.56515 0.17128 -3.2295e-12)
(1.56945 0.132553 -7.64948e-13)
(1.57807 0.101806 -1.40777e-13)
(1.59016 0.0775018 1.00023e-12)
(1.60413 0.0587655 9.66695e-13)
(1.61875 0.0441415 1.99264e-12)
(1.63341 0.0329867 1.45068e-12)
(1.64848 0.0250243 1.7691e-12)
(1.664 0.0195236 1.24215e-12)
(1.67982 0.01531 6.57393e-13)
(1.69548 0.0117434 3.70903e-13)
(1.71078 0.0087507 -1.36012e-12)
(1.72557 0.00653315 -2.47553e-12)
(1.74013 0.00512197 -1.50952e-12)
(1.75445 0.0042337 -4.63888e-13)
(1.76871 0.00380525 6.13009e-13)
(1.78274 0.00335027 -1.28849e-12)
(1.7965 0.00315653 -1.5988e-12)
(1.80979 0.0025677 3.54383e-12)
(1.82264 0.00259697 2.60607e-12)
(1.83489 0.00320441 1.76112e-12)
(1.84673 0.00291409 -3.54998e-12)
(1.85773 0.00254518 -1.92712e-12)
(1.868 0.00193511 -7.12952e-13)
(1.87723 0.00205544 1.04075e-13)
(1.88562 0.00222025 -9.99581e-12)
(1.8928 0.00195397 -3.78285e-12)
(1.89835 0.000710405 -1.26634e-12)
(1.90302 -0.000400944 -5.90295e-13)
(1.90643 -0.000222129 -3.32146e-13)
(1.90833 8.15134e-05 -1.67606e-12)
(0.916145 -0.00696369 1.93835e-14)
(1.01853 -0.0386119 2.64802e-13)
(1.12741 -0.0161803 1.87709e-12)
(1.23048 0.0321448 2.44827e-13)
(1.30867 0.111614 -1.43003e-12)
(1.38012 0.206666 -1.03485e-12)
(1.43772 0.302006 -8.31594e-13)
(1.48397 0.388749 -6.99423e-13)
(1.5175 0.459083 -6.43071e-13)
(1.54003 0.509085 -7.03336e-13)
(1.5503 0.538861 -8.62262e-13)
(1.54769 0.545993 -7.07202e-13)
(1.53334 0.53843 -5.32007e-13)
(1.51527 0.509605 -2.64188e-13)
(1.50507 0.466942 2.99665e-13)
(1.50806 0.408558 4.069e-13)
(1.5208 0.338207 5.74686e-13)
(1.52814 0.266606 -1.42424e-14)
(1.5336 0.207983 -1.78061e-13)
(1.54081 0.160733 1.1964e-12)
(1.55157 0.122786 3.36346e-13)
(1.56576 0.0925122 -4.15203e-13)
(1.58235 0.0690637 -4.05885e-13)
(1.59989 0.0517516 -2.63975e-13)
(1.61732 0.0388502 8.48936e-13)
(1.63409 0.0291249 6.15783e-13)
(1.65053 0.0219966 2.70331e-12)
(1.6669 0.0169968 1.31757e-12)
(1.68324 0.0132793 6.07328e-13)
(1.69927 0.0103144 4.12153e-13)
(1.71487 0.00790204 -3.88077e-12)
(1.73001 0.00609243 -2.69177e-12)
(1.74489 0.00487415 -1.48554e-12)
(1.75954 0.00405095 -3.02718e-13)
(1.77404 0.00360535 3.42754e-13)
(1.78827 0.00317479 -1.22494e-12)
(1.80215 0.00298896 -1.5384e-12)
(1.81566 0.0024871 6.0823e-13)
(1.82842 0.00250508 1.01812e-12)
(1.84086 0.00292427 8.45545e-13)
(1.85295 0.0026166 -1.00965e-12)
(1.86418 0.00230666 -2.26241e-12)
(1.87461 0.00178931 -1.03979e-12)
(1.88386 0.00188715 -1.53597e-12)
(1.89239 0.001984 -8.43091e-12)
(1.89978 0.00185927 -2.30723e-12)
(1.90553 0.000770347 -5.79753e-13)
(1.91014 -0.000364338 -1.83595e-13)
(1.91348 -0.000244134 -5.12491e-14)
(1.91537 5.59618e-05 -5.81943e-13)
(0.910982 -0.00696858 -9.01743e-14)
(0.964634 -0.023844 -1.18635e-12)
(1.04144 0.0068805 -1.78279e-13)
(1.12125 0.0581532 -1.49633e-13)
(1.18483 0.129901 -5.08159e-13)
(1.23427 0.208968 -6.40358e-13)
(1.2704 0.285879 -6.54051e-13)
(1.30223 0.355284 -5.89435e-13)
(1.32851 0.412514 -5.54913e-13)
(1.35132 0.455745 -6.49844e-13)
(1.36597 0.482584 -1.09764e-12)
(1.37972 0.492848 -4.38376e-13)
(1.39411 0.485802 -2.36317e-13)
(1.40785 0.465209 -1.27906e-13)
(1.43436 0.422443 1.07564e-13)
(1.46323 0.365775 2.59317e-13)
(1.48511 0.302332 -8.59729e-14)
(1.50136 0.243637 -2.47066e-12)
(1.51435 0.192272 -1.41525e-12)
(1.52759 0.147992 -3.94442e-13)
(1.54315 0.111123 -1.04434e-13)
(1.56101 0.081829 -2.24322e-12)
(1.58002 0.0598599 -2.23029e-12)
(1.59904 0.0443891 -1.6379e-12)
(1.61757 0.0334173 1.35673e-12)
(1.63533 0.0253368 -1.62987e-13)
(1.65252 0.0193206 1.84583e-13)
(1.6693 0.015017 2.35237e-13)
(1.68583 0.011834 1.59392e-13)
(1.70203 0.00938035 2.77944e-13)
(1.71786 0.00740455 -5.07181e-12)
(1.73332 0.00587842 -2.78535e-12)
(1.74854 0.00477973 -1.42004e-12)
(1.76349 0.00398537 5.22562e-13)
(1.77822 0.00351265 6.38406e-13)
(1.79263 0.00308784 -2.98377e-12)
(1.80664 0.00286092 -2.49137e-12)
(1.8203 0.00246911 -1.00888e-12)
(1.83306 0.00246449 -1.31551e-13)
(1.84565 0.0026209 1.37907e-13)
(1.85783 0.00228168 -1.45838e-15)
(1.86921 0.00202757 -4.30101e-12)
(1.87979 0.00163776 -1.31206e-12)
(1.88911 0.00172497 -5.55833e-12)
(1.89771 0.00170662 -3.71971e-12)
(1.90523 0.0016854 1.42361e-12)
(1.9112 0.000815568 3.21126e-13)
(1.91573 -0.000260356 7.09236e-14)
(1.91892 -0.000222708 -2.1002e-14)
(1.92078 3.87756e-05 1.29268e-13)
(0.907019 -0.00687678 4.71563e-13)
(0.932709 -0.0130695 1.27936e-12)
(0.973291 0.0172881 7.91298e-13)
(1.03044 0.0758096 1.71941e-13)
(1.07811 0.146331 -2.73704e-13)
(1.11516 0.214687 -6.6748e-13)
(1.14174 0.278086 -7.97123e-13)
(1.1653 0.331564 -5.30212e-13)
(1.18871 0.37379 -3.15893e-13)
(1.21513 0.40475 2.53683e-14)
(1.24543 0.424346 1.28933e-12)
(1.27888 0.432807 2.21141e-12)
(1.31891 0.423003 1.35162e-12)
(1.36339 0.39656 7.82533e-13)
(1.40457 0.356814 5.16189e-13)
(1.43825 0.30929 6.99536e-13)
(1.4654 0.260571 -1.18933e-12)
(1.48723 0.213265 -1.19103e-12)
(1.5062 0.169381 -9.05542e-13)
(1.5243 0.129381 -4.758e-13)
(1.54282 0.0949965 -1.96461e-13)
(1.56183 0.0680374 -6.17035e-13)
(1.58089 0.0486558 -5.11332e-12)
(1.59967 0.035591 -3.24321e-12)
(1.61812 0.0265957 -1.23122e-12)
(1.63608 0.0201236 -4.17949e-12)
(1.65353 0.0153569 -1.98518e-12)
(1.67048 0.0119679 -8.17297e-13)
(1.68713 0.0094522 -2.9421e-13)
(1.70349 0.0075561 -3.53038e-15)
(1.71958 0.00603768 -1.2102e-12)
(1.73538 0.00485889 -1.07335e-12)
(1.75093 0.00399006 -8.05087e-13)
(1.76621 0.00336671 3.69617e-12)
(1.78118 0.00299877 7.80814e-13)
(1.79582 0.00268641 2.93554e-12)
(1.80997 0.00250635 -3.88042e-12)
(1.82379 0.00229406 -1.9822e-12)
(1.83668 0.00231215 -7.16577e-13)
(1.84939 0.00223755 -1.91139e-13)
(1.86163 0.00186699 1.20128e-13)
(1.8731 0.00163984 -1.10989e-12)
(1.88378 0.00139382 -2.97469e-13)
(1.89321 0.00150339 -5.3741e-12)
(1.90181 0.00139018 7.67844e-13)
(1.90935 0.00143063 -2.25657e-12)
(1.91553 0.000800382 -5.8216e-13)
(1.92017 -0.000122845 -1.1217e-13)
(1.92324 -0.000159113 -1.74598e-13)
(1.92501 3.00565e-05 1.151e-12)
(0.905183 -0.00475463 1.61743e-13)
(0.919496 -0.0045917 8.32119e-13)
(0.936527 0.0192632 3.12951e-13)
(0.965516 0.0749621 -1.26143e-12)
(1.00156 0.154085 -1.19008e-12)
(1.03585 0.230642 -2.71944e-12)
(1.06343 0.289675 -2.93606e-12)
(1.09022 0.328665 -2.91027e-13)
(1.12011 0.351923 -1.18286e-13)
(1.15597 0.364211 7.19608e-14)
(1.19878 0.366195 4.64856e-13)
(1.24634 0.359163 8.63636e-13)
(1.29615 0.343095 8.14715e-13)
(1.34415 0.319846 6.34026e-13)
(1.38747 0.291533 6.91015e-13)
(1.42407 0.258332 3.67986e-12)
(1.45448 0.221314 1.89146e-12)
(1.48009 0.183445 7.92383e-13)
(1.50282 0.146635 2.41537e-13)
(1.52391 0.112223 8.89389e-14)
(1.54397 0.0823572 7.16297e-14)
(1.56331 0.0588742 -7.97323e-14)
(1.58224 0.0418457 -4.16002e-12)
(1.60092 0.0302667 -2.81266e-12)
(1.61933 0.0224146 -1.44738e-12)
(1.6373 0.0170162 -1.3173e-12)
(1.65477 0.0132005 -8.71014e-13)
(1.67175 0.0104923 -3.7624e-13)
(1.68847 0.00840189 -1.69133e-13)
(1.70503 0.0067942 7.73439e-15)
(1.72134 0.00548523 -2.41991e-13)
(1.73742 0.00444779 -2.92769e-13)
(1.75322 0.00365473 -2.75602e-13)
(1.76873 0.00308345 8.5391e-13)
(1.78385 0.00273757 -2.65643e-12)
(1.79856 0.00246989 -3.79818e-13)
(1.81278 0.00228034 -4.70601e-12)
(1.82665 0.0021652 -1.9854e-12)
(1.83977 0.00216532 -5.89385e-13)
(1.85261 0.00188241 -1.59236e-13)
(1.86484 0.00150002 4.26127e-13)
(1.87625 0.00128331 4.84502e-14)
(1.88693 0.00114654 -4.13987e-14)
(1.89641 0.00132106 -1.51921e-12)
(1.90496 0.00114844 -2.33928e-13)
(1.91249 0.00115509 -4.73336e-13)
(1.91885 0.000663849 -4.85136e-14)
(1.92365 -1.65292e-05 7.96761e-14)
(1.9267 -1.52925e-05 -2.55483e-13)
(1.92839 6.74347e-05 4.17491e-12)
(0.905201 -0.00421381 1.81311e-14)
(0.917391 -0.00302633 4.97997e-14)
(0.930047 0.0131286 -1.41693e-14)
(0.947882 0.0516658 -2.0689e-13)
(0.972637 0.112522 -3.82521e-13)
(1.00333 0.182773 -6.72941e-13)
(1.03536 0.24058 -8.36918e-13)
(1.06884 0.273741 -4.75414e-13)
(1.10435 0.284939 -2.14429e-13)
(1.14304 0.283795 -6.14043e-14)
(1.1847 0.275481 9.92824e-14)
(1.22897 0.263119 4.41605e-13)
(1.27446 0.248436 7.29103e-13)
(1.31885 0.232992 7.39263e-13)
(1.36007 0.216175 8.60921e-13)
(1.39721 0.196297 1.23457e-12)
(1.43004 0.172517 1.00604e-12)
(1.45937 0.145598 6.19033e-13)
(1.48635 0.117062 3.23406e-13)
(1.51153 0.0891766 4.76465e-13)
(1.53498 0.0644627 4.86786e-13)
(1.55698 0.0448367 3.4837e-13)
(1.57787 0.0306134 -4.77468e-13)
(1.59788 0.0212527 -6.76947e-13)
(1.61709 0.0152446 -1.2209e-13)
(1.63561 0.0113852 1.9334e-14)
(1.65352 0.0088106 -1.1166e-14)
(1.67088 0.00697286 4.59974e-13)
(1.68792 0.00540633 4.70127e-14)
(1.70482 0.00423404 3.27399e-13)
(1.72146 0.00334819 -1.69614e-13)
(1.73784 0.00269168 -2.62457e-13)
(1.75398 0.00223114 -2.02807e-13)
(1.76984 0.00199664 7.88156e-14)
(1.78524 0.00194288 -4.53861e-13)
(1.80017 0.00190075 -4.30283e-13)
(1.81457 0.0018163 -4.04369e-12)
(1.8286 0.00175771 6.06216e-13)
(1.84202 0.00173105 6.25251e-13)
(1.85502 0.00142558 2.85425e-13)
(1.86725 0.0011654 1.97901e-12)
(1.8787 0.000976767 6.21627e-13)
(1.88933 0.000895345 -5.01158e-13)
(1.89888 0.0011166 -1.54111e-12)
(1.90746 0.000902961 -1.14044e-12)
(1.915 0.000815311 5.90144e-14)
(1.92145 0.000453206 1.0695e-12)
(1.92633 3.62034e-05 6.09214e-13)
(1.92929 0.000107823 6.33697e-13)
(1.93094 0.000120342 -4.20683e-12)
(0.904701 -0.00328803 -7.10356e-15)
(0.915995 -0.00186931 -6.97157e-14)
(0.92712 0.0109121 -1.82607e-13)
(0.941167 0.0399783 -3.90594e-13)
(0.95923 0.0838545 -5.52713e-13)
(0.984552 0.134508 -5.50206e-13)
(1.01736 0.177109 -4.58906e-13)
(1.05546 0.20245 -3.1509e-13)
(1.09561 0.212316 -2.1947e-13)
(1.13588 0.212315 -2.69336e-13)
(1.17605 0.205963 -8.43054e-14)
(1.21653 0.195443 2.27739e-12)
(1.25706 0.183682 3.7324e-12)
(1.29684 0.172555 2.65538e-12)
(1.33523 0.161668 3.81937e-12)
(1.37247 0.148321 2.4878e-12)
(1.40857 0.130769 1.33501e-12)
(1.44347 0.109595 6.18251e-13)
(1.47657 0.0867844 3.15645e-13)
(1.50706 0.0650652 2.66676e-12)
(1.53443 0.0463647 2.09652e-12)
(1.55874 0.0317887 1.39406e-12)
(1.58056 0.0213997 4.31135e-13)
(1.60066 0.0147791 -8.86907e-14)
(1.61952 0.0106935 2.23816e-12)
(1.63781 0.00816247 1.38997e-12)
(1.65563 0.00661642 6.06722e-13)
(1.67293 0.0055128 3.23368e-12)
(1.68995 0.00433203 -4.18603e-13)
(1.70703 0.00335679 2.11145e-12)
(1.72388 0.00264861 -1.49931e-12)
(1.74033 0.00203678 -9.70467e-13)
(1.75644 0.00152156 -5.40406e-13)
(1.77231 0.00131262 -2.39678e-13)
(1.78767 0.00136868 7.97893e-15)
(1.80253 0.00141711 -2.36176e-12)
(1.81691 0.0013383 -1.8045e-12)
(1.8309 0.00128403 2.67216e-14)
(1.84431 0.00124036 1.083e-12)
(1.85724 0.000960821 1.18643e-12)
(1.86937 0.000784684 -3.93298e-12)
(1.88086 0.00064519 -1.47399e-12)
(1.89138 0.000645899 -4.03314e-12)
(1.90097 0.000875029 -6.13597e-12)
(1.90952 0.000648627 -4.06587e-12)
(1.917 0.000466321 1.6585e-12)
(1.92351 0.000154897 5.12271e-12)
(1.9285 0.000137912 1.97668e-12)
(1.93158 0.000337648 1.1643e-12)
(1.93323 0.000162877 -5.0287e-12)
(0.904277 -0.00250302 1.80682e-13)
(0.91596 -0.00266261 -1.73239e-13)
(0.927201 0.0042514 -6.89909e-13)
(0.939917 0.0226146 -2.37439e-12)
(0.953619 0.0489172 -3.30429e-12)
(0.974592 0.0763212 -2.2143e-12)
(1.00586 0.0983984 -1.38287e-12)
(1.04531 0.112362 -8.08956e-13)
(1.08813 0.119872 -7.09298e-13)
(1.13108 0.121797 -2.85423e-12)
(1.17277 0.117758 -4.27342e-12)
(1.21312 0.109878 -4.83196e-12)
(1.25179 0.102312 -2.62621e-12)
(1.28906 0.0963379 -1.23486e-12)
(1.32571 0.0895628 -2.51921e-12)
(1.36259 0.0795771 7.08631e-13)
(1.39933 0.0665145 -1.42293e-12)
(1.43539 0.0520438 -1.00296e-12)
(1.46977 0.0384639 -6.53743e-13)
(1.50134 0.0270686 2.08355e-12)
(1.52929 0.0183892 3.84567e-12)
(1.55412 0.0123179 2.53279e-12)
(1.57636 0.00806356 -1.01417e-12)
(1.59695 0.00552583 -1.08819e-12)
(1.61643 0.00372701 -5.07099e-13)
(1.63528 0.00236907 -1.22397e-13)
(1.65354 0.00186152 -2.08383e-13)
(1.67127 0.00154402 2.63749e-12)
(1.68846 0.000573821 1.15056e-12)
(1.70532 -0.000220441 6.45288e-13)
(1.72191 -0.000283774 -2.48335e-13)
(1.73845 -0.000103102 -6.58919e-13)
(1.75486 -0.000103389 -8.05266e-13)
(1.77118 0.000122624 -5.56495e-13)
(1.78702 0.000633687 -2.39705e-13)
(1.80233 0.000941364 -3.50575e-13)
(1.81702 0.000985184 -5.18068e-13)
(1.83125 0.000971651 3.81486e-12)
(1.84494 0.000929712 6.76017e-12)
(1.85806 0.000737616 3.41431e-12)
(1.87027 0.000562009 7.26505e-13)
(1.88186 0.00044145 -4.61757e-13)
(1.89235 0.000496767 3.38585e-12)
(1.90212 0.000698605 2.02545e-12)
(1.91072 0.000525784 -7.06857e-12)
(1.91821 0.000179124 -7.1388e-12)
(1.92459 -0.000134847 -1.87508e-12)
(1.92951 9.36683e-06 -3.58273e-13)
(1.93309 0.000400846 4.22745e-13)
(1.93498 0.000287367 -4.02431e-12)
(0.900353 1.15328e-06 -4.82407e-14)
(0.917286 -0.00215804 -1.70991e-12)
(0.924435 0.00468493 8.4675e-13)
(0.939991 0.0274024 1.56074e-13)
(0.963553 0.0447427 2.70397e-12)
(0.993101 0.0464215 4.59546e-12)
(1.02792 0.0399428 2.65505e-12)
(1.06531 0.0375334 1.35893e-12)
(1.10551 0.0414195 6.39566e-13)
(1.14897 0.0480311 1.02132e-13)
(1.194 0.0527459 -2.61097e-13)
(1.23922 0.0548073 -4.19531e-13)
(1.28377 0.0551225 -1.95346e-13)
(1.3279 0.053031 1.30245e-12)
(1.37101 0.0474709 -8.30556e-13)
(1.41197 0.0391024 -5.84829e-13)
(1.44919 0.0288324 -5.09826e-13)
(1.48183 0.0181305 -3.69962e-13)
(1.50944 0.00927033 -2.09223e-13)
(1.53321 0.00422007 2.37155e-14)
(1.55407 0.0014945 9.06855e-14)
(1.5731 -0.000136072 -1.59159e-12)
(1.59071 -0.00113589 -1.34362e-12)
(1.60753 -0.00164598 -2.51795e-12)
(1.62388 -0.00180471 -1.6763e-12)
(1.63989 -0.0015956 -9.25296e-13)
(1.65575 -0.000906546 -4.40627e-13)
(1.67191 -7.90138e-05 -1.66945e-13)
(1.68802 0.000360323 -3.37798e-12)
(1.70381 0.000362843 -2.33858e-12)
(1.71934 -9.34842e-05 -4.83362e-12)
(1.73465 -0.000878288 -6.36293e-12)
(1.74958 -0.00158491 -6.8581e-12)
(1.76413 -0.00165269 -3.86068e-12)
(1.77869 -0.00108721 -1.82525e-12)
(1.79332 -0.000470351 -6.02303e-13)
(1.80776 -0.000176055 2.87654e-12)
(1.8218 -0.000145622 2.22983e-12)
(1.83531 -0.000126334 4.59511e-12)
(1.84825 -5.86769e-05 2.621e-12)
(1.86043 -3.19795e-05 1.15329e-12)
(1.87186 7.93473e-06 3.97062e-13)
(1.88239 9.87382e-05 4.67346e-13)
(1.89218 0.00020564 3.27285e-12)
(1.90101 0.000189103 4.20208e-12)
(1.90854 -6.85065e-05 1.68356e-12)
(1.9145 -0.000286582 5.85789e-13)
(1.91909 -0.000323816 1.82304e-13)
(1.9223 -0.000172178 1.50794e-13)
(1.92445 -1.35141e-05 2.64447e-12)
)
;

boundaryField
{
    AXIS
    {
        type            empty;
    }
    OUTLET
    {
        type            inletOutlet;
        inletValue      uniform (0 0 0);
        value           nonuniform List<vector> 
25
(
(1.73042 -2.44628e-05 1.88423e-11)
(1.77763 5.84213e-05 2.99388e-11)
(1.79624 5.39132e-05 2.70848e-11)
(1.80272 7.99551e-05 1.8128e-11)
(1.80692 9.35402e-05 7.08001e-12)
(1.81128 0.000109608 1.44446e-12)
(1.81596 0.000123248 -8.13139e-13)
(1.82088 0.000135215 -1.18741e-12)
(1.82613 0.000144759 -8.20799e-13)
(1.83251 0.000151596 -1.55081e-13)
(1.84184 0.000155682 7.09917e-13)
(1.85391 0.00015449 1.90176e-12)
(1.86634 0.000146558 3.7654e-12)
(1.87827 0.000135642 7.02825e-12)
(1.88951 0.000123086 8.68761e-12)
(1.89967 0.000108197 5.9055e-12)
(1.90833 8.15134e-05 -1.67606e-12)
(1.91537 5.59618e-05 -5.81943e-13)
(1.92078 3.87756e-05 1.29268e-13)
(1.92501 3.00565e-05 1.151e-12)
(1.92839 6.74347e-05 4.17491e-12)
(1.93094 0.000120342 -4.20683e-12)
(1.93323 0.000162877 -5.0287e-12)
(1.93498 0.000287367 -4.02431e-12)
(1.92445 -1.35141e-05 2.64447e-12)
)
;
    }
    COFLOW
    {
        type            fixedValue;
        value           uniform (0.9 0 0);
    }
    PILOT
    {
        type            fixedValue;
        value           uniform (3.5 0 0);
    }
    FUEL
    {
        type            fixedValue;
        value           uniform (10 0 0);
    }
    WALL
    {
        type            fixedValue;
        value           uniform (0.9 0 0);
    }
    front
    {
        type            wedge;
    }
    back
    {
        type            wedge;
    }
}


// ************************************************************************* //
