/*--------------------------------*- C++ -*----------------------------------*\
| =========                 |                                                 |
| \\      /  F ield         | OpenFOAM: The Open Source CFD Toolbox           |
|  \\    /   O peration     | Version:  2.4.x                                 |
|   \\  /    A nd           | Web:      www.OpenFOAM.org                      |
|    \\/     M anipulation  |                                                 |
\*---------------------------------------------------------------------------*/
FoamFile
{
    version     2.0;
    format      ascii;
    class       volScalarField;
    location    "0.07";
    object      p;
}
// * * * * * * * * * * * * * * * * * * * * * * * * * * * * * * * * * * * * * //

dimensions      [1 -1 -2 0 0 0 0];

internalField   nonuniform List<scalar> 
1250
(
100117
100021
100010
100007
100005
100003
100003
100002
100003
100002
100002
100002
100002
100002
100002
100002
100001
100002
100001
100001
100001
100001
100001
100001
100001
100001
100001
100001
100001
100001
100001
100001
100001
100001
100001
100000
100000
100000
100001
100001
100001
100001
100000
100001
100002
100000
100000
100000
100000
100000
100114
100024
100010
100006
100003
100002
100002
100002
100002
100002
100002
100002
100002
100001
100001
100001
100001
100001
100001
100001
100001
100001
100001
100001
100001
100001
100001
100001
100001
100001
100001
100001
100001
100001
100000
100000
100000
100000
100001
100001
100001
100001
100000
100001
100002
100000
100000
100000
100000
100000
100126
100026
100009
100006
100003
100002
100002
100002
100002
100002
100002
100002
100002
100002
100001
100001
100001
100001
100001
100001
100001
100001
100001
100001
100001
100001
100001
100001
100001
100001
100001
100001
100001
100001
100001
100000
100000
100000
100000
100001
100001
100001
100000
100001
100002
100000
100000
100000
100000
100000
100162
100027
100007
100005
100003
100003
100002
100002
100002
100002
100002
100002
100002
100002
100001
100001
100001
100001
100001
100001
100001
100001
100001
100001
100001
100001
100001
100001
100001
100001
100001
100001
100001
100001
100001
100000
100000
100000
100000
100001
100001
100001
100000
100001
100002
100000
100001
100000
100000
100000
100184
100020
100005
100005
100003
100003
100002
100002
100002
100002
100002
100002
100002
100002
100001
100001
100001
100001
100001
100001
100001
100001
100001
100001
100001
100001
100001
100001
100001
100001
100001
100001
100001
100001
100000
100000
100000
100000
100000
100001
100001
100001
100000
100001
100002
100000
100001
100000
100000
100000
99982.6
99998.3
100002
100003
100002
100002
100002
100002
100002
100002
100002
100002
100002
100002
100002
100001
100001
100001
100001
100001
100001
100001
100001
100001
100001
100001
100001
100001
100001
100001
100001
100001
100001
100001
100000
100000
100000
100000
100000
100001
100001
100001
100000
100001
100002
100000
100001
100000
100000
100000
99984.9
99999.5
100001
100002
100002
100002
100002
100002
100002
100002
100002
100002
100002
100002
100002
100001
100001
100001
100001
100001
100001
100001
100001
100001
100001
100001
100001
100001
100001
100001
100001
100001
100001
100001
100000
100000
100000
100000
100000
100000
100000
100001
100000
100001
100001
100001
100001
100000
100000
100000
99993.5
99999.5
100001
100002
100002
100002
100002
100002
100002
100002
100002
100002
100002
100002
100001
100001
100001
100001
100001
100001
100001
100001
100001
100001
100001
100001
100001
100001
100001
100001
100001
100001
100001
100001
100000
100000
100000
100000
100000
100000
100000
100001
100000
100001
100001
100001
100001
100000
100000
100000
99996.5
100000
100001
100002
100002
100002
100002
100002
100002
100002
100002
100002
100002
100002
100002
100001
100001
100001
100001
100001
100001
100001
100001
100001
100001
100001
100001
100001
100001
100001
100001
100001
100001
100001
100000
100000
100000
100000
100000
100000
100000
100000
100000
100001
100001
100001
100001
100000
100000
100000
99998.8
100001
100001
100002
100002
100002
100002
100002
100002
100002
100002
100002
100002
100002
100002
100001
100001
100001
100001
100001
100001
100001
100001
100001
100001
100001
100001
100001
100001
100001
100001
100001
100001
100001
100000
100000
100000
100000
100000
100000
100000
100000
99999.9
100001
100001
100001
100001
100000
100000
100000
100004
100001
100002
100002
100002
100002
100002
100002
100002
100002
100002
100002
100002
100002
100002
100001
100001
100001
100001
100001
100001
100001
100001
100001
100001
100001
100001
100001
100001
100001
100001
100001
100001
100001
100000
100000
100000
100000
100000
100000
100000
100000
99999.8
100001
100001
100001
100001
100000
100000
100000
100004
100002
100002
100002
100002
100002
100002
100002
100002
100002
100002
100002
100002
100002
100002
100002
100001
100001
100001
100001
100001
100001
100001
100001
100001
100001
100001
100001
100001
100001
100001
100001
100001
100001
100000
100000
100000
100000
100000
100000
99999.9
100000
99999.8
100001
100001
100001
100000
100000
100000
100000
100003
100002
100002
100002
100002
100002
100002
100002
100002
100002
100002
100002
100002
100002
100002
100002
100001
100001
100001
100001
100001
100001
100001
100001
100001
100001
100001
100001
100001
100001
100001
100001
100001
100001
100000
100000
100000
100000
100000
100000
99999.8
100000
99999.7
100000
100001
100001
100000
100000
100000
100000
100003
100002
100002
100002
100002
100002
100002
100002
100002
100002
100002
100002
100002
100002
100002
100002
100001
100001
100001
100001
100001
100001
100001
100001
100001
100001
100001
100001
100001
100001
100001
100001
100001
100001
100000
100000
100000
100000
99999.9
99999.9
99999.7
100000
99999.7
100001
100001
100001
100000
100000
100000
100000
100003
100002
100002
100002
100002
100002
100002
100002
100002
100002
100002
100002
100002
100002
100002
100002
100001
100001
100001
100001
100001
100001
100001
100001
100001
100001
100001
100001
100001
100001
100001
100001
100001
100001
100000
100000
100000
100000
99999.8
99999.7
99999.6
99999.8
99999.7
100001
100000
100001
100000
100000
100000
100000
100002
100002
100002
100002
100002
100002
100002
100002
100002
100002
100002
100002
100002
100002
100002
100002
100001
100001
100001
100001
100001
100001
100001
100001
100001
100001
100001
100001
100001
100001
100001
100001
100001
100001
100000
100000
100000
100000
99999.7
99999.6
99999.5
99999.7
99999.9
100001
100000
100000
100000
100000
100000
100000
100002
100002
100002
100002
100002
100002
100002
100002
100002
100002
100002
100002
100002
100002
100002
100002
100002
100001
100001
100001
100001
100001
100001
100001
100001
100001
100001
100001
100001
100001
100001
100001
100001
100001
100000
100000
100000
99999.9
99999.6
99999.5
99999.3
99999.4
99999.9
100000
100000
100000
100000
100000
100000
100000
100002
100002
100002
100002
100002
100002
100002
100002
100002
100002
100002
100002
100002
100002
100002
100002
100002
100001
100001
100001
100001
100001
100001
100001
100001
100001
100001
100001
100001
100001
100001
100001
100001
100001
100000
100000
100000
99999.9
99999.5
99999.3
99999
99999.2
99999.8
100000
100000
100000
100000
100000
100000
100000
100002
100002
100002
100002
100002
100002
100002
100002
100002
100002
100002
100002
100002
100002
100002
100002
100002
100001
100001
100001
100001
100001
100001
100001
100001
100001
100001
100001
100001
100001
100001
100001
100001
100001
100000
100000
100000
99999.8
99999.5
99999.1
99998.6
99998.7
99999.7
100000
100000
100000
100000
100000
100000
100000
100002
100002
100002
100002
100002
100002
100002
100002
100002
100002
100002
100002
100002
100002
100002
100002
100002
100001
100001
100001
100001
100001
100001
100001
100001
100001
100001
100001
100001
100001
100001
100001
100001
100001
100000
100000
100000
99999.9
99999.5
99998.9
99997.9
99997.4
99999.1
100000
100000
100000
100000
100000
100000
100000
100002
100002
100002
100002
100002
100002
100002
100002
100002
100002
100002
100002
100002
100002
100002
100002
100002
100001
100001
100001
100001
100001
100001
100001
100001
100001
100001
100001
100001
100001
100001
100001
100001
100001
100001
100000
100000
100000
99999.6
99998.8
99996.7
99998.1
99999.4
100000
100000
100000
100000
100000
100000
100000
100002
100002
100002
100002
100002
100002
100002
100002
100002
100002
100002
100002
100002
100002
100002
100002
100002
100001
100001
100001
100001
100001
100001
100001
100001
100001
100001
100001
100001
100001
100001
100001
100001
100001
100001
100001
100000
100000
99999.9
99999.6
99998.9
99999.3
99999.8
100000
100000
100000
100000
100000
100000
100000
100002
100002
100002
100002
100002
100002
100002
100002
100002
100002
100002
100002
100002
100002
100002
100002
100002
100001
100001
100001
100001
100001
100001
100001
100001
100001
100001
100001
100001
100001
100001
100001
100001
100001
100001
100001
100001
100000
100000
100000
100000
100000
100000
100000
100000
100001
100000
100000
100000
100000
100002
100002
100002
100002
100002
100002
100002
100002
100002
100002
100002
100002
100002
100002
100002
100002
100002
100001
100001
100001
100001
100001
100001
100001
100001
100001
100001
100001
100001
100001
100001
100001
100001
100001
100001
100001
100001
100001
100001
100001
100000
100000
100001
100001
100001
100001
100000
100000
100000
100000
100002
100002
100002
100002
100002
100002
100002
100002
100002
100002
100002
100002
100002
100002
100002
100002
100002
100001
100001
100001
100001
100001
100001
100001
100001
100001
100001
100001
100001
100001
100001
100001
100001
100001
100001
100001
100001
100001
100001
100001
100001
100001
100001
100001
100001
100001
100000
100000
100000
100000
)
;

boundaryField
{
    AXIS
    {
        type            empty;
    }
    OUTLET
    {
        type            fixedValue;
        value           uniform 100000;
    }
    COFLOW
    {
        type            zeroGradient;
    }
    PILOT
    {
        type            zeroGradient;
    }
    FUEL
    {
        type            zeroGradient;
    }
    WALL
    {
        type            zeroGradient;
    }
    front
    {
        type            wedge;
    }
    back
    {
        type            wedge;
    }
}


// ************************************************************************* //
