/*--------------------------------*- C++ -*----------------------------------*\
| =========                 |                                                 |
| \\      /  F ield         | OpenFOAM: The Open Source CFD Toolbox           |
|  \\    /   O peration     | Version:  2.4.x                                 |
|   \\  /    A nd           | Web:      www.OpenFOAM.org                      |
|    \\/     M anipulation  |                                                 |
\*---------------------------------------------------------------------------*/
FoamFile
{
    version     2.0;
    format      ascii;
    class       surfaceScalarField;
    location    "0.07";
    object      phi;
}
// * * * * * * * * * * * * * * * * * * * * * * * * * * * * * * * * * * * * * //

dimensions      [1 0 -1 0 0 0 0];

internalField   nonuniform List<scalar> 
2425
(
1.06638e-06
-1.55482e-08
1.03596e-06
3.04471e-08
9.77252e-07
5.87264e-08
9.10593e-07
6.6675e-08
8.44612e-07
6.59952e-08
7.82441e-07
6.21829e-08
7.28354e-07
5.40992e-08
6.78566e-07
4.98008e-08
6.32505e-07
4.60737e-08
5.87892e-07
4.46229e-08
5.47463e-07
4.0438e-08
5.1259e-07
3.4882e-08
4.80023e-07
3.25753e-08
4.51308e-07
2.87203e-08
4.24975e-07
2.6339e-08
4.01445e-07
2.35338e-08
3.80188e-07
2.12627e-08
3.61605e-07
1.85901e-08
3.44342e-07
1.72705e-08
3.28221e-07
1.61258e-08
3.13578e-07
1.46483e-08
2.99916e-07
1.36665e-08
2.87579e-07
1.23427e-08
2.75721e-07
1.18648e-08
2.64339e-07
1.13871e-08
2.53768e-07
1.05758e-08
2.44044e-07
9.72965e-09
2.35077e-07
8.97234e-09
2.26749e-07
8.33361e-09
2.19055e-07
7.7037e-09
2.11848e-07
7.21307e-09
2.0514e-07
6.7202e-09
1.98891e-07
6.26316e-09
1.92808e-07
6.07824e-09
1.86824e-07
6.01739e-09
1.80556e-07
6.24815e-09
1.738e-07
6.75401e-09
1.66091e-07
7.8704e-09
1.55998e-07
1.01668e-08
1.41453e-07
1.46573e-08
1.23803e-07
1.97485e-08
1.13719e-07
1.81514e-08
1.21927e-07
1.35503e-08
1.578e-07
1.61253e-08
1.95078e-07
1.70595e-08
2.0417e-07
7.53684e-09
2.02581e-07
5.17806e-09
2.00195e-07
3.11938e-09
1.98151e-07
2.19308e-09
1.13353e-09
3.21225e-06
-7.53892e-08
3.07437e-06
1.68396e-07
2.87695e-06
2.56209e-07
2.67226e-06
2.71413e-07
2.47445e-06
2.63844e-07
2.29588e-06
2.40798e-07
2.13669e-06
2.13316e-07
1.98944e-06
1.97094e-07
1.84821e-06
1.87342e-07
1.71999e-06
1.72873e-07
1.6048e-06
1.55651e-07
1.50223e-06
1.37478e-07
1.40979e-06
1.25044e-07
1.32632e-06
1.12198e-07
1.25127e-06
1.0141e-07
1.18274e-06
9.20782e-08
1.12191e-06
8.21064e-08
1.06721e-06
7.33125e-08
1.01731e-06
6.71918e-08
9.71123e-07
6.23239e-08
9.28137e-07
5.76482e-08
8.8855e-07
5.32675e-08
8.52287e-07
4.86216e-08
8.18573e-07
4.56002e-08
7.8548e-07
4.44931e-08
7.54392e-07
4.1678e-08
7.25893e-07
3.82447e-08
6.99468e-07
3.5414e-08
6.75025e-07
3.27936e-08
6.52347e-07
3.04123e-08
6.31115e-07
2.84635e-08
6.11305e-07
2.65671e-08
5.92842e-07
2.47662e-08
5.74951e-07
2.39614e-08
5.57308e-07
2.37566e-08
5.38879e-07
2.46239e-08
5.1894e-07
2.66918e-08
4.96238e-07
3.10391e-08
4.66687e-07
3.99349e-08
4.24456e-07
5.74621e-08
3.73461e-07
7.69315e-08
3.44767e-07
7.10566e-08
3.68822e-07
5.5605e-08
4.76113e-07
6.49626e-08
5.87696e-07
6.80102e-08
6.13685e-07
3.12017e-08
6.0863e-07
2.09459e-08
6.01325e-07
1.26154e-08
5.95132e-07
8.83185e-09
4.58678e-09
5.2596e-06
-8.03323e-08
4.91799e-06
5.10127e-07
4.54365e-06
6.30639e-07
4.20052e-06
6.14624e-07
3.89445e-06
5.69974e-07
3.61996e-06
5.1535e-07
3.35792e-06
4.75411e-07
3.11574e-06
4.39331e-07
2.90006e-06
4.0308e-07
2.70695e-06
3.66023e-07
2.53384e-06
3.28801e-07
2.37894e-06
2.92423e-07
2.23952e-06
2.6451e-07
2.11329e-06
2.38454e-07
1.99856e-06
2.16164e-07
1.89483e-06
1.95829e-07
1.80167e-06
1.75287e-07
1.71734e-06
1.57677e-07
1.63984e-06
1.4472e-07
1.56799e-06
1.34197e-07
1.50137e-06
1.24289e-07
1.43964e-06
1.15025e-07
1.38315e-06
1.05134e-07
1.33148e-06
9.73094e-08
1.28124e-06
9.47676e-08
1.23223e-06
9.07132e-08
1.1867e-06
8.37957e-08
1.14464e-06
7.74987e-08
1.10566e-06
7.18086e-08
1.06939e-06
6.67271e-08
1.03544e-06
6.24476e-08
1.00357e-06
5.84978e-08
9.73772e-07
5.46325e-08
9.45045e-07
5.26786e-08
9.16707e-07
5.22523e-08
8.86977e-07
5.42658e-08
8.54739e-07
5.89437e-08
8.18002e-07
6.84651e-08
7.70491e-07
8.7884e-08
7.03001e-07
1.26208e-07
6.21749e-07
1.69356e-07
5.77453e-07
1.55816e-07
6.19308e-07
1.26493e-07
7.9802e-07
1.47072e-07
9.8213e-07
1.52425e-07
1.02414e-06
7.07877e-08
1.01529e-06
4.74136e-08
1.00297e-06
2.85358e-08
9.92648e-07
1.9893e-08
1.03221e-08
6.93653e-06
3.42283e-07
6.23857e-06
1.20823e-06
5.70347e-06
1.16586e-06
5.27854e-06
1.03966e-06
4.8853e-06
9.63295e-07
4.52478e-06
8.75943e-07
4.2093e-06
7.90963e-07
3.93135e-06
7.17358e-07
3.68253e-06
6.51979e-07
3.45914e-06
5.89475e-07
3.25872e-06
5.29272e-07
3.07738e-06
4.73818e-07
2.9117e-06
4.30242e-07
2.76046e-06
3.89735e-07
2.62253e-06
3.54119e-07
2.49719e-06
3.21203e-07
2.38357e-06
2.88939e-07
2.27932e-06
2.61965e-07
2.18257e-06
2.41516e-07
2.09266e-06
2.24144e-07
2.009e-06
2.07976e-07
1.93135e-06
1.92707e-07
1.86015e-06
1.76369e-07
1.79482e-06
1.62688e-07
1.73382e-06
1.55821e-07
1.67338e-06
1.51181e-07
1.61385e-06
1.43362e-07
1.55886e-06
1.32519e-07
1.50772e-06
1.22998e-07
1.46013e-06
1.14387e-07
1.41555e-06
1.07074e-07
1.37358e-06
1.00563e-07
1.33381e-06
9.44961e-08
1.29543e-06
9.10574e-08
1.25786e-06
9.00314e-08
1.21825e-06
9.37687e-08
1.17512e-06
1.02143e-07
1.12576e-06
1.18798e-07
1.06226e-06
1.52059e-07
9.72539e-07
2.19152e-07
8.65438e-07
2.91879e-07
8.09832e-07
2.7182e-07
8.72192e-07
2.22638e-07
1.1243e-06
2.61664e-07
1.37858e-06
2.68497e-07
1.43494e-06
1.25946e-07
1.42221e-06
8.42356e-08
1.40491e-06
5.07813e-08
1.39055e-06
3.52637e-08
1.8299e-08
7.10453e-06
2.70156e-06
6.29943e-06
2.01349e-06
5.88812e-06
1.57732e-06
5.49811e-06
1.42979e-06
5.16963e-06
1.29189e-06
4.87886e-06
1.1668e-06
4.61176e-06
1.05816e-06
4.36599e-06
9.63221e-07
4.13771e-06
8.80361e-07
3.92813e-06
7.99118e-07
3.73632e-06
7.21151e-07
3.558e-06
6.52214e-07
3.39299e-06
5.95321e-07
3.23962e-06
5.43145e-07
3.09596e-06
4.97826e-07
2.96403e-06
4.53166e-07
2.8434e-06
4.0961e-07
2.73076e-06
3.74652e-07
2.62557e-06
3.46767e-07
2.52702e-06
3.22736e-07
2.43485e-06
3.00196e-07
2.34864e-06
2.78956e-07
2.26905e-06
2.56e-07
2.19569e-06
2.36109e-07
2.12724e-06
2.24335e-07
2.06219e-06
2.16299e-07
1.99662e-06
2.08975e-07
1.93213e-06
1.97062e-07
1.8722e-06
1.82991e-07
1.81626e-06
1.70412e-07
1.76359e-06
1.59828e-07
1.71393e-06
1.50349e-07
1.66643e-06
1.42116e-07
1.62e-06
1.37594e-07
1.57472e-06
1.35565e-07
1.52703e-06
1.41339e-07
1.4748e-06
1.54541e-07
1.41465e-06
1.80158e-07
1.33783e-06
2.299e-07
1.22941e-06
3.33431e-07
1.10172e-06
4.39699e-07
1.03984e-06
4.17173e-07
1.12745e-06
3.39983e-07
1.45655e-06
4.06651e-07
1.77745e-06
4.13382e-07
1.84608e-06
1.95889e-07
1.82935e-06
1.30952e-07
1.80715e-06
7.91561e-08
1.78893e-06
5.47471e-08
2.84127e-08
3.30837e-06
-3.13502e-09
4.34762e-06
9.74376e-07
4.70032e-06
1.22478e-06
4.76565e-06
1.36462e-06
4.72792e-06
1.32976e-06
4.63318e-06
1.26166e-06
4.50642e-06
1.18502e-06
4.36694e-06
1.10281e-06
4.22609e-06
1.02132e-06
4.08844e-06
9.36861e-07
3.95297e-06
8.56694e-07
3.81692e-06
7.88351e-07
3.67925e-06
7.3308e-07
3.5412e-06
6.81251e-07
3.40885e-06
6.30228e-07
3.28585e-06
5.76221e-07
3.17177e-06
5.23748e-07
3.06317e-06
4.83306e-07
2.96018e-06
4.49816e-07
2.86268e-06
4.20295e-07
2.77059e-06
3.92343e-07
2.68356e-06
3.66042e-07
2.60216e-06
3.37457e-07
2.5265e-06
3.11838e-07
2.45538e-06
2.95539e-07
2.38851e-06
2.83252e-07
2.32353e-06
2.74039e-07
2.25727e-06
2.63387e-07
2.19217e-06
2.48175e-07
2.13128e-06
2.31419e-07
2.07394e-06
2.17276e-07
2.01961e-06
2.04859e-07
1.96712e-06
1.94759e-07
1.91505e-06
1.89846e-07
1.86343e-06
1.87572e-07
1.80913e-06
1.95543e-07
1.74981e-06
2.14195e-07
1.68135e-06
2.50071e-07
1.59431e-06
3.1996e-07
1.47079e-06
4.66742e-07
1.32874e-06
6.0765e-07
1.26629e-06
5.89247e-07
1.38488e-06
4.80531e-07
1.79551e-06
5.89207e-07
2.17893e-06
5.82733e-07
2.25733e-06
2.79542e-07
2.23662e-06
1.86837e-07
2.20972e-06
1.13327e-07
2.18788e-06
7.80984e-08
4.0564e-08
1.51728e-06
-8.06976e-07
2.61755e-06
-1.25747e-07
3.33904e-06
5.03476e-07
3.76341e-06
9.40424e-07
3.98984e-06
1.10348e-06
4.09291e-06
1.15872e-06
4.1235e-06
1.15456e-06
4.10682e-06
1.11961e-06
4.06302e-06
1.06523e-06
4.00331e-06
9.96685e-07
3.93068e-06
9.2942e-07
3.84855e-06
8.70582e-07
3.76147e-06
8.20257e-07
3.67044e-06
7.72358e-07
3.57206e-06
7.2866e-07
3.47077e-06
6.77584e-07
3.37375e-06
6.20829e-07
3.27947e-06
5.77649e-07
3.18822e-06
5.41139e-07
3.10042e-06
5.0817e-07
3.01608e-06
4.76742e-07
2.93474e-06
4.4745e-07
2.85724e-06
4.15013e-07
2.78461e-06
3.8456e-07
2.71603e-06
3.64206e-07
2.65088e-06
3.48496e-07
2.58894e-06
3.36081e-07
2.52714e-06
3.25283e-07
2.46366e-06
3.11774e-07
2.40163e-06
2.93598e-07
2.34275e-06
2.76317e-07
2.28665e-06
2.6119e-07
2.23211e-06
2.49508e-07
2.17766e-06
2.44597e-07
2.12227e-06
2.43408e-07
2.06264e-06
2.55223e-07
1.99823e-06
2.79605e-07
1.92531e-06
3.25401e-07
1.83068e-06
4.18681e-07
1.69501e-06
6.16816e-07
1.54604e-06
7.95188e-07
1.48842e-06
7.83536e-07
1.64374e-06
6.37377e-07
2.14044e-06
7.9946e-07
2.58254e-06
7.69859e-07
2.6685e-06
3.75117e-07
2.64398e-06
2.50974e-07
2.61265e-06
1.52893e-07
2.58743e-06
1.05029e-07
5.46351e-08
9.36984e-07
-9.20718e-07
1.59009e-06
-7.78673e-07
2.29749e-06
-2.03754e-07
2.84803e-06
3.90061e-07
3.22344e-06
7.28225e-07
3.46293e-06
9.19359e-07
3.61477e-06
1.00285e-06
3.70361e-06
1.03089e-06
3.75131e-06
1.01766e-06
3.76977e-06
9.78341e-07
3.76363e-06
9.35672e-07
3.73941e-06
8.94915e-07
3.70274e-06
8.57029e-07
3.65721e-06
8.17975e-07
3.60506e-06
7.80881e-07
3.54154e-06
7.41192e-07
3.46917e-06
6.93273e-07
3.39627e-06
6.50615e-07
3.32305e-06
6.14437e-07
3.25008e-06
5.81208e-07
3.17796e-06
5.48931e-07
3.10723e-06
5.18242e-07
3.03825e-06
4.84048e-07
2.9727e-06
4.50206e-07
2.91086e-06
4.26155e-07
2.8516e-06
4.07853e-07
2.79488e-06
3.92914e-07
2.74024e-06
3.80044e-07
2.68393e-06
3.68209e-07
2.62551e-06
3.52223e-07
2.56871e-06
3.33346e-07
2.51407e-06
3.16137e-07
2.4602e-06
3.03664e-07
2.40586e-06
2.99369e-07
2.34989e-06
2.99908e-07
2.28893e-06
3.16456e-07
2.22246e-06
3.47514e-07
2.14576e-06
4.04996e-07
2.04457e-06
5.25109e-07
1.90202e-06
7.78127e-07
1.75327e-06
9.93789e-07
1.70562e-06
9.94442e-07
1.9053e-06
8.11043e-07
2.49207e-06
1.03267e-06
2.98839e-06
9.67196e-07
3.07943e-06
4.80862e-07
3.05135e-06
3.22211e-07
3.01592e-06
1.97365e-07
2.98764e-06
1.35202e-07
7.04847e-08
7.9637e-07
-7.84084e-07
1.05051e-06
-1.03268e-06
1.60159e-06
-7.54726e-07
2.14128e-06
-1.49503e-07
2.56342e-06
3.06219e-07
2.87745e-06
6.05458e-07
3.10431e-06
7.76102e-07
3.2675e-06
8.67821e-07
3.38476e-06
9.00525e-07
3.46628e-06
8.96949e-07
3.5172e-06
8.84865e-07
3.54507e-06
8.6716e-07
3.55533e-06
8.46879e-07
3.55164e-06
8.21757e-07
3.53685e-06
7.95755e-07
3.51103e-06
7.67109e-07
3.47208e-06
7.32298e-07
3.42429e-06
6.9847e-07
3.3729e-06
6.6589e-07
3.31919e-06
6.34985e-07
3.26418e-06
6.03996e-07
3.2085e-06
5.73985e-07
3.15228e-06
5.40319e-07
3.09784e-06
5.04743e-07
3.04615e-06
4.77957e-07
2.99603e-06
4.58089e-07
2.94752e-06
4.4155e-07
2.90026e-06
4.27446e-07
2.85395e-06
4.14687e-07
2.80453e-06
4.01836e-07
2.75248e-06
3.85725e-07
2.70208e-06
3.66934e-07
2.65182e-06
3.54334e-07
2.60026e-06
3.51539e-07
2.54581e-06
3.55025e-07
2.48567e-06
3.7718e-07
2.41947e-06
4.15684e-07
2.34103e-06
4.86956e-07
2.23572e-06
6.37165e-07
2.09181e-06
9.45789e-07
1.94986e-06
1.19645e-06
1.91725e-06
1.22387e-06
2.17026e-06
9.95138e-07
2.85254e-06
1.2824e-06
3.39668e-06
1.16857e-06
3.48975e-06
5.95752e-07
3.45866e-06
3.99187e-07
3.41957e-06
2.46167e-07
3.38858e-06
1.68236e-07
8.79463e-08
9.55508e-07
-6.96909e-07
9.76885e-07
-1.05404e-06
1.27523e-06
-1.05315e-06
1.68099e-06
-5.55226e-07
2.06954e-06
-8.22488e-08
2.39361e-06
2.81479e-07
2.65411e-06
5.15699e-07
2.85559e-06
6.66442e-07
3.00711e-06
7.49108e-07
3.11938e-06
7.84777e-07
3.20341e-06
8.00942e-07
3.26496e-06
8.05711e-07
3.30914e-06
8.02809e-07
3.33997e-06
7.91009e-07
3.36396e-06
7.71859e-07
3.38059e-06
7.50625e-07
3.38046e-06
7.32554e-07
3.36535e-06
7.13695e-07
3.34196e-06
6.8939e-07
3.31307e-06
6.63969e-07
3.28059e-06
6.36551e-07
3.24568e-06
6.08954e-07
3.20816e-06
5.77898e-07
3.16899e-06
5.44014e-07
3.12998e-06
5.17079e-07
3.09129e-06
4.9691e-07
3.05305e-06
4.79949e-07
3.01535e-06
4.65332e-07
2.97794e-06
4.52335e-07
2.93925e-06
4.40803e-07
2.89738e-06
4.28044e-07
2.85354e-06
4.11328e-07
2.80893e-06
3.99556e-07
2.76229e-06
3.98979e-07
2.71151e-06
4.06656e-07
2.65432e-06
4.3551e-07
2.59036e-06
4.82246e-07
2.51206e-06
5.69629e-07
2.40559e-06
7.52483e-07
2.26523e-06
1.11621e-06
2.13713e-06
1.40004e-06
2.12516e-06
1.47271e-06
2.43972e-06
1.19328e-06
3.2218e-06
1.57124e-06
3.80595e-06
1.36871e-06
3.89935e-06
7.17778e-07
3.86589e-06
4.80556e-07
3.82364e-06
2.98643e-07
3.79035e-06
2.03721e-07
1.06834e-07
1.81886e-06
-1.5038e-07
1.53252e-06
-7.67712e-07
1.41812e-06
-9.38998e-07
1.56998e-06
-7.07245e-07
1.85446e-06
-3.66787e-07
2.15072e-06
-1.47825e-08
2.41734e-06
2.49111e-07
2.64691e-06
4.36933e-07
2.83722e-06
5.58871e-07
2.98242e-06
6.3966e-07
3.09231e-06
6.91108e-07
3.1792e-06
7.18883e-07
3.24808e-06
7.33992e-07
3.30234e-06
7.368e-07
3.35164e-06
7.2265e-07
3.39679e-06
7.05576e-07
3.42713e-06
7.02302e-07
3.4427e-06
6.98178e-07
3.44803e-06
6.841e-07
3.4453e-06
6.66731e-07
3.43622e-06
6.4566e-07
3.42217e-06
6.23037e-07
3.40328e-06
5.96835e-07
3.37985e-06
5.67519e-07
3.35396e-06
5.43091e-07
3.32709e-06
5.23955e-07
3.29974e-06
5.0752e-07
3.27197e-06
4.93395e-07
3.24352e-06
4.81137e-07
3.21435e-06
4.7041e-07
3.18189e-06
4.61048e-07
3.14525e-06
4.48774e-07
3.10642e-06
4.39274e-07
3.06432e-06
4.42255e-07
3.01659e-06
4.55642e-07
2.96183e-06
4.92168e-07
2.89873e-06
5.48871e-07
2.81746e-06
6.57013e-07
2.7066e-06
8.76446e-07
2.56749e-06
1.29373e-06
2.45381e-06
1.61563e-06
2.47193e-06
1.75136e-06
2.88185e-06
1.41192e-06
3.81639e-06
1.88673e-06
4.46911e-06
1.57325e-06
4.56725e-06
8.51971e-07
4.53016e-06
5.69825e-07
4.48272e-06
3.57353e-07
4.44545e-06
2.43427e-07
1.28124e-07
2.75368e-06
3.23752e-08
2.41735e-06
-4.31157e-07
2.05812e-06
-5.79958e-07
1.90768e-06
-5.57127e-07
1.97353e-06
-4.33116e-07
2.16496e-06
-2.06495e-07
2.39835e-06
1.55737e-08
2.63053e-06
2.04675e-07
2.8386e-06
3.50764e-07
3.0213e-06
4.56978e-07
3.17794e-06
5.34477e-07
3.30938e-06
5.87445e-07
3.41993e-06
6.23446e-07
3.51258e-06
6.44139e-07
3.5849e-06
6.50317e-07
3.63716e-06
6.53171e-07
3.67927e-06
6.60053e-07
3.71579e-06
6.61568e-07
3.74464e-06
6.55133e-07
3.76525e-06
6.46018e-07
3.77839e-06
6.32427e-07
3.78537e-06
6.1602e-07
3.78625e-06
5.95962e-07
3.78081e-06
5.73032e-07
3.77113e-06
5.5294e-07
3.75909e-06
5.36266e-07
3.74517e-06
5.21801e-07
3.7299e-06
5.09169e-07
3.71311e-06
4.98568e-07
3.6945e-06
4.89776e-07
3.67296e-06
4.83574e-07
3.6458e-06
4.77231e-07
3.61412e-06
4.72486e-07
3.5779e-06
4.80284e-07
3.53395e-06
5.01653e-07
3.48146e-06
5.47969e-07
3.4175e-06
6.17911e-07
3.33031e-06
7.5352e-07
3.21152e-06
1.01656e-06
3.07138e-06
1.48801e-06
2.97663e-06
1.85391e-06
3.04653e-06
2.05976e-06
3.6196e-06
1.69755e-06
4.79555e-06
2.24328e-06
5.55828e-06
1.78738e-06
5.66581e-06
1.00623e-06
5.62349e-06
6.71644e-07
5.56781e-06
4.26062e-07
5.52412e-06
2.89983e-07
1.53268e-07
3.58384e-06
9.84739e-08
3.31707e-06
-1.63841e-07
2.9965e-06
-2.59251e-07
2.71371e-06
-2.74598e-07
2.53733e-06
-2.57391e-07
2.50435e-06
-1.74192e-07
2.58411e-06
-6.4834e-08
2.73277e-06
5.5567e-08
2.91069e-06
1.72511e-07
3.09173e-06
2.7573e-07
3.25959e-06
3.66392e-07
3.41008e-06
4.36753e-07
3.54529e-06
4.88043e-07
3.66499e-06
5.24231e-07
3.76708e-06
5.47949e-07
3.85317e-06
5.66752e-07
3.92816e-06
5.84692e-07
3.99287e-06
5.96434e-07
4.04648e-06
6.0107e-07
4.09e-06
6.02068e-07
4.12488e-06
5.97179e-07
4.15241e-06
5.88211e-07
4.17289e-06
5.75348e-07
4.18793e-06
5.5805e-07
4.19951e-06
5.41631e-07
4.20804e-06
5.28222e-07
4.21359e-06
5.16945e-07
4.21664e-06
5.07048e-07
4.21706e-06
4.99323e-07
4.21468e-06
4.9355e-07
4.20824e-06
4.91779e-07
4.19506e-06
4.92582e-07
4.17528e-06
4.94714e-07
4.14933e-06
5.09164e-07
4.1149e-06
5.39539e-07
4.06916e-06
5.99211e-07
4.00697e-06
6.87918e-07
3.91604e-06
8.59427e-07
3.79375e-06
1.17406e-06
3.66372e-06
1.69298e-06
3.60507e-06
2.11208e-06
3.76584e-06
2.40852e-06
4.5786e-06
2.05402e-06
6.04845e-06
2.62451e-06
6.92122e-06
2.00076e-06
7.03604e-06
1.17989e-06
6.98881e-06
7.85404e-07
6.92464e-06
5.05053e-07
6.87418e-06
3.43752e-07
1.82512e-07
4.53457e-06
1.06309e-07
4.36565e-06
5.96177e-09
4.12841e-06
-2.15068e-08
3.87186e-06
-1.79125e-08
3.61539e-06
-1.20255e-09
3.40596e-06
3.4595e-08
3.27058e-06
6.95467e-08
3.2231e-06
1.01946e-07
3.25008e-06
1.44365e-07
3.33026e-06
1.94545e-07
3.44398e-06
2.51773e-07
3.57223e-06
3.07632e-07
3.70455e-06
3.54913e-07
3.83211e-06
3.95802e-07
3.94803e-06
4.31056e-07
4.05404e-06
4.59699e-07
4.15239e-06
4.85192e-07
4.24165e-06
5.05997e-07
4.32132e-06
5.20203e-07
4.39219e-06
5.30073e-07
4.45489e-06
5.33553e-07
4.51012e-06
5.32346e-07
4.5584e-06
5.26826e-07
4.60148e-06
5.1515e-07
4.64086e-06
5.02838e-07
4.67636e-06
4.93697e-07
4.70791e-06
4.86797e-07
4.73598e-06
4.80837e-07
4.76019e-06
4.77396e-07
4.77882e-06
4.77571e-07
4.79145e-06
4.82386e-07
4.79796e-06
4.89689e-07
4.79708e-06
4.99877e-07
4.78675e-06
5.24245e-07
4.766e-06
5.66184e-07
4.73161e-06
6.42396e-07
4.67376e-06
7.58446e-07
4.58362e-06
9.73478e-07
4.46561e-06
1.34473e-06
4.36596e-06
1.91596e-06
4.36675e-06
2.3927e-06
4.67864e-06
2.78968e-06
5.8443e-06
2.51085e-06
7.67041e-06
3.11935e-06
8.62483e-06
2.21229e-06
8.7454e-06
1.36764e-06
8.69393e-06
9.09168e-07
8.62174e-06
5.9367e-07
8.56465e-06
4.04586e-07
2.15835e-07
5.66841e-06
9.72451e-08
5.56729e-06
1.08316e-07
5.40629e-06
1.40428e-07
5.21525e-06
1.73647e-07
5.00496e-06
2.09189e-07
4.78809e-06
2.50865e-07
4.57361e-06
2.82747e-07
4.37543e-06
2.983e-07
4.2139e-06
3.03498e-07
4.10476e-06
3.00961e-07
4.05475e-06
2.98944e-07
4.06413e-06
2.95482e-07
4.11471e-06
3.01485e-07
4.18904e-06
3.18521e-07
4.27823e-06
3.38796e-07
4.374e-06
3.60741e-07
4.47191e-06
3.84045e-07
4.56644e-06
4.08242e-07
4.65486e-06
4.28518e-07
4.73996e-06
4.4221e-07
4.82241e-06
4.48958e-07
4.90151e-06
4.51938e-07
4.97777e-06
4.50195e-07
5.05157e-06
4.41902e-07
5.12184e-06
4.33954e-07
5.18779e-06
4.29937e-07
5.2494e-06
4.28193e-07
5.30492e-06
4.29147e-07
5.35403e-06
4.3288e-07
5.39847e-06
4.38127e-07
5.43826e-06
4.48225e-07
5.47131e-06
4.62783e-07
5.49554e-06
4.8246e-07
5.50786e-06
5.19841e-07
5.50551e-06
5.78812e-07
5.48454e-06
6.7671e-07
5.43439e-06
8.29707e-07
5.35175e-06
1.09507e-06
5.24901e-06
1.52653e-06
5.19374e-06
2.15403e-06
5.29167e-06
2.72941e-06
5.86974e-06
3.15627e-06
7.5454e-06
3.12112e-06
9.74728e-06
3.52779e-06
1.0755e-05
2.39431e-06
1.08774e-05
1.56001e-06
1.08236e-05
1.03848e-06
1.07449e-05
6.8996e-07
1.0682e-05
4.71566e-07
2.528e-07
7.06699e-06
8.82786e-08
7.01103e-06
1.65893e-07
6.91316e-06
2.39605e-07
6.78274e-06
3.04935e-07
6.62612e-06
3.66028e-07
6.45789e-06
4.18627e-07
6.27726e-06
4.6188e-07
6.07842e-06
4.94415e-07
5.86884e-06
5.09155e-07
5.65509e-06
5.09432e-07
5.45155e-06
4.96191e-07
5.27561e-06
4.63832e-07
5.13929e-06
4.29127e-07
5.04984e-06
3.98565e-07
5.00991e-06
3.69043e-07
5.0107e-06
3.49889e-07
5.04141e-06
3.43575e-07
5.09506e-06
3.45386e-07
5.1651e-06
3.5023e-07
5.2457e-06
3.54639e-07
5.33356e-06
3.56044e-07
5.42759e-06
3.55219e-07
5.52447e-06
3.52812e-07
5.61999e-06
3.47875e-07
5.71264e-06
3.44495e-07
5.80245e-06
3.44952e-07
5.8896e-06
3.47098e-07
5.97413e-06
3.51923e-07
6.05475e-06
3.60616e-07
6.13082e-06
3.70854e-07
6.20118e-06
3.87356e-07
6.26321e-06
4.1084e-07
6.31411e-06
4.42238e-07
6.3505e-06
4.95966e-07
6.36737e-06
5.77556e-07
6.36064e-06
7.05795e-07
6.32167e-06
9.04394e-07
6.25246e-06
1.22706e-06
6.17173e-06
1.73492e-06
6.19052e-06
2.42676e-06
6.45176e-06
3.12318e-06
7.48972e-06
3.54856e-06
9.87066e-06
3.92858e-06
1.24404e-05
4.15555e-06
1.34303e-05
2.54228e-06
1.35408e-05
1.75396e-06
1.34838e-05
1.17061e-06
1.34013e-05
7.90479e-07
1.33344e-05
5.42778e-07
2.92336e-07
8.8162e-06
8.2491e-08
8.79046e-06
1.93723e-07
8.73694e-06
2.94851e-07
8.65794e-06
3.85138e-07
8.55617e-06
4.68235e-07
8.43322e-06
5.40925e-07
8.29197e-06
6.00933e-07
8.13834e-06
6.44383e-07
7.96675e-06
6.7466e-07
7.77479e-06
6.93259e-07
7.56807e-06
6.92096e-07
7.34098e-06
6.75931e-07
7.10128e-06
6.49726e-07
6.86694e-06
6.09504e-07
6.64936e-06
5.59526e-07
6.46043e-06
5.09181e-07
6.31198e-06
4.61994e-07
6.21341e-06
4.1515e-07
6.16603e-06
3.73185e-07
6.16188e-06
3.38687e-07
6.19372e-06
3.10308e-07
6.25613e-06
2.85203e-07
6.3406e-06
2.65832e-07
6.43818e-06
2.51846e-07
6.54354e-06
2.43765e-07
6.65383e-06
2.41772e-07
6.76499e-06
2.44784e-07
6.87521e-06
2.51752e-07
6.98239e-06
2.6451e-07
7.08477e-06
2.79813e-07
7.17979e-06
3.04089e-07
7.26438e-06
3.38213e-07
7.33522e-06
3.84216e-07
7.38782e-06
4.59189e-07
7.41907e-06
5.68929e-07
7.42406e-06
7.38393e-07
7.38942e-06
9.96373e-07
7.32e-06
1.3973e-06
7.26897e-06
1.98132e-06
7.42777e-06
2.75864e-06
8.01907e-06
3.5724e-06
9.85839e-06
3.99198e-06
1.31984e-05
4.67866e-06
1.59396e-05
4.47931e-06
1.67727e-05
2.72163e-06
1.6864e-05
1.93851e-06
1.68058e-05
1.29908e-06
1.67243e-05
8.89365e-07
1.66568e-05
6.14659e-07
3.32479e-07
1.10125e-05
7.7005e-08
1.1007e-05
2.01923e-07
1.09857e-05
3.18368e-07
1.09473e-05
4.25207e-07
1.0892e-05
5.2432e-07
1.0818e-05
6.14312e-07
1.07236e-05
6.92855e-07
1.06066e-05
7.56222e-07
1.04702e-05
8.02191e-07
1.03246e-05
8.28433e-07
1.01628e-05
8.38009e-07
9.97429e-06
8.4134e-07
9.7624e-06
8.29614e-07
9.52869e-06
8.02685e-07
9.26898e-06
7.67109e-07
8.99404e-06
7.21757e-07
8.72486e-06
6.6257e-07
8.47547e-06
5.90968e-07
8.2586e-06
5.16108e-07
8.08971e-06
4.3987e-07
7.97918e-06
3.6662e-07
7.92628e-06
2.98281e-07
7.92079e-06
2.43699e-07
7.95097e-06
2.03053e-07
8.00587e-06
1.76801e-07
8.07833e-06
1.61668e-07
8.1615e-06
1.57405e-07
8.25064e-06
1.6082e-07
8.34239e-06
1.72708e-07
8.43378e-06
1.89264e-07
8.51983e-06
2.20054e-07
8.59635e-06
2.65145e-07
8.65918e-06
3.28256e-07
8.70331e-06
4.29455e-07
8.72809e-06
5.74374e-07
8.72766e-06
7.99777e-07
8.68417e-06
1.13245e-06
8.62083e-06
1.63031e-06
8.675e-06
2.29002e-06
9.11883e-06
3.17723e-06
1.03952e-05
4.00339e-06
1.35109e-05
4.70408e-06
1.76298e-05
5.19186e-06
2.02278e-05
4.44597e-06
2.09077e-05
2.86318e-06
2.1003e-05
2.07377e-06
2.09504e-05
1.41258e-06
2.08793e-05
9.76194e-07
2.08166e-05
6.81653e-07
3.70303e-07
1.37687e-05
6.98774e-08
1.37784e-05
1.95624e-07
1.37823e-05
3.17463e-07
1.37766e-05
4.33214e-07
1.37595e-05
5.42805e-07
1.37289e-05
6.44743e-07
1.36824e-05
7.37034e-07
1.36187e-05
8.16038e-07
1.35342e-05
8.78991e-07
1.34257e-05
9.23502e-07
1.32918e-05
9.50733e-07
1.31414e-05
9.59986e-07
1.29794e-05
9.51345e-07
1.27905e-05
9.35332e-07
1.25757e-05
9.06192e-07
1.23447e-05
8.63678e-07
1.20938e-05
8.04967e-07
1.18225e-05
7.32184e-07
1.15426e-05
6.50699e-07
1.12704e-05
5.55302e-07
1.10265e-05
4.56724e-07
1.08279e-05
3.57066e-07
1.06763e-05
2.72567e-07
1.05669e-05
2.06538e-07
1.04932e-05
1.57822e-07
1.04494e-05
1.25617e-07
1.04282e-05
1.09665e-07
1.04261e-05
1.04424e-07
1.04365e-05
1.1081e-07
1.0454e-05
1.28213e-07
1.04717e-05
1.65675e-07
1.04851e-05
2.24994e-07
1.04902e-05
3.10325e-07
1.04836e-05
4.45212e-07
1.04665e-05
6.38163e-07
1.04353e-05
9.37818e-07
1.03807e-05
1.35869e-06
1.03915e-05
1.96101e-06
1.07354e-05
2.7426e-06
1.18178e-05
3.6999e-06
1.44971e-05
4.51651e-06
1.91069e-05
5.41151e-06
2.34547e-05
5.45398e-06
2.55192e-05
4.25956e-06
2.60524e-05
2.93313e-06
2.6156e-05
2.14578e-06
2.61242e-05
1.49284e-06
2.60745e-05
1.03933e-06
2.60246e-05
7.35421e-07
4.01425e-07
1.72267e-05
6.04215e-08
1.7249e-05
1.77671e-07
1.72738e-05
2.96637e-07
1.72962e-05
4.14142e-07
1.7313e-05
5.28276e-07
1.73229e-05
6.36777e-07
1.7323e-05
7.37107e-07
1.731e-05
8.26355e-07
1.72804e-05
9.01978e-07
1.72292e-05
9.62068e-07
1.71539e-05
1.00495e-06
1.70536e-05
1.02734e-06
1.69257e-05
1.02971e-06
1.67764e-05
1.01288e-06
1.66331e-05
9.76208e-07
1.64711e-05
9.22268e-07
1.62744e-05
8.62497e-07
1.60446e-05
7.85044e-07
1.57839e-05
6.99595e-07
1.5498e-05
5.9848e-07
1.519e-05
4.97212e-07
1.48843e-05
3.91758e-07
1.45963e-05
3.00002e-07
1.43326e-05
2.26829e-07
1.4096e-05
1.6998e-07
1.38899e-05
1.30314e-07
1.37128e-05
1.05806e-07
1.35627e-05
9.73196e-08
1.34338e-05
1.02642e-07
1.33218e-05
1.26937e-07
1.3221e-05
1.76354e-07
1.31294e-05
2.56747e-07
1.3045e-05
3.71863e-07
1.29684e-05
5.56556e-07
1.29102e-05
8.14608e-07
1.28631e-05
1.20833e-06
1.2893e-05
1.7224e-06
1.32579e-05
2.43765e-06
1.4347e-05
3.32833e-06
1.69209e-05
4.24134e-06
2.15169e-05
5.20694e-06
2.6721e-05
5.33237e-06
3.04008e-05
4.89125e-06
3.19222e-05
3.93728e-06
3.24083e-05
2.84319e-06
3.25573e-05
2.11714e-06
3.25748e-05
1.51062e-06
3.25644e-05
1.06033e-06
3.25401e-05
7.63102e-07
4.19012e-07
2.15659e-05
4.82877e-08
2.15997e-05
1.49798e-07
2.16431e-05
2.58899e-07
2.16912e-05
3.71428e-07
2.17402e-05
4.84131e-07
2.17871e-05
5.93831e-07
2.18291e-05
6.97339e-07
2.18638e-05
7.91593e-07
2.18886e-05
8.73349e-07
2.19012e-05
9.40022e-07
2.18989e-05
9.8967e-07
2.18766e-05
1.02024e-06
2.18435e-05
1.02926e-06
2.17894e-05
1.01313e-06
2.17069e-05
9.764e-07
2.15902e-05
9.19413e-07
2.14392e-05
8.46723e-07
2.12662e-05
7.59731e-07
2.10465e-05
6.65666e-07
2.07819e-05
5.6876e-07
2.04582e-05
4.74926e-07
2.00902e-05
3.83401e-07
1.97048e-05
3.05807e-07
1.93154e-05
2.46756e-07
1.89329e-05
2.01175e-07
1.85654e-05
1.71794e-07
1.82196e-05
1.55029e-07
1.78972e-05
1.57239e-07
1.76007e-05
1.73278e-07
1.73502e-05
2.19864e-07
1.71392e-05
2.86246e-07
1.69562e-05
4.07413e-07
1.68173e-05
5.66777e-07
1.67463e-05
8.20401e-07
1.6741e-05
1.16485e-06
1.6891e-05
1.64641e-06
1.75198e-05
2.23358e-06
1.89477e-05
2.99743e-06
2.17665e-05
3.81817e-06
2.65109e-05
4.43918e-06
3.19628e-05
5.05638e-06
3.63142e-05
4.85497e-06
3.87161e-05
4.25346e-06
3.98744e-05
3.45387e-06
4.03317e-05
2.61625e-06
4.05478e-05
1.97489e-06
4.06347e-05
1.44722e-06
4.06787e-05
1.02431e-06
4.06932e-05
7.51446e-07
4.1515e-07
2.70117e-05
3.3964e-08
2.70548e-05
1.1424e-07
2.71136e-05
2.07663e-07
2.71837e-05
3.08687e-07
2.72618e-05
4.13103e-07
2.73451e-05
5.17021e-07
2.74313e-05
6.16604e-07
2.75184e-05
7.08048e-07
2.7605e-05
7.87596e-07
2.76888e-05
8.52427e-07
2.77768e-05
8.99532e-07
2.78616e-05
9.25417e-07
2.79372e-05
9.3152e-07
2.7995e-05
9.15052e-07
2.8024e-05
8.79869e-07
2.80106e-05
8.26959e-07
2.79461e-05
7.5446e-07
2.78304e-05
6.7679e-07
2.76334e-05
5.93077e-07
2.73737e-05
5.17391e-07
2.70291e-05
4.39886e-07
2.66068e-05
3.79304e-07
2.61466e-05
3.28116e-07
2.56687e-05
2.96733e-07
2.51912e-05
2.74342e-07
2.47301e-05
2.67484e-07
2.42969e-05
2.71565e-07
2.38999e-05
2.96102e-07
2.35486e-05
3.35273e-07
2.32489e-05
4.14804e-07
2.30222e-05
5.13082e-07
2.29299e-05
6.86179e-07
2.29723e-05
9.10302e-07
2.31612e-05
1.21151e-06
2.37032e-05
1.61297e-06
2.48328e-05
2.13279e-06
2.68451e-05
2.64692e-06
3.00185e-05
3.25994e-06
3.4536e-05
3.7751e-06
3.9823e-05
4.22633e-06
4.41686e-05
4.32006e-06
4.70334e-05
3.91303e-06
4.86996e-05
3.43428e-06
4.96572e-05
2.82445e-06
5.01791e-05
2.21176e-06
5.04982e-05
1.69664e-06
5.06855e-05
1.27472e-06
5.08052e-05
9.1038e-07
5.08773e-05
6.81697e-07
3.79389e-07
3.3847e-05
1.93867e-08
3.3897e-05
7.39122e-08
3.39684e-05
1.46041e-07
3.40594e-05
2.27568e-07
3.41682e-05
3.1416e-07
3.42928e-05
4.02073e-07
3.44313e-05
4.87406e-07
3.4583e-05
5.64716e-07
3.47517e-05
6.30717e-07
3.49319e-05
6.82842e-07
3.51204e-05
7.18857e-07
3.53134e-05
7.35224e-07
3.55057e-05
7.33238e-07
3.56881e-05
7.12312e-07
3.58515e-05
6.73893e-07
3.59943e-05
6.25527e-07
3.60776e-05
5.69142e-07
3.60688e-05
5.25992e-07
3.5941e-05
4.928e-07
3.5693e-05
4.68743e-07
3.5334e-05
4.41015e-07
3.48932e-05
4.16901e-07
3.44334e-05
3.98005e-07
3.39696e-05
3.90264e-07
3.35215e-05
3.96373e-07
3.31145e-05
4.1336e-07
3.27678e-05
4.41575e-07
3.25021e-05
4.89679e-07
3.23362e-05
5.55684e-07
3.2312e-05
6.5289e-07
3.24593e-05
7.81221e-07
3.27933e-05
9.44464e-07
3.35108e-05
1.18298e-06
3.47502e-05
1.44103e-06
3.65569e-05
1.78816e-06
3.90991e-05
2.16971e-06
4.27242e-05
2.59577e-06
4.70025e-05
2.8738e-06
5.12531e-05
3.05321e-06
5.4903e-05
3.15851e-06
5.77133e-05
3.05021e-06
5.96213e-05
2.77448e-06
6.09506e-05
2.44175e-06
6.1873e-05
2.03753e-06
6.24945e-05
1.64317e-06
6.29316e-05
1.28078e-06
6.32322e-05
9.83283e-07
6.3437e-05
7.09821e-07
6.35793e-05
5.41363e-07
2.99205e-07
4.24301e-05
6.22928e-09
4.24837e-05
3.25499e-08
4.25694e-05
7.28274e-08
4.26885e-05
1.21855e-07
4.28408e-05
1.76029e-07
4.30239e-05
2.33947e-07
4.32331e-05
2.94098e-07
4.34689e-05
3.4571e-07
4.37326e-05
3.84722e-07
4.40209e-05
4.1295e-07
4.4329e-05
4.29215e-07
4.46506e-05
4.30847e-07
4.49804e-05
4.1748e-07
4.53175e-05
3.91486e-07
4.56416e-05
3.54382e-07
4.59341e-05
3.17668e-07
4.61677e-05
2.90856e-07
4.63085e-05
3.0105e-07
4.63229e-05
3.4716e-07
4.62211e-05
3.95184e-07
4.60302e-05
4.24802e-07
4.57882e-05
4.36744e-07
4.55316e-05
4.45119e-07
4.52962e-05
4.59937e-07
4.51129e-05
4.86512e-07
4.50185e-05
5.18228e-07
4.50468e-05
5.59292e-07
4.52477e-05
6.04718e-07
4.56598e-05
6.6576e-07
4.6268e-05
7.28376e-07
4.72329e-05
8.1195e-07
4.86704e-05
9.00004e-07
5.05823e-05
1.01227e-06
5.30518e-05
1.12427e-06
5.60057e-05
1.25558e-06
5.92983e-05
1.3979e-06
6.26757e-05
1.58903e-06
6.58883e-05
1.62616e-06
6.87124e-05
1.64341e-06
7.11198e-05
1.63045e-06
7.3066e-05
1.58161e-06
7.46365e-05
1.43691e-06
7.58957e-05
1.2892e-06
7.68924e-05
1.08928e-06
7.76604e-05
8.98201e-07
7.82411e-05
7.11726e-07
7.86751e-05
5.55487e-07
7.89824e-05
4.05884e-07
7.92104e-05
3.15013e-07
1.70713e-07
5.3207e-05
5.32549e-05
5.33436e-05
5.34817e-05
5.36749e-05
5.39269e-05
5.42403e-05
5.46067e-05
5.50143e-05
5.54534e-05
5.59139e-05
5.63789e-05
5.68335e-05
5.72642e-05
5.76592e-05
5.80157e-05
5.8341e-05
5.86704e-05
5.90406e-05
5.94586e-05
5.99164e-05
6.04094e-05
6.09499e-05
6.15643e-05
6.22807e-05
6.31218e-05
6.41124e-05
6.52726e-05
6.66172e-05
6.81394e-05
6.98693e-05
7.17773e-05
7.38352e-05
7.59831e-05
7.81777e-05
8.03757e-05
8.25939e-05
8.46726e-05
8.66151e-05
8.84353e-05
9.01384e-05
9.16363e-05
9.29572e-05
9.40675e-05
9.49797e-05
9.57001e-05
9.62609e-05
9.66698e-05
9.69864e-05
)
;

boundaryField
{
    AXIS
    {
        type            empty;
        value           nonuniform 0();
    }
    OUTLET
    {
        type            calculated;
        value           nonuniform List<scalar> 
25
(
1.97046e-07
5.91764e-07
9.87053e-07
1.38276e-06
1.77906e-06
2.17601e-06
2.57369e-06
2.97216e-06
3.37153e-06
3.7719e-06
4.42465e-06
5.49956e-06
6.84561e-06
8.53211e-06
1.0646e-05
1.32958e-05
1.66177e-05
2.07798e-05
2.59944e-05
3.25234e-05
4.06978e-05
5.09137e-05
6.36601e-05
7.93394e-05
9.71576e-05
)
;
    }
    COFLOW
    {
        type            calculated;
        value           nonuniform List<scalar> 
15
(
-2.36496e-06
-2.93574e-06
-3.64907e-06
-4.54127e-06
-5.65789e-06
-7.05618e-06
-8.8081e-06
-1.10041e-05
-1.37579e-05
-1.72126e-05
-2.15478e-05
-2.69898e-05
-3.3823e-05
-4.2405e-05
-5.31858e-05
)
;
    }
    PILOT
    {
        type            calculated;
        value           nonuniform List<scalar> 5(-6.03578e-07 -7.13335e-07 -8.2315e-07 -9.32931e-07 -1.04271e-06);
    }
    FUEL
    {
        type            calculated;
        value           nonuniform List<scalar> 5(-1.05081e-06 -3.15233e-06 -5.25453e-06 -7.35897e-06 -9.46364e-06);
    }
    WALL
    {
        type            calculated;
        value           uniform 0;
    }
    front
    {
        type            wedge;
        value           nonuniform List<scalar> 
1250
(
1.28594e-20
3.51535e-20
5.24463e-20
6.79552e-20
9.13338e-20
6.57875e-20
1.90981e-19
3.60715e-19
6.6598e-19
1.39297e-18
1.18221e-19
3.37065e-19
6.04716e-19
1.02587e-18
1.42778e-18
2.19706e-19
6.0077e-19
1.10218e-18
1.67786e-18
1.12975e-18
1.65264e-19
3.36307e-19
5.09993e-19
3.63441e-19
8.82343e-19
-2.53998e-20
-1.37243e-19
-6.49269e-19
-1.80675e-18
-4.23666e-19
-1.54831e-19
-3.60505e-19
-8.31339e-19
-1.33206e-18
-7.6993e-19
-1.15042e-19
-3.29145e-19
-5.72909e-19
-7.24357e-19
-5.52281e-19
-1.87052e-19
-3.98088e-19
-7.23037e-19
-1.00772e-18
-1.17104e-18
-2.65639e-20
-4.39531e-20
5.99062e-20
4.26825e-19
1.03249e-18
-1.3127e-19
-4.1547e-19
-9.85658e-19
-2.5092e-18
-6.16573e-18
-2.33804e-19
-5.3915e-19
-1.25383e-18
-2.52265e-18
-4.37737e-18
-3.64892e-19
-1.05367e-18
-1.93129e-18
-3.00038e-18
-4.00031e-18
-2.27876e-19
-4.59418e-19
-7.60646e-19
-1.13423e-18
-2.47329e-18
-4.34516e-19
-1.38381e-18
-3.22772e-18
-6.21803e-18
-4.35814e-18
-1.38894e-18
-2.95926e-18
-5.57943e-18
-7.88362e-18
-6.85972e-18
-2.72142e-19
-6.31985e-19
-3.04641e-19
1.27222e-18
-1.95536e-18
-1.33484e-18
-2.4842e-18
-3.00374e-18
-2.5855e-18
-3.73763e-18
3.00145e-18
6.42626e-18
5.95775e-18
3.6784e-18
1.93778e-18
-1.45344e-17
-2.14194e-17
-1.65511e-17
-8.76737e-18
-6.35487e-18
-6.5532e-18
-9.75292e-18
-8.0754e-18
-8.41101e-19
-3.92115e-18
-1.92611e-18
-4.41805e-18
-4.2014e-18
-2.63112e-18
-4.80487e-18
-1.80276e-18
-3.65106e-18
-5.96814e-18
-7.48378e-18
-1.63539e-18
-6.94923e-19
-1.91579e-18
-3.15579e-18
-4.8053e-18
-6.36669e-18
-1.69361e-18
-3.63994e-18
-7.24192e-18
-1.05225e-17
-9.02039e-18
-1.46053e-18
-4.0823e-18
-6.83743e-18
-8.88136e-18
-8.32602e-18
-1.37225e-18
-3.66145e-18
-5.8064e-18
-7.19669e-18
-7.43534e-18
-1.24854e-18
-2.57966e-18
-4.30965e-18
-5.44213e-18
-5.83664e-18
-1.169e-18
-2.76435e-18
-4.39606e-18
-5.31163e-18
-5.29812e-18
-4.72262e-19
-9.97803e-19
-1.45909e-18
-1.77105e-18
-2.95692e-18
-1.08687e-18
-2.60126e-18
-5.42058e-18
-8.4578e-18
-4.28447e-18
-1.72776e-18
-4.08418e-18
-7.21205e-18
-9.78666e-18
-9.92492e-18
-7.96702e-19
-1.61635e-18
-1.98846e-18
-1.90444e-18
-1.09513e-17
-7.03722e-19
-1.4094e-18
-2.26762e-18
-3.4667e-18
-7.01875e-18
-1.20009e-19
-5.88987e-19
-2.54388e-18
-5.9895e-18
-3.92863e-18
-5.07889e-18
-9.99792e-18
-1.48602e-17
-1.85827e-17
-2.15246e-17
1.75615e-17
1.28797e-17
5.44303e-18
-3.50653e-18
-3.26091e-18
1.03674e-17
2.3658e-17
2.51558e-17
1.94559e-17
2.08695e-17
-3.53065e-17
-6.80891e-17
-6.31103e-17
-5.31718e-17
-4.49605e-17
-1.03188e-17
-2.59495e-17
-3.2922e-17
-3.41775e-17
-3.25653e-17
-3.56637e-18
-9.78993e-18
-1.43398e-17
-1.68975e-17
-1.78309e-17
-1.4982e-18
-4.20105e-18
-6.56534e-18
-8.3702e-18
-9.57847e-18
-1.93658e-18
-5.24736e-18
-7.98442e-18
-9.93404e-18
-1.1205e-17
3.30957e-17
4.97424e-17
3.35015e-17
1.14281e-17
-7.41854e-19
1.38082e-17
3.66995e-17
5.31748e-17
6.64315e-17
3.69332e-17
8.41604e-18
2.12901e-17
3.14107e-17
3.482e-17
2.9183e-17
1.07487e-19
-2.7855e-19
-3.85105e-18
-1.03262e-17
3.17733e-17
-3.96443e-18
-1.10993e-17
-1.74673e-17
-2.19025e-17
-2.22468e-17
1.58319e-17
4.32531e-17
7.00898e-17
9.92685e-17
1.33183e-16
-1.15398e-16
-1.22664e-16
-1.13797e-16
-6.93777e-17
-7.59364e-18
1.81106e-19
5.73167e-19
1.19328e-18
1.0179e-18
1.70879e-19
2.26147e-18
1.90792e-18
1.52708e-18
1.02822e-18
5.06942e-19
1.78474e-18
1.68086e-18
1.43196e-18
1.09386e-18
7.30347e-19
1.62034e-18
2.2358e-18
3.05423e-18
1.97917e-18
1.18919e-18
1.24185e-18
1.03296e-18
1.94651e-21
-5.82639e-19
3.05334e-20
1.97847e-19
-2.75728e-19
-1.70985e-18
-2.0744e-18
-7.89304e-19
-4.8077e-19
-8.52369e-19
-1.81721e-18
-2.6063e-18
-1.30083e-18
-5.03173e-19
-8.1235e-19
-1.35851e-18
-1.77566e-18
-1.66307e-18
-1.24682e-18
-1.40296e-18
-1.66153e-18
-1.99071e-18
-2.44753e-18
9.45266e-19
4.00077e-19
-4.0458e-19
-1.06587e-18
-1.9704e-18
-6.40845e-18
-5.35008e-18
-3.85656e-18
-4.73729e-18
-3.46447e-18
-5.02161e-18
-5.12985e-18
-5.39449e-18
-7.08594e-18
-5.01174e-18
-4.6106e-18
-5.02507e-18
-5.46739e-18
-5.93246e-18
-5.08316e-18
-3.42545e-18
-3.85074e-18
-3.9757e-18
-4.30788e-18
-4.07068e-18
-4.08421e-18
-5.19914e-18
-7.28625e-18
-6.2142e-18
-5.07639e-18
-6.20565e-18
-6.29569e-18
-6.19444e-18
-3.56504e-18
-3.88756e-18
-3.12863e-18
-2.59658e-18
-4.55288e-19
-1.60197e-18
-2.67483e-18
-4.28133e-18
-3.82765e-18
-2.78375e-18
-2.8105e-18
-3.04257e-18
1.40687e-18
1.06681e-18
3.52876e-19
-4.36323e-19
-1.60828e-18
-7.97613e-18
-9.01741e-18
-6.65719e-18
-6.3818e-18
-3.88411e-18
-5.95497e-18
-5.54319e-18
-2.77732e-18
-4.21101e-18
-4.8252e-18
-5.49766e-18
-4.80311e-18
-3.71557e-18
-4.69039e-18
-5.36034e-18
-3.2174e-18
-5.23595e-18
-6.75059e-18
-3.27393e-18
-4.12731e-18
-4.35923e-18
-3.78215e-18
-3.66433e-18
-3.00791e-18
-3.39029e-18
-6.84228e-18
-6.50343e-18
-7.49504e-18
-5.34696e-18
-4.4056e-18
-7.32562e-18
-6.95282e-18
-7.0394e-18
-6.30571e-18
-5.23294e-18
-7.09888e-18
-6.53443e-18
-5.32931e-18
-2.76274e-18
-3.43964e-18
-5.49368e-18
-4.27174e-18
-1.79473e-18
1.75604e-18
1.36556e-18
-4.58906e-18
-3.35534e-18
-1.74736e-18
-3.16061e-19
-6.3577e-19
-3.37519e-18
-2.75062e-18
-1.67091e-18
-1.45272e-18
-1.86417e-18
-1.48049e-18
-1.50402e-18
-3.82834e-18
-1.27557e-18
8.18393e-20
-1.35327e-17
-1.33782e-17
-8.97429e-18
-5.52301e-18
-3.85652e-18
-1.07557e-17
-8.0314e-18
-3.67044e-18
-3.57636e-18
-3.65636e-18
-7.44161e-18
-6.00797e-18
-4.29708e-18
-4.60885e-18
-5.91647e-18
-4.58623e-18
-6.52652e-18
-8.47572e-18
-6.69037e-18
-4.59872e-18
-1.556e-17
-1.02872e-17
-5.15538e-18
-4.33626e-18
-2.48188e-18
-1.93146e-18
-1.42695e-18
-2.6506e-18
-2.69233e-18
-5.19044e-18
1.92513e-17
1.45602e-17
8.08484e-18
6.14319e-18
4.09298e-18
-3.71146e-17
-3.15008e-17
-2.52305e-17
-1.62458e-17
-1.31985e-17
-2.94233e-17
-2.55802e-17
-2.12269e-17
-1.67733e-17
-1.3176e-17
-1.76019e-17
-1.66212e-17
-1.5208e-17
-1.35875e-17
-1.19724e-17
-1.02385e-17
-1.04329e-17
-1.02381e-17
-9.71955e-18
-8.93599e-18
-1.19924e-17
-1.24169e-17
-1.25251e-17
-1.22703e-17
-1.16201e-17
-7.00665e-18
-9.23743e-18
-8.21751e-18
-5.57677e-18
-9.62318e-18
1.82508e-17
8.37324e-18
3.92311e-18
2.65147e-18
2.35609e-18
2.3727e-17
1.91097e-17
1.51294e-17
1.07523e-17
6.49044e-18
1.82367e-17
2.89254e-18
-1.40233e-17
-4.37006e-18
1.36239e-18
-2.32847e-17
-2.26373e-17
-1.93883e-17
-1.28948e-17
-5.39543e-18
1.33046e-16
1.11365e-16
7.53259e-17
5.35006e-17
4.26136e-17
2.64416e-17
4.02425e-17
4.21322e-17
3.93939e-17
3.51345e-17
3.69441e-20
-9.00867e-20
-2.30098e-19
-1.12138e-19
-2.51702e-20
-1.77467e-20
-9.62985e-20
-6.31979e-20
2.83993e-19
-1.73803e-18
-6.40606e-19
1.71673e-19
2.97146e-19
-1.3074e-18
4.27708e-19
5.75401e-20
-4.64606e-19
-1.27803e-18
-4.14556e-19
6.56408e-21
5.99178e-21
-4.31676e-19
-4.18468e-19
1.60554e-18
-2.58782e-18
-1.72907e-18
7.97694e-19
1.48793e-18
1.37778e-18
1.73301e-17
3.6039e-19
-9.71975e-21
-2.66699e-19
3.05115e-19
6.43634e-19
4.5102e-19
-1.02693e-18
-1.8774e-18
1.23649e-18
-1.27055e-19
1.31098e-18
2.27528e-18
3.42653e-18
6.79475e-18
-1.3361e-17
7.42572e-19
5.9204e-19
1.06902e-18
2.50698e-18
2.61399e-18
2.72558e-18
1.69802e-18
1.7934e-18
2.49258e-18
2.44336e-18
5.63939e-18
4.3342e-18
6.11156e-18
2.00466e-17
-3.6407e-18
5.42536e-19
1.4392e-18
4.44226e-18
1.32768e-17
7.33531e-18
8.06673e-18
5.38719e-18
6.85977e-18
4.55548e-18
4.58628e-18
7.68464e-18
6.25851e-18
8.39672e-18
2.61638e-17
-2.76075e-17
6.19451e-19
3.3668e-18
1.14091e-17
1.02719e-17
8.54651e-18
1.07294e-17
7.27074e-18
6.94517e-18
5.76332e-18
6.36628e-18
1.11074e-17
7.9732e-18
9.43655e-18
1.80589e-17
-6.36796e-17
1.33821e-19
2.10585e-18
4.62068e-18
1.75487e-20
5.72615e-18
8.20036e-18
7.32904e-18
6.919e-18
6.4147e-18
7.10014e-18
1.14087e-17
8.73011e-18
9.81873e-18
1.26759e-17
-5.46345e-17
-2.10189e-18
-4.89508e-18
-6.39534e-18
-7.30658e-19
1.00628e-17
8.12329e-18
7.23535e-18
6.90798e-18
6.62159e-18
6.46399e-18
5.61413e-18
8.20313e-18
9.98985e-18
1.04906e-17
-4.76642e-17
-3.86274e-18
-7.75077e-18
-6.5029e-18
-2.29127e-18
4.61528e-18
6.44951e-18
6.82295e-18
6.90829e-18
6.80824e-18
5.78648e-18
5.49871e-18
7.81403e-18
1.05289e-17
1.44056e-17
-4.23926e-17
-3.24422e-18
-5.08162e-18
-5.06054e-18
-2.78745e-18
1.58417e-18
5.02225e-18
6.83283e-18
7.39445e-18
7.75354e-18
4.00258e-18
4.69604e-18
7.04559e-18
1.14137e-17
3.6663e-17
-3.61624e-17
-3.40757e-18
-4.1334e-18
-4.30739e-18
-2.92608e-18
2.87391e-18
1.98713e-17
1.10588e-17
9.40897e-18
1.22262e-17
-1.38446e-18
2.47258e-18
5.06093e-18
8.46426e-18
5.28232e-17
-2.90804e-17
-3.92144e-18
-3.38924e-18
-1.83544e-18
3.40285e-18
4.78516e-18
1.27398e-17
1.08385e-17
8.94444e-18
7.31004e-18
-5.52735e-18
-2.16147e-20
1.17897e-18
-7.56293e-18
5.91526e-17
-2.21757e-17
-4.4815e-18
-4.44808e-18
-4.86738e-18
4.51683e-18
5.77683e-18
9.76591e-18
9.7765e-18
8.07724e-18
5.15307e-18
-2.38166e-18
-1.43279e-18
-2.80933e-18
-1.89889e-17
4.31651e-17
-1.78466e-17
-3.71135e-18
-3.24502e-18
-1.86079e-18
2.78753e-18
4.82781e-18
6.15308e-18
9.03953e-18
7.22798e-18
4.11452e-18
-1.11286e-18
-3.28457e-18
-5.86524e-18
-1.58518e-17
3.31515e-17
-4.43583e-17
-4.6864e-18
-5.36714e-18
-7.9372e-18
-5.97243e-18
2.25274e-18
1.68509e-17
-6.72443e-18
2.15678e-18
2.345e-18
-1.97817e-18
-8.69081e-18
-1.08742e-17
-2.87306e-17
4.82493e-17
-4.23511e-18
-3.93865e-18
-3.5625e-18
-1.57768e-18
-2.0905e-18
2.61155e-18
1.18754e-17
1.55668e-18
1.84086e-18
9.96527e-19
-4.60804e-18
-2.97186e-17
-1.68164e-17
-2.35023e-17
8.6296e-18
-1.73255e-18
-3.40816e-18
-4.33623e-18
-6.17463e-18
-4.20301e-18
-2.65427e-18
-9.76523e-18
-3.16621e-18
2.63213e-19
2.41716e-18
7.88518e-18
-1.95339e-17
-1.77652e-17
-1.69231e-17
3.65193e-17
3.98635e-18
-3.44877e-18
-4.14767e-18
-4.93464e-18
-4.24396e-18
-3.60405e-18
-5.83448e-18
-2.26789e-18
3.09547e-18
2.09905e-17
7.12266e-18
-1.35756e-17
-1.70093e-17
-1.30995e-17
3.11488e-17
1.0332e-17
-2.74112e-18
-3.96688e-18
-5.19961e-18
-6.07601e-18
-6.78456e-18
-9.73808e-18
-8.0871e-18
3.27386e-18
1.37398e-17
5.44889e-18
-1.04e-17
-1.62226e-17
-1.24482e-17
2.78778e-17
1.76081e-17
-2.67727e-18
-2.57165e-18
-1.98671e-18
7.51051e-19
7.88312e-19
1.22825e-17
1.68957e-17
-8.17051e-18
5.92015e-18
2.80244e-18
-9.56748e-18
-1.99345e-17
-4.89388e-17
-2.01757e-17
1.79704e-17
-6.23473e-18
-5.09591e-18
-5.42248e-18
-1.84355e-18
-1.37028e-18
-4.71949e-18
5.5454e-18
-3.91792e-18
-1.92662e-19
-3.06087e-19
-9.87485e-18
-2.21031e-17
-4.75574e-17
-6.6257e-17
1.28913e-17
-6.36904e-18
-7.33119e-18
-9.20994e-18
-5.84872e-18
-2.88725e-18
-9.41347e-19
3.55798e-18
1.62975e-18
1.62262e-17
-1.34624e-18
-1.14307e-17
-2.32183e-17
-4.55138e-17
-6.28459e-17
4.62883e-17
-4.9316e-18
-5.06664e-18
-3.57066e-18
-3.28906e-18
-5.02429e-18
-1.27808e-17
-3.33035e-18
2.08594e-18
1.69811e-17
4.58111e-17
3.62794e-17
-1.24152e-17
-3.63077e-17
-1.32329e-17
4.31884e-17
-4.07944e-18
-4.99294e-18
-6.64934e-18
-1.25612e-17
-8.50401e-18
-7.63435e-18
-2.52836e-18
4.60235e-18
1.98511e-17
3.73043e-17
3.05556e-17
-4.76232e-18
-2.62684e-17
-9.50322e-18
7.39335e-17
-4.63433e-18
-5.73209e-18
-7.75798e-18
-1.13399e-17
-1.27872e-17
-2.0025e-17
-9.22541e-18
-1.91815e-18
-4.23581e-18
2.00288e-17
2.1814e-17
-5.43729e-18
-5.60882e-17
-1.37692e-17
6.62181e-17
-4.42911e-18
-4.77347e-18
-5.80205e-18
-7.44193e-18
-1.04109e-17
-1.42611e-17
-8.76142e-18
3.6195e-20
7.07919e-18
4.93292e-17
2.44516e-17
-2.94569e-18
-4.10193e-17
-1.57433e-17
5.83309e-17
-7.26809e-18
-8.04237e-18
-1.02145e-17
-1.68213e-17
-1.40661e-17
-1.36004e-17
-1.17177e-17
-1.56304e-17
5.34124e-18
3.28677e-17
2.20372e-17
4.19022e-19
-2.57577e-17
-6.67238e-18
5.19144e-17
-2.99399e-18
-6.42931e-18
-9.74874e-18
-1.36344e-17
-1.40404e-17
-1.3664e-17
-1.24512e-17
-1.1338e-17
3.06648e-18
2.09842e-17
1.68191e-17
-3.92693e-18
-6.23398e-17
-6.04635e-17
4.60785e-17
-2.76507e-18
-5.59256e-18
-8.51838e-18
-1.12228e-17
-1.26058e-17
-1.27739e-17
-1.15681e-17
-8.39806e-18
1.65747e-18
1.30975e-17
1.24377e-17
4.3959e-19
-5.80423e-18
-4.12904e-17
1.09227e-16
-2.54294e-18
-3.96636e-18
-7.23289e-18
-1.10324e-17
-1.25101e-17
-1.274e-17
-1.27e-17
-1.21427e-17
-6.2925e-18
4.58534e-18
6.58664e-18
-4.62744e-18
-4.56746e-17
-3.56403e-17
1.05044e-16
-3.8933e-18
-9.89767e-18
-7.63393e-18
-3.14671e-18
-8.92259e-18
-1.23195e-17
-8.90172e-18
7.39161e-18
2.73236e-17
1.15784e-17
6.24519e-18
-3.25811e-19
5.21847e-18
-1.71583e-17
1.74055e-16
-4.3504e-18
-5.58094e-18
-4.30448e-18
-2.90783e-18
-3.07746e-18
2.94814e-18
-6.30961e-19
7.07528e-18
1.75595e-17
1.20405e-17
6.7845e-18
1.96163e-18
3.87836e-18
-1.42445e-18
2.42482e-16
-4.59292e-18
-7.31335e-18
-1.20954e-17
-7.14936e-18
-3.97658e-18
-1.26897e-19
1.26887e-18
6.45152e-18
1.28573e-17
1.25983e-17
7.96637e-18
3.83163e-18
4.0947e-18
1.39858e-17
3.01939e-16
-8.30211e-18
-1.18359e-17
-1.63569e-17
-1.09743e-17
-4.54906e-18
-4.72661e-19
1.76068e-18
3.85204e-18
2.08467e-18
-1.8997e-17
-4.34883e-18
9.78476e-19
5.13212e-18
2.54368e-17
2.84861e-16
-2.21083e-18
-2.51454e-18
-1.04923e-17
-1.32253e-17
-1.60519e-17
-9.60667e-18
-4.12469e-18
-1.18405e-18
-1.88388e-18
-5.31568e-18
2.14589e-17
9.35381e-18
5.35615e-18
3.47714e-17
2.71354e-16
-3.45807e-19
1.1337e-18
3.4816e-19
1.87755e-18
-3.68741e-18
1.82093e-18
2.88056e-19
2.99181e-18
1.39211e-17
-1.82916e-17
4.70318e-18
1.01235e-17
4.48339e-17
4.17752e-17
2.57381e-16
-8.5739e-18
-1.46639e-17
-1.40228e-17
-1.43459e-17
-2.78089e-18
-8.97722e-20
2.22242e-18
5.29979e-18
1.33128e-17
2.52402e-17
4.85768e-17
5.52207e-17
5.30429e-17
7.57653e-17
1.72658e-16
2.37385e-18
2.84525e-18
9.95297e-18
1.80705e-17
1.70089e-17
5.17479e-18
-1.02739e-17
-1.67223e-18
7.81789e-18
1.98843e-17
3.43187e-17
2.27032e-17
4.79795e-17
9.67384e-18
1.58625e-16
-6.94784e-18
-1.71332e-18
3.15838e-18
5.48175e-18
3.1762e-19
-6.27204e-18
-6.98966e-18
-2.83669e-18
4.25633e-18
1.4973e-17
2.88815e-17
3.11972e-17
4.34433e-17
-9.15968e-17
5.58869e-17
-1.01785e-17
-8.01576e-18
-6.98454e-18
-9.1e-18
-6.94237e-18
-6.67786e-18
-6.02301e-18
-3.00843e-18
3.38299e-18
1.52015e-17
3.13269e-17
4.03869e-17
1.03505e-17
-7.06903e-17
4.15657e-17
-1.08403e-17
-9.97978e-18
-9.24994e-18
-9.36608e-18
-9.36851e-18
-9.44522e-18
6.34284e-18
4.04636e-18
4.31103e-18
1.4577e-17
3.0751e-17
1.22352e-17
1.14168e-16
-5.42847e-17
2.44817e-17
-8.31987e-18
-7.5824e-18
-5.64253e-18
-1.81735e-18
-2.99081e-18
-2.8136e-18
4.23378e-18
1.38422e-17
4.46249e-17
4.2144e-17
4.13655e-17
2.59069e-17
6.30141e-17
-6.68591e-18
5.24891e-18
-1.13587e-17
-1.16763e-17
-1.25667e-17
-1.55663e-17
-8.26776e-18
7.0491e-19
1.2685e-17
2.52477e-17
3.71117e-17
3.19886e-17
3.38909e-17
3.72595e-17
1.29777e-16
-8.6146e-17
-2.56919e-17
-1.44675e-17
-1.96266e-17
-2.30908e-17
-2.59434e-17
-2.70316e-17
-2.48526e-17
-1.26774e-17
1.93455e-17
9.78322e-17
1.24886e-16
7.00894e-17
6.46737e-17
1.83257e-16
-1.69913e-16
-1.4991e-16
5.25529e-18
1.59631e-17
4.21166e-18
-2.14533e-18
3.93131e-17
8.45413e-17
1.13402e-16
1.33924e-16
1.1011e-16
5.18388e-17
5.92601e-17
7.42981e-17
1.63242e-16
6.13408e-17
-2.48304e-16
2.30669e-18
-3.82318e-18
-1.67933e-17
7.28239e-19
3.10722e-17
6.66419e-17
9.37725e-17
9.86591e-17
5.60158e-17
1.05835e-16
7.51316e-17
7.74488e-17
7.16043e-17
1.88112e-16
-2.39763e-16
5.19741e-18
9.86072e-18
1.87844e-17
4.18332e-17
4.9158e-17
6.57226e-17
8.22595e-17
8.74827e-17
7.61645e-17
8.95255e-17
7.33671e-17
4.60603e-17
-6.9371e-17
1.15039e-16
-2.27476e-16
2.87735e-18
1.446e-17
3.25012e-17
6.14125e-17
6.03886e-17
6.60448e-17
7.53052e-17
8.04869e-17
7.82469e-17
7.90926e-17
6.75342e-17
5.34807e-17
2.52303e-18
1.31037e-16
-2.06325e-16
4.09011e-17
4.70785e-17
5.91708e-17
7.56821e-17
8.74309e-17
9.15349e-17
8.67675e-17
8.72152e-17
8.85892e-17
9.14773e-17
8.50939e-17
1.00865e-17
-5.78531e-17
9.84836e-18
-1.88289e-16
3.1949e-17
2.85992e-17
1.98439e-17
-1.97659e-18
-1.74409e-17
6.6101e-18
9.77237e-17
8.90134e-17
7.82165e-17
5.57393e-17
-2.05111e-17
1.4178e-16
1.48852e-16
1.60602e-16
-2.44121e-16
)
;
    }
    back
    {
        type            wedge;
        value           nonuniform List<scalar> 
1250
(
-1.28461e-20
-3.51174e-20
-5.24309e-20
-6.80758e-20
-9.15192e-20
-6.58021e-20
-1.91029e-19
-3.60757e-19
-6.66267e-19
-1.39315e-18
-1.1825e-19
-3.37167e-19
-6.04821e-19
-1.0262e-18
-1.4281e-18
-2.19745e-19
-6.0089e-19
-1.10227e-18
-1.67827e-18
-1.13006e-18
-1.65291e-19
-3.36422e-19
-5.10091e-19
-3.63771e-19
-8.82558e-19
2.53658e-20
1.37132e-19
6.49175e-19
1.80646e-18
4.23443e-19
1.5481e-19
3.60421e-19
8.31286e-19
1.33183e-18
7.69784e-19
1.1501e-19
3.29061e-19
5.72815e-19
7.24104e-19
5.52072e-19
1.87037e-19
3.98015e-19
7.22981e-19
1.00753e-18
1.17093e-18
2.65427e-20
4.38927e-20
-5.9968e-20
-4.27023e-19
-1.03263e-18
1.31247e-19
4.15399e-19
9.85592e-19
2.50903e-18
6.16562e-18
2.33793e-19
5.39102e-19
1.25378e-18
2.52249e-18
4.37728e-18
3.64873e-19
1.05362e-18
1.93125e-18
3.00022e-18
4.00021e-18
2.27865e-19
4.59379e-19
7.60615e-19
1.13408e-18
2.47322e-18
4.34503e-19
1.38377e-18
3.22767e-18
6.21791e-18
4.35806e-18
1.38893e-18
2.95924e-18
5.57939e-18
7.88352e-18
6.85965e-18
2.72133e-19
6.31957e-19
3.0461e-19
-1.27233e-18
1.95531e-18
1.33483e-18
2.48417e-18
3.00372e-18
2.58541e-18
3.73757e-18
-3.00146e-18
-6.42628e-18
-5.95777e-18
-3.67848e-18
-1.93783e-18
1.45344e-17
2.14194e-17
1.6551e-17
8.76728e-18
6.35482e-18
6.55319e-18
9.75291e-18
8.07538e-18
8.41017e-19
3.92111e-18
1.9261e-18
4.41803e-18
4.20138e-18
2.63105e-18
4.80483e-18
1.80276e-18
3.65104e-18
5.96811e-18
7.48372e-18
1.63535e-18
6.94917e-19
1.91577e-18
3.15577e-18
4.80524e-18
6.36665e-18
1.69361e-18
3.63992e-18
7.24191e-18
1.05225e-17
9.02036e-18
1.46053e-18
4.08228e-18
6.83742e-18
8.88131e-18
8.326e-18
1.37224e-18
3.66143e-18
5.80639e-18
7.19664e-18
7.4353e-18
1.24854e-18
2.57965e-18
4.30964e-18
5.4421e-18
5.83663e-18
1.16899e-18
2.76434e-18
4.39605e-18
5.31159e-18
5.2981e-18
4.72259e-19
9.9779e-19
1.45908e-18
1.77101e-18
2.95689e-18
1.08687e-18
2.60125e-18
5.42057e-18
8.45777e-18
4.28445e-18
1.72775e-18
4.08417e-18
7.21205e-18
9.78662e-18
9.9249e-18
7.967e-19
1.61634e-18
1.98845e-18
1.9044e-18
1.09513e-17
7.0372e-19
1.40939e-18
2.26761e-18
3.46667e-18
7.01873e-18
1.20007e-19
5.88977e-19
2.54387e-18
5.98947e-18
3.92862e-18
5.07889e-18
9.99791e-18
1.48601e-17
1.85827e-17
2.15246e-17
-1.75615e-17
-1.28797e-17
-5.44304e-18
3.5065e-18
3.26089e-18
-1.03674e-17
-2.3658e-17
-2.51559e-17
-1.9456e-17
-2.08695e-17
3.53065e-17
6.80891e-17
6.31103e-17
5.31717e-17
4.49605e-17
1.03188e-17
2.59494e-17
3.2922e-17
3.41774e-17
3.25653e-17
3.56636e-18
9.7899e-18
1.43398e-17
1.68974e-17
1.78309e-17
1.49819e-18
4.20102e-18
6.56532e-18
8.37009e-18
9.5784e-18
1.93657e-18
5.24734e-18
7.9844e-18
9.93397e-18
1.12049e-17
-3.30957e-17
-4.97424e-17
-3.35015e-17
-1.14282e-17
7.41809e-19
-1.38082e-17
-3.66995e-17
-5.31748e-17
-6.64316e-17
-3.69332e-17
-8.41604e-18
-2.12902e-17
-3.14107e-17
-3.482e-17
-2.9183e-17
-1.07489e-19
2.78541e-19
3.85104e-18
1.03262e-17
-3.17733e-17
3.96443e-18
1.10993e-17
1.74673e-17
2.19025e-17
2.22468e-17
-1.58319e-17
-4.32531e-17
-7.00898e-17
-9.92685e-17
-1.33183e-16
1.15398e-16
1.22664e-16
1.13797e-16
6.93776e-17
7.59364e-18
-1.8111e-19
-5.73121e-19
-1.1931e-18
-1.01782e-18
-1.70844e-19
-2.26157e-18
-1.90798e-18
-1.52698e-18
-1.02811e-18
-5.0687e-19
-1.78485e-18
-1.68102e-18
-1.43198e-18
-1.09378e-18
-7.30284e-19
-1.62046e-18
-2.23606e-18
-3.05436e-18
-1.97918e-18
-1.18917e-18
-1.24195e-18
-1.03322e-18
-2.12675e-21
5.82589e-19
-3.05403e-20
-1.97939e-19
2.7547e-19
1.70968e-18
2.0743e-18
7.89281e-19
4.80692e-19
8.52132e-19
1.81701e-18
2.60619e-18
1.3008e-18
5.03032e-19
8.12093e-19
1.35827e-18
1.7755e-18
1.663e-18
1.24678e-18
1.40276e-18
1.66134e-18
1.99055e-18
2.44749e-18
-9.45316e-19
-4.00312e-19
4.04394e-19
1.06575e-18
1.97034e-18
6.40841e-18
5.34991e-18
3.85637e-18
4.73717e-18
3.46441e-18
5.02157e-18
5.12967e-18
5.39432e-18
7.08582e-18
5.01168e-18
4.61054e-18
5.02491e-18
5.46722e-18
5.93234e-18
5.08312e-18
3.42541e-18
3.8506e-18
3.97557e-18
4.30775e-18
4.07064e-18
4.08417e-18
5.199e-18
7.2861e-18
6.21407e-18
5.07635e-18
6.20562e-18
6.29556e-18
6.1943e-18
3.56493e-18
3.88749e-18
3.12861e-18
2.59648e-18
4.55138e-19
1.60188e-18
2.67478e-18
4.2813e-18
3.82751e-18
2.78362e-18
2.81039e-18
3.04253e-18
-1.40689e-18
-1.06693e-18
-3.52987e-19
4.36223e-19
1.60823e-18
7.97611e-18
9.01732e-18
6.65708e-18
6.38173e-18
3.88407e-18
5.95494e-18
5.5431e-18
2.77721e-18
4.21094e-18
4.82516e-18
5.49763e-18
4.80303e-18
3.71548e-18
4.69033e-18
5.36029e-18
3.21738e-18
5.23586e-18
6.7505e-18
3.27386e-18
4.12727e-18
4.35921e-18
3.78207e-18
3.66424e-18
3.00785e-18
3.39025e-18
6.84227e-18
6.50335e-18
7.49497e-18
5.3469e-18
4.40557e-18
7.3256e-18
6.95275e-18
7.03934e-18
6.30564e-18
5.23291e-18
7.09886e-18
6.53437e-18
5.32924e-18
2.76268e-18
3.4396e-18
5.49367e-18
4.27169e-18
1.79466e-18
-1.7561e-18
-1.36559e-18
4.58906e-18
3.35529e-18
1.74731e-18
3.1601e-19
6.35733e-19
3.37518e-18
2.75057e-18
1.67084e-18
1.45267e-18
1.86415e-18
1.48049e-18
1.50398e-18
3.82829e-18
1.27552e-18
-8.18743e-20
1.35327e-17
1.33782e-17
8.97423e-18
5.52297e-18
3.85648e-18
1.07557e-17
8.03135e-18
3.67038e-18
3.57631e-18
3.65633e-18
7.4416e-18
6.00792e-18
4.29704e-18
4.6088e-18
5.91644e-18
4.58622e-18
6.52648e-18
8.47568e-18
6.69032e-18
4.5987e-18
1.556e-17
1.02871e-17
5.15533e-18
4.33622e-18
2.48186e-18
1.93145e-18
1.42691e-18
2.65056e-18
2.69228e-18
5.19042e-18
-1.92513e-17
-1.45602e-17
-8.0849e-18
-6.14324e-18
-4.09301e-18
3.71145e-17
3.15008e-17
2.52304e-17
1.62458e-17
1.31984e-17
2.94232e-17
2.55801e-17
2.12268e-17
1.67732e-17
1.31759e-17
1.76019e-17
1.6621e-17
1.52078e-17
1.35873e-17
1.19723e-17
1.02385e-17
1.04328e-17
1.02379e-17
9.71941e-18
8.93591e-18
1.19924e-17
1.24168e-17
1.25249e-17
1.22702e-17
1.162e-17
7.00664e-18
9.23728e-18
8.21733e-18
5.57659e-18
9.62311e-18
-1.82508e-17
-8.3734e-18
-3.92328e-18
-2.65162e-18
-2.35617e-18
-2.3727e-17
-1.91098e-17
-1.51295e-17
-1.07524e-17
-6.49047e-18
-1.82367e-17
-2.89258e-18
1.40233e-17
4.37002e-18
-1.36242e-18
2.32847e-17
2.26373e-17
1.93882e-17
1.28948e-17
5.39541e-18
-1.33046e-16
-1.11365e-16
-7.53259e-17
-5.35006e-17
-4.26136e-17
-2.64416e-17
-4.02425e-17
-4.21322e-17
-3.93939e-17
-3.51345e-17
-3.69243e-20
9.00926e-20
2.30083e-19
1.12146e-19
2.51424e-20
1.77306e-20
9.62956e-20
6.31923e-20
-2.84002e-19
1.73803e-18
6.40597e-19
-1.71676e-19
-2.97148e-19
1.3074e-18
-4.27706e-19
-5.74626e-20
4.64655e-19
1.27808e-18
4.14552e-19
-6.5893e-21
-6.02618e-21
4.31667e-19
4.18452e-19
-1.60557e-18
2.58782e-18
1.72904e-18
-7.97711e-19
-1.48794e-18
-1.37779e-18
-1.73301e-17
-3.60275e-19
9.78053e-21
2.6677e-19
-3.05125e-19
-6.4366e-19
-4.51063e-19
1.02691e-18
1.87738e-18
-1.23653e-18
1.2707e-19
-1.31104e-18
-2.27531e-18
-3.42656e-18
-6.79477e-18
1.3361e-17
-7.42496e-19
-5.91986e-19
-1.06895e-18
-2.50699e-18
-2.61402e-18
-2.72563e-18
-1.69803e-18
-1.79343e-18
-2.49265e-18
-2.44335e-18
-5.63947e-18
-4.33425e-18
-6.11159e-18
-2.00467e-17
3.6407e-18
-5.42512e-19
-1.43916e-18
-4.44219e-18
-1.32768e-17
-7.33535e-18
-8.06679e-18
-5.38721e-18
-6.8598e-18
-4.55555e-18
-4.58627e-18
-7.68474e-18
-6.25857e-18
-8.39678e-18
-2.61639e-17
2.76075e-17
-6.19462e-19
-3.36679e-18
-1.1409e-17
-1.02719e-17
-8.54654e-18
-1.07295e-17
-7.27077e-18
-6.94521e-18
-5.76341e-18
-6.36627e-18
-1.11075e-17
-7.97328e-18
-9.43662e-18
-1.8059e-17
6.36796e-17
-1.33859e-19
-2.10586e-18
-4.62066e-18
-1.7552e-20
-5.7262e-18
-8.20043e-18
-7.32907e-18
-6.91903e-18
-6.41481e-18
-7.10012e-18
-1.14088e-17
-8.73019e-18
-9.81879e-18
-1.26759e-17
5.46345e-17
2.10184e-18
4.89504e-18
6.39532e-18
7.30661e-19
-1.00629e-17
-8.12337e-18
-7.23537e-18
-6.90803e-18
-6.6217e-18
-6.46398e-18
-5.61429e-18
-8.20322e-18
-9.98995e-18
-1.04907e-17
4.76642e-17
3.86269e-18
7.75073e-18
6.50285e-18
2.29128e-18
-4.61532e-18
-6.4496e-18
-6.82298e-18
-6.90836e-18
-6.80838e-18
-5.78649e-18
-5.4989e-18
-7.81413e-18
-1.0529e-17
-1.44057e-17
4.23926e-17
3.24415e-18
5.08157e-18
5.06048e-18
2.78747e-18
-1.58421e-18
-5.02234e-18
-6.83287e-18
-7.39452e-18
-7.75366e-18
-4.00252e-18
-4.6962e-18
-7.04571e-18
-1.14138e-17
-3.66631e-17
3.61624e-17
3.40749e-18
4.13333e-18
4.3073e-18
2.9261e-18
-2.87396e-18
-1.98713e-17
-1.10588e-17
-9.40902e-18
-1.22263e-17
1.38448e-18
-2.47279e-18
-5.06103e-18
-8.46437e-18
-5.28233e-17
2.90804e-17
3.92138e-18
3.38917e-18
1.83534e-18
-3.40281e-18
-4.7852e-18
-1.27399e-17
-1.08386e-17
-8.9445e-18
-7.31016e-18
5.52738e-18
2.14005e-20
-1.17908e-18
7.5628e-18
-5.91527e-17
2.21757e-17
4.48144e-18
4.44802e-18
4.86728e-18
-4.51678e-18
-5.77689e-18
-9.76598e-18
-9.77652e-18
-8.07729e-18
-5.15318e-18
2.38168e-18
1.43255e-18
2.80919e-18
1.89888e-17
-4.31651e-17
1.78466e-17
3.71128e-18
3.24493e-18
1.86066e-18
-2.78748e-18
-4.82788e-18
-6.15314e-18
-9.03957e-18
-7.22801e-18
-4.11466e-18
1.11286e-18
3.28437e-18
5.8651e-18
1.58516e-17
-3.31516e-17
4.43583e-17
4.68634e-18
5.36707e-18
7.93709e-18
5.97249e-18
-2.2528e-18
-1.68509e-17
6.72441e-18
-2.15682e-18
-2.34513e-18
1.9782e-18
8.69062e-18
1.0874e-17
2.87305e-17
-4.82494e-17
4.23512e-18
3.93859e-18
3.56243e-18
1.57755e-18
2.09055e-18
-2.61161e-18
-1.18755e-17
-1.5567e-18
-1.84088e-18
-9.96664e-19
4.60806e-18
2.97185e-17
1.68163e-17
2.35022e-17
-8.62966e-18
1.73255e-18
3.40809e-18
4.33615e-18
6.17449e-18
4.20308e-18
2.65419e-18
9.76517e-18
3.1662e-18
-2.63232e-19
-2.41725e-18
-7.88517e-18
1.95337e-17
1.7765e-17
1.6923e-17
-3.65193e-17
-3.98634e-18
3.44872e-18
4.14761e-18
4.93451e-18
4.24402e-18
3.60398e-18
5.83441e-18
2.26787e-18
-3.0955e-18
-2.09906e-17
-7.12264e-18
1.35755e-17
1.70092e-17
1.30994e-17
-3.11489e-17
-1.0332e-17
2.74107e-18
3.96681e-18
5.1995e-18
6.07608e-18
6.78448e-18
9.73801e-18
8.08708e-18
-3.27389e-18
-1.37399e-17
-5.44887e-18
1.03999e-17
1.62225e-17
1.24482e-17
-2.78779e-17
-1.76081e-17
2.67721e-18
2.57158e-18
1.98658e-18
-7.51001e-19
-7.88405e-19
-1.22825e-17
-1.68958e-17
8.17048e-18
-5.92024e-18
-2.80244e-18
9.56737e-18
1.99344e-17
4.89387e-17
2.01756e-17
-1.79704e-17
6.23466e-18
5.09586e-18
5.42236e-18
1.84362e-18
1.3702e-18
4.71941e-18
-5.54541e-18
3.91789e-18
1.92603e-19
3.06113e-19
9.87475e-18
2.21031e-17
4.75573e-17
6.62569e-17
-1.28913e-17
6.36898e-18
7.33111e-18
9.20984e-18
5.84877e-18
2.88717e-18
9.41263e-19
-3.55799e-18
-1.62977e-18
-1.62263e-17
1.34624e-18
1.14306e-17
2.32182e-17
4.55138e-17
6.28458e-17
-4.62883e-17
4.93156e-18
5.06659e-18
3.57055e-18
3.28915e-18
5.0242e-18
1.27807e-17
3.33033e-18
-2.08596e-18
-1.69812e-17
-4.58111e-17
-3.62795e-17
1.24152e-17
3.63077e-17
1.32329e-17
-4.31884e-17
4.07939e-18
4.99289e-18
6.64922e-18
1.25612e-17
8.50394e-18
7.63427e-18
2.52835e-18
-4.60236e-18
-1.98512e-17
-3.73043e-17
-3.05556e-17
4.76229e-18
2.62683e-17
9.50316e-18
-7.39335e-17
4.63428e-18
5.73204e-18
7.75788e-18
1.134e-17
1.27871e-17
2.0025e-17
9.22539e-18
1.91815e-18
4.23579e-18
-2.00288e-17
-2.1814e-17
5.43725e-18
5.60882e-17
1.37691e-17
-6.62181e-17
4.42906e-18
4.77342e-18
5.80196e-18
7.442e-18
1.04109e-17
1.42611e-17
8.7614e-18
-3.62119e-20
-7.07921e-18
-4.93292e-17
-2.44516e-17
2.94566e-18
4.10192e-17
1.57433e-17
-5.83309e-17
7.26804e-18
8.04233e-18
1.02144e-17
1.68214e-17
1.4066e-17
1.36003e-17
1.17177e-17
1.56304e-17
-5.34125e-18
-3.28677e-17
-2.20372e-17
-4.19043e-19
2.57576e-17
6.6723e-18
-5.19144e-17
2.99396e-18
6.42927e-18
9.74863e-18
1.36344e-17
1.40403e-17
1.36639e-17
1.24512e-17
1.1338e-17
-3.06649e-18
-2.09842e-17
-1.68191e-17
3.9269e-18
6.23397e-17
6.04634e-17
-4.60785e-17
2.76503e-18
5.59252e-18
8.51827e-18
1.12229e-17
1.26057e-17
1.27738e-17
1.15681e-17
8.39805e-18
-1.65748e-18
-1.30975e-17
-1.24378e-17
-4.39616e-19
5.80416e-18
4.12903e-17
-1.09227e-16
2.54289e-18
3.96631e-18
7.23279e-18
1.10324e-17
1.25101e-17
1.274e-17
1.27e-17
1.21426e-17
6.29248e-18
-4.58534e-18
-6.58667e-18
4.6274e-18
4.56746e-17
3.56402e-17
-1.05044e-16
3.89325e-18
9.89762e-18
7.63384e-18
3.14676e-18
8.92251e-18
1.23194e-17
8.90171e-18
-7.39162e-18
-2.73236e-17
-1.15784e-17
-6.24524e-18
3.25769e-19
-5.21856e-18
1.71582e-17
-1.74055e-16
4.35036e-18
5.58091e-18
4.30437e-18
2.90789e-18
3.07738e-18
-2.94824e-18
6.30938e-19
-7.0753e-18
-1.75596e-17
-1.20405e-17
-6.78456e-18
-1.96171e-18
-3.87849e-18
1.42426e-18
-2.42482e-16
4.59288e-18
7.31332e-18
1.20953e-17
7.14941e-18
3.97649e-18
1.2681e-19
-1.26889e-18
-6.45155e-18
-1.28573e-17
-1.25983e-17
-7.96646e-18
-3.83174e-18
-4.0949e-18
-1.3986e-17
-3.01939e-16
8.30207e-18
1.18359e-17
1.63568e-17
1.09744e-17
4.54896e-18
4.72567e-19
-1.7607e-18
-3.85208e-18
-2.08473e-18
1.8997e-17
4.3487e-18
-9.78613e-19
-5.13237e-18
-2.5437e-17
-2.84861e-16
2.21079e-18
2.51451e-18
1.04922e-17
1.32254e-17
1.60518e-17
9.60656e-18
4.12464e-18
1.18401e-18
1.88379e-18
5.31567e-18
-2.14591e-17
-9.35396e-18
-5.35639e-18
-3.47717e-17
-2.71354e-16
3.45774e-19
-1.13374e-18
-3.48271e-19
-1.87747e-18
3.68731e-18
-1.82108e-18
-2.88106e-19
-2.99188e-18
-1.39212e-17
1.82916e-17
-4.70343e-18
-1.01237e-17
-4.48342e-17
-4.17755e-17
-2.57381e-16
8.57385e-18
1.46638e-17
1.40227e-17
1.4346e-17
2.78076e-18
8.95678e-20
-2.22247e-18
-5.29985e-18
-1.3313e-17
-2.52402e-17
-4.85771e-17
-5.5221e-17
-5.30433e-17
-7.57656e-17
-1.72658e-16
-2.3739e-18
-2.84531e-18
-9.95311e-18
-1.80704e-17
-1.7009e-17
-5.17502e-18
1.02738e-17
1.67209e-18
-7.81814e-18
-1.98843e-17
-3.43192e-17
-2.27036e-17
-4.79801e-17
-9.67426e-18
-1.58625e-16
6.94775e-18
1.71323e-18
-3.15861e-18
-5.4816e-18
-3.17833e-19
6.27171e-18
6.98959e-18
2.83657e-18
-4.25665e-18
-1.49729e-17
-2.88823e-17
-3.11976e-17
-4.34438e-17
9.15964e-17
-5.5887e-17
1.01784e-17
8.01563e-18
6.98425e-18
9.10019e-18
6.94205e-18
6.67742e-18
6.02285e-18
3.00822e-18
-3.38352e-18
-1.52014e-17
-3.13276e-17
-4.03877e-17
-1.03511e-17
7.069e-17
-4.15657e-17
1.08402e-17
9.97965e-18
9.24954e-18
9.3663e-18
9.36816e-18
9.44465e-18
-6.34309e-18
-4.04659e-18
-4.31174e-18
-1.4577e-17
-3.07521e-17
-1.2236e-17
-1.14168e-16
5.42844e-17
-2.44817e-17
8.31972e-18
7.58221e-18
5.64214e-18
1.81766e-18
2.99029e-18
2.81297e-18
-4.23405e-18
-1.38426e-17
-4.46257e-17
-4.21438e-17
-4.13665e-17
-2.59074e-17
-6.30146e-17
6.6856e-18
-5.24891e-18
1.13586e-17
1.16762e-17
1.25663e-17
1.55665e-17
8.26726e-18
-7.05671e-19
-1.26852e-17
-2.52479e-17
-3.71125e-17
-3.19885e-17
-3.38917e-17
-3.72601e-17
-1.29777e-16
8.61457e-17
2.56919e-17
1.44674e-17
1.96263e-17
2.30903e-17
2.59437e-17
2.7031e-17
2.48518e-17
1.26772e-17
-1.93459e-17
-9.78328e-17
-1.24886e-16
-7.00902e-17
-6.46742e-17
-1.83258e-16
1.69913e-16
1.4991e-16
-5.25543e-18
-1.59632e-17
-4.21203e-18
2.14557e-18
-3.93135e-17
-8.45418e-17
-1.13402e-16
-1.33924e-16
-1.1011e-16
-5.18388e-17
-5.92605e-17
-7.42984e-17
-1.63242e-16
-6.13409e-17
2.48304e-16
-2.30676e-18
3.82311e-18
1.67931e-17
-7.28076e-19
-3.10725e-17
-6.66422e-17
-9.37726e-17
-9.86592e-17
-5.6016e-17
-1.05835e-16
-7.5132e-17
-7.74491e-17
-7.16045e-17
-1.88112e-16
2.39763e-16
-5.19747e-18
-9.86077e-18
-1.87845e-17
-4.18332e-17
-4.91582e-17
-6.57228e-17
-8.22595e-17
-8.74827e-17
-7.61647e-17
-8.95255e-17
-7.33674e-17
-4.60605e-17
6.93709e-17
-1.15039e-16
2.27476e-16
-2.87737e-18
-1.446e-17
-3.25013e-17
-6.14124e-17
-6.03887e-17
-6.60449e-17
-7.53052e-17
-8.04869e-17
-7.8247e-17
-7.90926e-17
-6.75344e-17
-5.34809e-17
-2.52314e-18
-1.31037e-16
2.06325e-16
-4.09012e-17
-4.70785e-17
-5.91709e-17
-7.56821e-17
-8.7431e-17
-9.1535e-17
-8.67675e-17
-8.72153e-17
-8.85893e-17
-9.14772e-17
-8.5094e-17
-1.00866e-17
5.7853e-17
-9.84842e-18
1.88289e-16
-3.1949e-17
-2.85992e-17
-1.9844e-17
1.97662e-18
1.74409e-17
-6.61015e-18
-9.77237e-17
-8.90134e-17
-7.82166e-17
-5.57393e-17
2.0511e-17
-1.41781e-16
-1.48852e-16
-1.60602e-16
2.44121e-16
)
;
    }
}


// ************************************************************************* //
