/*--------------------------------*- C++ -*----------------------------------*\
| =========                 |                                                 |
| \\      /  F ield         | OpenFOAM: The Open Source CFD Toolbox           |
|  \\    /   O peration     | Version:  2.4.x                                 |
|   \\  /    A nd           | Web:      www.OpenFOAM.org                      |
|    \\/     M anipulation  |                                                 |
\*---------------------------------------------------------------------------*/
FoamFile
{
    version     2.0;
    format      ascii;
    class       volScalarField;
    location    "0.04";
    object      p;
}
// * * * * * * * * * * * * * * * * * * * * * * * * * * * * * * * * * * * * * //

dimensions      [1 -1 -2 0 0 0 0];

internalField   nonuniform List<scalar> 
1250
(
100134
100038
100028
100024
100022
100020
100020
100019
100019
100019
100018
100019
100018
100018
100018
100018
100017
100017
100017
100017
100017
100017
100017
100017
100017
100017
100018
100017
100016
100016
100016
100016
100015
100014
100013
100012
100012
100011
100010
100010
100009
100008
100007
100007
100006
100005
100004
100003
100002
100001
100131
100041
100027
100023
100020
100019
100019
100019
100019
100018
100018
100018
100018
100018
100018
100017
100017
100017
100017
100017
100017
100017
100017
100017
100017
100017
100017
100017
100016
100016
100016
100016
100015
100014
100013
100012
100012
100011
100010
100010
100009
100008
100007
100007
100006
100005
100004
100003
100002
100001
100143
100043
100026
100023
100020
100019
100019
100019
100019
100019
100018
100018
100018
100018
100018
100018
100017
100017
100017
100017
100017
100017
100017
100017
100017
100017
100017
100017
100016
100016
100015
100016
100015
100014
100013
100012
100012
100011
100010
100010
100009
100008
100007
100007
100006
100005
100004
100003
100002
100001
100179
100044
100025
100022
100020
100020
100019
100019
100019
100019
100018
100018
100018
100018
100018
100018
100017
100017
100017
100017
100017
100017
100017
100017
100017
100017
100017
100017
100016
100016
100015
100016
100015
100014
100013
100012
100012
100011
100010
100010
100009
100008
100007
100007
100006
100005
100004
100003
100002
100001
100201
100037
100022
100022
100020
100020
100019
100019
100019
100019
100018
100018
100018
100018
100018
100018
100017
100017
100017
100017
100017
100017
100016
100016
100017
100017
100017
100016
100016
100016
100015
100015
100015
100014
100013
100012
100012
100011
100010
100010
100009
100008
100007
100007
100006
100005
100004
100003
100002
100001
99999.8
100015
100019
100020
100020
100019
100019
100019
100019
100018
100018
100018
100018
100018
100018
100018
100017
100017
100017
100017
100017
100017
100016
100016
100017
100017
100017
100016
100016
100016
100015
100015
100015
100014
100013
100012
100012
100011
100010
100010
100009
100008
100007
100007
100006
100005
100004
100003
100002
100001
100002
100017
100019
100019
100019
100019
100019
100019
100019
100019
100018
100018
100018
100018
100018
100018
100017
100017
100017
100017
100017
100017
100016
100016
100016
100017
100017
100016
100016
100015
100015
100015
100015
100014
100013
100012
100012
100011
100010
100010
100009
100008
100007
100007
100006
100005
100004
100003
100002
100001
100011
100017
100018
100019
100019
100019
100019
100019
100019
100019
100018
100018
100018
100018
100018
100018
100017
100017
100017
100017
100017
100017
100016
100016
100016
100016
100016
100016
100016
100015
100015
100015
100015
100014
100013
100012
100012
100011
100010
100010
100009
100008
100007
100007
100006
100005
100004
100003
100002
100001
100014
100017
100018
100019
100019
100019
100019
100019
100019
100019
100018
100018
100018
100018
100018
100018
100017
100017
100017
100017
100017
100017
100016
100016
100016
100016
100016
100016
100016
100015
100015
100015
100015
100014
100013
100012
100012
100011
100010
100010
100009
100008
100007
100007
100006
100005
100004
100003
100002
100001
100016
100018
100019
100019
100019
100019
100019
100019
100019
100019
100018
100018
100018
100018
100018
100018
100017
100017
100017
100017
100017
100016
100016
100016
100016
100016
100016
100016
100015
100015
100015
100015
100015
100014
100013
100012
100012
100011
100010
100010
100009
100008
100007
100007
100006
100005
100004
100003
100002
100001
100021
100019
100019
100019
100019
100019
100019
100019
100019
100019
100018
100018
100018
100018
100018
100018
100017
100017
100017
100017
100017
100016
100016
100016
100016
100016
100016
100016
100015
100015
100015
100015
100014
100014
100013
100012
100012
100011
100010
100010
100009
100008
100007
100007
100006
100005
100004
100003
100002
100001
100021
100019
100019
100019
100019
100019
100019
100019
100019
100019
100018
100018
100018
100018
100018
100018
100018
100017
100017
100017
100017
100016
100016
100016
100016
100016
100016
100016
100015
100015
100015
100015
100014
100014
100013
100012
100012
100011
100010
100010
100009
100008
100007
100007
100006
100005
100004
100003
100002
100001
100020
100019
100019
100019
100019
100019
100019
100019
100019
100019
100019
100018
100018
100018
100018
100018
100017
100017
100017
100017
100017
100016
100016
100016
100016
100016
100016
100015
100015
100015
100015
100015
100014
100014
100013
100012
100012
100011
100010
100010
100009
100008
100007
100007
100006
100005
100004
100003
100002
100001
100020
100020
100020
100019
100019
100019
100019
100019
100019
100019
100019
100018
100018
100018
100018
100018
100018
100017
100017
100017
100017
100016
100016
100016
100016
100016
100015
100015
100015
100015
100015
100015
100014
100014
100013
100012
100012
100011
100010
100010
100009
100008
100007
100007
100006
100005
100004
100003
100002
100001
100020
100020
100019
100019
100019
100019
100019
100019
100019
100019
100019
100018
100018
100018
100018
100018
100018
100017
100017
100017
100017
100016
100016
100016
100016
100016
100015
100015
100015
100015
100015
100015
100014
100014
100013
100012
100012
100011
100010
100010
100009
100008
100007
100007
100006
100005
100004
100003
100002
100001
100020
100020
100019
100019
100019
100019
100019
100019
100019
100019
100019
100018
100018
100018
100018
100018
100018
100017
100017
100017
100017
100016
100016
100016
100016
100016
100015
100015
100015
100015
100015
100015
100014
100013
100013
100012
100012
100011
100010
100010
100009
100008
100007
100007
100006
100005
100004
100003
100002
100001
100020
100019
100019
100019
100019
100019
100019
100019
100019
100019
100019
100018
100018
100018
100018
100018
100018
100017
100017
100017
100017
100016
100016
100016
100016
100015
100015
100015
100015
100015
100014
100014
100014
100013
100013
100012
100012
100011
100010
100010
100009
100008
100007
100007
100006
100005
100004
100003
100002
100001
100019
100019
100019
100019
100019
100019
100019
100019
100019
100019
100019
100018
100018
100018
100018
100018
100018
100017
100017
100017
100017
100016
100016
100016
100016
100015
100015
100015
100015
100015
100015
100014
100014
100013
100013
100012
100012
100011
100010
100010
100009
100008
100007
100007
100006
100005
100004
100003
100002
100001
100019
100019
100019
100019
100019
100019
100019
100019
100019
100019
100019
100019
100018
100018
100018
100018
100018
100017
100017
100017
100017
100016
100016
100016
100016
100016
100015
100015
100015
100015
100014
100014
100014
100013
100013
100012
100012
100011
100010
100010
100009
100008
100007
100007
100006
100005
100004
100003
100002
100001
100019
100019
100019
100019
100019
100019
100019
100019
100019
100019
100019
100019
100018
100018
100018
100018
100018
100017
100017
100017
100017
100016
100016
100016
100016
100016
100015
100015
100014
100014
100014
100014
100014
100013
100013
100012
100012
100011
100010
100010
100009
100008
100007
100007
100006
100005
100004
100003
100002
100001
100019
100019
100019
100019
100019
100019
100019
100019
100019
100019
100019
100019
100018
100018
100018
100018
100018
100018
100017
100017
100017
100017
100016
100016
100016
100016
100015
100015
100015
100014
100014
100014
100014
100013
100013
100012
100012
100011
100010
100010
100009
100008
100007
100007
100006
100005
100004
100003
100002
100001
100019
100019
100019
100019
100019
100019
100019
100019
100019
100019
100019
100019
100019
100018
100018
100018
100018
100018
100017
100017
100017
100017
100016
100016
100016
100016
100015
100015
100015
100014
100014
100014
100014
100013
100013
100012
100012
100011
100010
100010
100009
100008
100007
100007
100006
100005
100004
100003
100002
100001
100019
100019
100019
100019
100019
100019
100019
100019
100019
100019
100019
100019
100019
100018
100018
100018
100018
100018
100018
100017
100017
100017
100017
100016
100016
100016
100016
100015
100015
100015
100014
100014
100014
100013
100013
100012
100012
100011
100010
100010
100009
100008
100007
100007
100006
100005
100004
100003
100002
100001
100020
100020
100019
100019
100019
100019
100019
100019
100019
100019
100019
100019
100019
100019
100018
100018
100018
100018
100018
100017
100017
100017
100017
100016
100016
100016
100016
100015
100015
100015
100014
100014
100014
100013
100013
100012
100012
100011
100010
100010
100009
100008
100007
100007
100006
100005
100004
100003
100002
100001
100020
100020
100020
100019
100019
100019
100019
100019
100019
100019
100019
100019
100019
100019
100018
100018
100018
100018
100018
100018
100017
100017
100017
100017
100016
100016
100016
100015
100015
100015
100014
100014
100014
100013
100013
100012
100012
100011
100010
100010
100009
100008
100007
100007
100006
100005
100004
100003
100002
100001
)
;

boundaryField
{
    AXIS
    {
        type            empty;
    }
    OUTLET
    {
        type            fixedValue;
        value           uniform 100000;
    }
    COFLOW
    {
        type            zeroGradient;
    }
    PILOT
    {
        type            zeroGradient;
    }
    FUEL
    {
        type            zeroGradient;
    }
    WALL
    {
        type            zeroGradient;
    }
    front
    {
        type            wedge;
    }
    back
    {
        type            wedge;
    }
}


// ************************************************************************* //
