/*--------------------------------*- C++ -*----------------------------------*\
| =========                 |                                                 |
| \\      /  F ield         | OpenFOAM: The Open Source CFD Toolbox           |
|  \\    /   O peration     | Version:  2.4.x                                 |
|   \\  /    A nd           | Web:      www.OpenFOAM.org                      |
|    \\/     M anipulation  |                                                 |
\*---------------------------------------------------------------------------*/
FoamFile
{
    version     2.0;
    format      ascii;
    class       surfaceScalarField;
    location    "0.04";
    object      phi;
}
// * * * * * * * * * * * * * * * * * * * * * * * * * * * * * * * * * * * * * //

dimensions      [1 0 -1 0 0 0 0];

internalField   nonuniform List<scalar> 
2425
(
1.06647e-06
-1.55662e-08
1.03595e-06
3.0438e-08
9.77152e-07
5.87187e-08
9.10462e-07
6.66244e-08
8.44444e-07
6.59656e-08
7.82243e-07
6.21601e-08
7.28155e-07
5.40559e-08
6.78265e-07
4.98586e-08
6.32049e-07
4.61823e-08
5.87345e-07
4.46699e-08
5.47106e-07
4.02116e-08
5.11994e-07
3.50982e-08
4.79345e-07
3.26326e-08
4.50639e-07
2.86905e-08
4.24268e-07
2.63559e-08
4.00901e-07
2.33545e-08
3.7958e-07
2.13081e-08
3.60363e-07
1.92e-08
3.42463e-07
1.78847e-08
3.25616e-07
1.68173e-08
3.09403e-07
1.62044e-08
2.93084e-07
1.62662e-08
2.76725e-07
1.62202e-08
2.59626e-07
1.731e-08
2.39238e-07
2.02776e-08
2.1296e-07
2.54409e-08
1.79466e-07
3.25047e-08
1.50622e-07
3.11103e-08
1.3535e-07
2.48591e-08
1.2862e-07
2.07954e-08
1.39064e-07
1.79253e-08
1.67408e-07
1.77424e-08
1.88271e-07
1.52591e-08
1.90586e-07
9.51959e-09
1.86672e-07
6.90719e-09
1.82491e-07
4.81614e-09
1.79106e-07
3.43011e-09
1.76574e-07
2.44657e-09
1.74727e-07
1.74198e-09
1.73365e-07
1.26174e-09
1.7235e-07
9.21493e-10
1.71572e-07
6.92876e-10
1.70956e-07
5.38842e-10
1.70455e-07
4.30256e-10
1.70041e-07
3.51509e-10
1.69694e-07
2.92139e-10
1.69394e-07
2.55435e-10
1.69143e-07
2.16718e-10
1.68946e-07
1.75925e-10
8.90785e-11
3.21254e-06
-7.54873e-08
3.07443e-06
1.68303e-07
2.87673e-06
2.56194e-07
2.67188e-06
2.71277e-07
2.47394e-06
2.63751e-07
2.29522e-06
2.40755e-07
2.13603e-06
2.13143e-07
1.98846e-06
1.97336e-07
1.84677e-06
1.87765e-07
1.71824e-06
1.73091e-07
1.60335e-06
1.55018e-07
1.50039e-06
1.38014e-07
1.40778e-06
1.25192e-07
1.32429e-06
1.12132e-07
1.24906e-06
1.01533e-07
1.18065e-06
9.17214e-08
1.11954e-06
8.23697e-08
1.06369e-06
7.49924e-08
1.01201e-06
6.9511e-08
9.63141e-07
6.56004e-08
9.15945e-07
6.33795e-08
8.68591e-07
6.34629e-08
8.20861e-07
6.35729e-08
7.7113e-07
6.76612e-08
7.11695e-07
7.93737e-08
6.34979e-07
9.97416e-08
5.37481e-07
1.27618e-07
4.54573e-07
1.20651e-07
4.09981e-07
9.83022e-08
3.90068e-07
8.24504e-08
4.20856e-07
7.24586e-08
5.04883e-07
7.18094e-08
5.66449e-07
6.15754e-08
5.72533e-07
3.87328e-08
5.60506e-07
2.78631e-08
5.47797e-07
1.94184e-08
5.37555e-07
1.38056e-08
5.29912e-07
9.83418e-09
5.24333e-07
7.00609e-09
5.20224e-07
5.06835e-09
5.17163e-07
3.70292e-09
5.1482e-07
2.7815e-09
5.12963e-07
2.16211e-09
5.11456e-07
1.72535e-09
5.10211e-07
1.40836e-09
5.09169e-07
1.17057e-09
5.08268e-07
1.02178e-09
5.07516e-07
8.67177e-10
5.06924e-07
7.04801e-10
3.60792e-10
5.26018e-06
-8.06537e-08
4.91823e-06
5.09868e-07
4.54331e-06
6.3076e-07
4.19984e-06
6.14443e-07
3.89344e-06
5.69893e-07
3.61872e-06
5.15259e-07
3.35654e-06
4.75175e-07
3.1138e-06
4.39936e-07
2.89741e-06
4.03988e-07
2.7038e-06
3.66518e-07
2.53047e-06
3.28203e-07
2.37541e-06
2.92989e-07
2.23575e-06
2.64768e-07
2.1094e-06
2.3839e-07
1.9944e-06
2.16446e-07
1.89039e-06
1.95652e-07
1.79662e-06
1.76051e-07
1.71096e-06
1.60554e-07
1.6311e-06
1.49295e-07
1.55513e-06
1.41431e-07
1.48155e-06
1.36945e-07
1.40745e-06
1.37309e-07
1.33249e-06
1.38062e-07
1.25381e-06
1.47346e-07
1.15942e-06
1.73222e-07
1.03797e-06
2.17391e-07
8.84283e-07
2.77548e-07
7.54539e-07
2.64018e-07
6.84665e-07
2.17322e-07
6.53243e-07
1.8139e-07
7.05754e-07
1.63207e-07
8.4502e-07
1.61834e-07
9.45643e-07
1.38413e-07
9.54711e-07
8.75389e-08
9.34429e-07
6.27925e-08
9.13199e-07
4.37507e-08
8.96137e-07
3.1079e-08
8.83408e-07
2.21375e-08
8.74111e-07
1.57782e-08
8.67258e-07
1.14158e-08
8.62152e-07
8.34385e-09
8.58242e-07
6.26685e-09
8.55145e-07
4.87038e-09
8.52632e-07
3.88547e-09
8.50556e-07
3.16983e-09
8.48823e-07
2.63089e-09
8.47328e-07
2.29255e-09
8.46079e-07
1.94697e-09
8.45097e-07
1.58062e-09
8.08236e-10
6.93746e-06
3.41548e-07
6.23895e-06
1.2079e-06
5.70284e-06
1.16646e-06
5.27738e-06
1.0395e-06
4.88358e-06
9.63377e-07
4.52276e-06
8.75808e-07
4.20683e-06
7.90905e-07
3.92826e-06
7.18311e-07
3.67855e-06
6.53464e-07
3.45443e-06
5.90379e-07
3.25355e-06
5.28867e-07
3.07196e-06
4.7447e-07
2.90598e-06
4.30633e-07
2.75452e-06
3.89726e-07
2.61615e-06
3.54689e-07
2.49041e-06
3.21279e-07
2.37614e-06
2.90203e-07
2.27032e-06
2.66248e-07
2.17074e-06
2.48759e-07
2.0755e-06
2.36506e-07
1.98265e-06
2.29808e-07
1.88868e-06
2.30967e-07
1.79259e-06
2.33813e-07
1.68984e-06
2.51443e-07
1.56692e-06
2.95297e-07
1.40957e-06
3.69829e-07
1.21171e-06
4.70019e-07
1.04582e-06
4.6986e-07
9.53464e-07
3.7896e-07
9.14441e-07
3.19864e-07
9.93152e-07
2.87754e-07
1.18803e-06
2.85934e-07
1.32521e-06
2.44248e-07
1.33658e-06
1.54998e-07
1.30828e-06
1.11063e-07
1.2788e-06
7.74544e-08
1.25515e-06
5.50005e-08
1.23749e-06
3.91968e-08
1.22458e-06
2.79506e-08
1.21506e-06
2.02324e-08
1.20795e-06
1.47942e-08
1.20251e-06
1.11113e-08
1.19821e-06
8.63353e-09
1.19471e-06
6.88496e-09
1.19183e-06
5.61278e-09
1.18943e-06
4.65176e-09
1.18736e-06
4.04575e-09
1.18563e-06
3.43661e-09
1.18427e-06
2.79078e-09
1.42519e-09
7.10542e-06
2.70081e-06
6.29972e-06
2.01315e-06
5.88716e-06
1.57866e-06
5.49627e-06
1.42996e-06
5.16718e-06
1.29207e-06
4.87589e-06
1.16675e-06
4.60805e-06
1.05846e-06
4.3617e-06
9.6441e-07
4.13232e-06
8.8254e-07
3.92178e-06
8.00583e-07
3.72934e-06
7.21044e-07
3.55045e-06
6.53205e-07
3.38497e-06
5.95968e-07
3.2313e-06
5.4324e-07
3.08722e-06
4.98597e-07
2.95489e-06
4.53474e-07
2.8337e-06
4.11228e-07
2.71944e-06
3.80355e-07
2.61112e-06
3.5695e-07
2.50648e-06
3.40971e-07
2.4034e-06
3.32985e-07
2.29778e-06
3.36245e-07
2.18814e-06
3.43529e-07
2.06802e-06
3.74322e-07
1.92319e-06
4.4092e-07
1.73799e-06
5.50077e-07
1.51486e-06
6.75246e-07
1.32444e-06
6.86307e-07
1.21266e-06
5.78466e-07
1.17153e-06
4.93144e-07
1.28235e-06
4.42547e-07
1.53407e-06
4.40441e-07
1.70505e-06
3.76005e-07
1.71766e-06
2.39921e-07
1.68177e-06
1.71709e-07
1.64447e-06
1.19971e-07
1.61459e-06
8.51852e-08
1.59224e-06
6.07641e-08
1.57589e-06
4.33571e-08
1.56381e-06
3.14058e-08
1.55479e-06
2.29758e-08
1.54788e-06
1.72563e-08
1.54241e-06
1.34052e-08
1.53797e-06
1.0685e-08
1.53431e-06
8.70327e-09
1.53127e-06
7.20113e-09
1.52866e-06
6.25151e-09
1.52649e-06
5.30976e-09
1.52477e-06
4.31243e-09
2.20166e-09
3.3086e-06
-4.3062e-09
4.34765e-06
9.73825e-07
4.69962e-06
1.22641e-06
4.76358e-06
1.36557e-06
4.72485e-06
1.33033e-06
4.62938e-06
1.26181e-06
4.50189e-06
1.18561e-06
4.36181e-06
1.10418e-06
4.21987e-06
1.02412e-06
4.08113e-06
9.38945e-07
3.94488e-06
8.56995e-07
3.80829e-06
7.89613e-07
3.66961e-06
7.34476e-07
3.53065e-06
6.82008e-07
3.39836e-06
6.30698e-07
3.27511e-06
5.7651e-07
3.16015e-06
5.25986e-07
3.04995e-06
4.90397e-07
2.9438e-06
4.62957e-07
2.83977e-06
4.44882e-07
2.7355e-06
4.37453e-07
2.62683e-06
4.44634e-07
2.51214e-06
4.59e-07
2.38236e-06
5.0735e-07
2.22171e-06
6.02926e-07
2.01004e-06
7.58865e-07
1.77083e-06
9.01162e-07
1.57804e-06
9.12679e-07
1.45923e-06
8.06118e-07
1.42359e-06
7.03238e-07
1.57296e-06
6.31041e-07
1.88281e-06
6.20555e-07
2.08479e-06
5.29052e-07
2.09737e-06
3.40833e-07
2.05452e-06
2.43425e-07
2.01e-06
1.70552e-07
1.97438e-06
1.21126e-07
1.94767e-06
8.65125e-08
1.92808e-06
6.17805e-08
1.91359e-06
4.479e-08
1.90276e-06
3.27875e-08
1.89445e-06
2.46273e-08
1.88787e-06
1.91264e-08
1.88254e-06
1.52372e-08
1.87815e-06
1.23993e-08
1.87451e-06
1.02403e-08
1.8714e-06
8.87287e-09
1.8688e-06
7.53234e-09
1.86676e-06
6.12442e-09
3.13218e-09
1.51712e-06
-8.0808e-07
2.61686e-06
-1.26105e-07
3.33772e-06
5.05281e-07
3.76089e-06
9.41934e-07
3.98617e-06
1.10456e-06
4.08822e-06
1.15929e-06
4.11796e-06
1.15545e-06
4.10071e-06
1.12105e-06
4.05575e-06
1.06869e-06
3.99467e-06
9.99612e-07
3.92108e-06
9.30229e-07
3.83812e-06
8.72356e-07
3.7505e-06
8.21858e-07
3.65837e-06
7.73914e-07
3.55931e-06
7.29546e-07
3.45807e-06
6.77511e-07
3.36052e-06
6.23328e-07
3.26498e-06
5.85785e-07
3.17068e-06
5.57143e-07
3.07636e-06
5.39213e-07
2.97929e-06
5.34876e-07
2.87513e-06
5.48744e-07
2.76223e-06
5.7385e-07
2.62986e-06
6.43337e-07
2.46174e-06
7.73692e-07
2.23703e-06
9.85813e-07
1.994e-06
1.14039e-06
1.80887e-06
1.14929e-06
1.69179e-06
1.05129e-06
1.66962e-06
9.4294e-07
1.86452e-06
8.43694e-07
2.23379e-06
8.1959e-07
2.46351e-06
6.97945e-07
2.47521e-06
4.55547e-07
2.42628e-06
3.24899e-07
2.37529e-06
2.28291e-07
2.33449e-06
1.62218e-07
2.30379e-06
1.16052e-07
2.28124e-06
8.29627e-08
2.26451e-06
6.02114e-08
2.25198e-06
4.41092e-08
2.24236e-06
3.31358e-08
2.23475e-06
2.57276e-08
2.22858e-06
2.04842e-08
2.22351e-06
1.6652e-08
2.21931e-06
1.37241e-08
2.21573e-06
1.18672e-08
2.21276e-06
1.00663e-08
2.21041e-06
8.19885e-09
4.2051e-09
9.36298e-07
-9.21274e-07
1.58824e-06
-7.78289e-07
2.29512e-06
-2.01924e-07
2.84466e-06
3.91944e-07
3.219e-06
7.29697e-07
3.45728e-06
9.20497e-07
3.60802e-06
1.00424e-06
3.69583e-06
1.0328e-06
3.74227e-06
1.0218e-06
3.75933e-06
9.82083e-07
3.75163e-06
9.37538e-07
3.72627e-06
8.97428e-07
3.68897e-06
8.58865e-07
3.64325e-06
8.19389e-07
3.59068e-06
7.81875e-07
3.52707e-06
7.40926e-07
3.45502e-06
6.95233e-07
3.38159e-06
6.59175e-07
3.30573e-06
6.33009e-07
3.22624e-06
6.18896e-07
3.14099e-06
6.20715e-07
3.047e-06
6.43133e-07
2.9411e-06
6.82805e-07
2.8122e-06
7.76442e-07
2.64022e-06
9.50404e-07
2.41413e-06
1.21106e-06
2.18559e-06
1.38273e-06
2.01654e-06
1.38618e-06
1.90916e-06
1.3021e-06
1.90834e-06
1.20721e-06
2.15623e-06
1.09284e-06
2.58856e-06
1.07904e-06
2.84069e-06
8.78802e-07
2.851e-06
5.81467e-07
2.79691e-06
4.14391e-07
2.74027e-06
2.92198e-07
2.69493e-06
2.0778e-07
2.66069e-06
1.48944e-07
2.63546e-06
1.06613e-07
2.61669e-06
7.74736e-08
2.6026e-06
5.68048e-08
2.59177e-06
4.2682e-08
2.5832e-06
3.313e-08
2.57626e-06
2.63615e-08
2.57056e-06
2.14066e-08
2.56586e-06
1.76024e-08
2.56186e-06
1.51871e-08
2.55855e-06
1.28691e-08
2.55593e-06
1.05059e-08
5.40935e-09
7.95687e-07
-7.8411e-07
1.04822e-06
-1.03115e-06
1.59837e-06
-7.52387e-07
2.13707e-06
-1.47141e-07
2.55821e-06
3.08058e-07
2.87091e-06
6.07259e-07
3.09632e-06
7.78299e-07
3.25823e-06
8.70357e-07
3.37396e-06
9.05556e-07
3.45369e-06
9.01823e-07
3.50283e-06
8.87953e-07
3.52965e-06
8.70264e-07
3.53967e-06
8.48528e-07
3.53587e-06
8.22941e-07
3.52144e-06
7.96091e-07
3.49645e-06
7.65688e-07
3.45815e-06
7.33498e-07
3.41059e-06
7.06848e-07
3.35702e-06
6.86781e-07
3.29715e-06
6.7931e-07
3.22964e-06
6.89184e-07
3.15128e-06
7.22739e-07
3.05646e-06
7.81912e-07
2.93137e-06
9.06301e-07
2.75963e-06
1.12562e-06
2.55411e-06
1.42587e-06
2.35387e-06
1.63014e-06
2.20236e-06
1.63063e-06
2.11243e-06
1.56401e-06
2.14196e-06
1.47037e-06
2.45316e-06
1.35747e-06
2.94625e-06
1.34627e-06
3.21585e-06
1.06723e-06
3.22456e-06
7.15857e-07
3.16627e-06
5.09993e-07
3.10489e-06
3.61201e-07
3.05572e-06
2.57085e-07
3.01841e-06
1.84713e-07
2.99081e-06
1.32418e-07
2.97021e-06
9.63645e-08
2.9547e-06
7.07272e-08
2.94278e-06
5.31585e-08
2.93333e-06
4.1249e-08
2.92569e-06
3.27991e-08
2.91941e-06
2.66038e-08
2.91426e-06
2.18216e-08
2.9099e-06
1.87821e-08
2.9063e-06
1.58955e-08
2.90343e-06
1.30126e-08
6.73129e-09
9.54701e-07
-6.96291e-07
9.74422e-07
-1.05119e-06
1.27159e-06
-1.04964e-06
1.67628e-06
-5.52104e-07
2.06374e-06
-7.9845e-08
2.38622e-06
2.84249e-07
2.64468e-06
5.19227e-07
2.84363e-06
6.70742e-07
2.99251e-06
7.55982e-07
3.10277e-06
7.90907e-07
3.1855e-06
8.04697e-07
3.2469e-06
8.08497e-07
3.292e-06
8.03144e-07
3.32457e-06
7.90082e-07
3.34981e-06
7.7055e-07
3.36594e-06
7.48979e-07
3.365e-06
7.33882e-07
3.34911e-06
7.22628e-07
3.32311e-06
7.12823e-07
3.2866e-06
7.16223e-07
3.23977e-06
7.36919e-07
3.18138e-06
7.82948e-07
3.10294e-06
8.64734e-07
2.99173e-06
1.02331e-06
2.83866e-06
1.28592e-06
2.67236e-06
1.61075e-06
2.50506e-06
1.84424e-06
2.36962e-06
1.88412e-06
2.30069e-06
1.82768e-06
2.37205e-06
1.74482e-06
2.75555e-06
1.63946e-06
3.3064e-06
1.61341e-06
3.58863e-06
1.25921e-06
3.59565e-06
8.56269e-07
3.53425e-06
6.10006e-07
3.4691e-06
4.34188e-07
3.41681e-06
3.0939e-07
3.37691e-06
2.22871e-07
3.34727e-06
1.60054e-07
3.32506e-06
1.16665e-07
3.30829e-06
8.57251e-08
3.29537e-06
6.4455e-08
3.28514e-06
4.99983e-08
3.27686e-06
3.97256e-08
3.27008e-06
3.21831e-08
3.26453e-06
2.63271e-08
3.25986e-06
2.26007e-08
3.25601e-06
1.90992e-08
3.25293e-06
1.56846e-08
8.15679e-09
1.81656e-06
-1.49563e-07
1.52883e-06
-7.64564e-07
1.41403e-06
-9.34831e-07
1.56514e-06
-7.0336e-07
1.84815e-06
-3.63298e-07
2.14212e-06
-1.04029e-08
2.40601e-06
2.54448e-07
2.63246e-06
4.43308e-07
2.819e-06
5.68449e-07
2.95929e-06
6.49727e-07
3.06625e-06
6.97078e-07
3.15359e-06
7.2082e-07
3.22443e-06
7.32278e-07
3.28314e-06
7.31657e-07
3.33643e-06
7.17191e-07
3.38351e-06
7.01885e-07
3.41584e-06
7.01687e-07
3.43228e-06
7.06752e-07
3.4358e-06
7.10122e-07
3.42605e-06
7.27232e-07
3.40134e-06
7.63495e-07
3.36071e-06
8.27081e-07
3.29699e-06
9.34713e-07
3.19562e-06
1.13344e-06
3.06115e-06
1.43407e-06
2.91892e-06
1.79537e-06
2.77803e-06
2.05198e-06
2.66705e-06
2.14632e-06
2.62319e-06
2.10975e-06
2.7569e-06
2.04024e-06
3.24768e-06
1.95069e-06
3.88818e-06
1.88694e-06
4.19615e-06
1.46157e-06
4.20219e-06
1.00849e-06
4.13521e-06
7.18634e-07
4.06337e-06
5.1444e-07
4.00549e-06
3.67142e-07
3.96103e-06
2.65261e-07
3.92783e-06
1.90908e-07
3.90284e-06
1.39412e-07
3.88392e-06
1.02582e-07
3.8693e-06
7.71668e-08
3.85772e-06
5.9838e-08
3.84836e-06
4.75005e-08
3.8407e-06
3.84287e-08
3.83447e-06
3.13414e-08
3.82924e-06
2.68246e-08
3.82495e-06
2.26286e-08
3.82151e-06
1.86504e-08
9.76012e-09
2.75033e-06
3.33943e-08
2.41174e-06
-4.28191e-07
2.05306e-06
-5.77248e-07
1.90376e-06
-5.549e-07
1.96732e-06
-4.27726e-07
2.15454e-06
-1.99088e-07
2.38396e-06
2.321e-08
2.61125e-06
2.14002e-07
2.81468e-06
3.63096e-07
2.99309e-06
4.69836e-07
3.1472e-06
5.42078e-07
3.27955e-06
5.88265e-07
3.39408e-06
6.18123e-07
3.49325e-06
6.33457e-07
3.57431e-06
6.37336e-07
3.63583e-06
6.43082e-07
3.68534e-06
6.54738e-07
3.7259e-06
6.69034e-07
3.75428e-06
6.84894e-07
3.76884e-06
7.15789e-07
3.76676e-06
7.69799e-07
3.74481e-06
8.56361e-07
3.69542e-06
9.94288e-07
3.61263e-06
1.23354e-06
3.50432e-06
1.58194e-06
3.3736e-06
1.98062e-06
3.24816e-06
2.27622e-06
3.16727e-06
2.42832e-06
3.16475e-06
2.43125e-06
3.39733e-06
2.37567e-06
4.05839e-06
2.30842e-06
4.83994e-06
2.17069e-06
5.19351e-06
1.6806e-06
5.1999e-06
1.17967e-06
5.12413e-06
8.41405e-07
5.04142e-06
6.06555e-07
4.97435e-06
4.33851e-07
4.92244e-06
3.14578e-07
4.88341e-06
2.27028e-07
4.85388e-06
1.66161e-07
4.83141e-06
1.22481e-07
4.81402e-06
9.21957e-08
4.80023e-06
7.14652e-08
4.78909e-06
5.66662e-08
4.78e-06
4.57655e-08
4.77263e-06
3.7192e-08
4.76649e-06
3.17168e-08
4.76148e-06
2.66951e-08
4.75745e-06
2.20956e-08
1.16517e-08
3.58005e-06
9.95388e-08
3.30818e-06
-1.60315e-07
2.98517e-06
-2.58679e-07
2.70183e-06
-2.76587e-07
2.52514e-06
-2.56483e-07
2.4931e-06
-1.72707e-07
2.56908e-06
-5.86471e-08
2.70857e-06
6.86704e-08
2.87881e-06
1.87809e-07
3.05399e-06
2.91238e-07
3.22067e-06
3.73819e-07
3.3763e-06
4.32802e-07
3.52108e-06
4.74695e-07
3.65331e-06
5.03423e-07
3.77046e-06
5.23174e-07
3.87337e-06
5.43838e-07
3.96423e-06
5.68136e-07
4.04223e-06
5.95967e-07
4.10422e-06
6.28512e-07
4.14849e-06
6.78218e-07
4.17294e-06
7.54029e-07
4.17328e-06
8.69734e-07
4.1397e-06
1.04714e-06
4.06763e-06
1.33427e-06
3.97179e-06
1.72402e-06
3.86936e-06
2.15916e-06
3.78124e-06
2.51721e-06
3.7468e-06
2.72794e-06
3.82163e-06
2.79489e-06
4.20647e-06
2.75865e-06
5.08486e-06
2.72481e-06
6.02179e-06
2.44616e-06
6.43138e-06
1.8974e-06
6.43852e-06
1.36746e-06
6.35516e-06
9.76645e-07
6.26181e-06
7.1012e-07
6.1854e-06
5.09529e-07
6.1257e-06
3.71007e-07
6.08042e-06
2.68695e-07
6.04594e-06
1.97191e-07
6.01955e-06
1.45679e-07
5.99905e-06
1.09754e-07
5.98277e-06
8.50441e-08
5.96965e-06
6.73393e-08
5.95895e-06
5.42685e-08
5.95034e-06
4.39166e-08
5.94321e-06
3.72908e-08
5.93744e-06
3.1296e-08
5.93277e-06
2.60289e-08
1.38501e-08
4.52956e-06
1.07721e-07
4.35285e-06
1.06569e-08
4.10791e-06
-2.24361e-08
3.84552e-06
-2.66589e-08
3.58757e-06
-1.46483e-08
3.37826e-06
1.60163e-08
3.23689e-06
5.92391e-08
3.17826e-06
1.04655e-07
3.19854e-06
1.49072e-07
3.27896e-06
1.99605e-07
3.40254e-06
2.45728e-07
3.54916e-06
2.86285e-07
3.70399e-06
3.22578e-07
3.85652e-06
3.55605e-07
4.00119e-06
3.8479e-07
4.13647e-06
4.15612e-07
4.26172e-06
4.50927e-07
4.37367e-06
4.92354e-07
4.46861e-06
5.43067e-07
4.54392e-06
6.13755e-07
4.59595e-06
7.15655e-07
4.61984e-06
8.66637e-07
4.60796e-06
1.09067e-06
4.55639e-06
1.42967e-06
4.48133e-06
1.86649e-06
4.42049e-06
2.33792e-06
4.39221e-06
2.76407e-06
4.42889e-06
3.0501e-06
4.62459e-06
3.17788e-06
5.24044e-06
3.19741e-06
6.40984e-06
3.20892e-06
7.53619e-06
2.89297e-06
7.96897e-06
2.12872e-06
7.97677e-06
1.56989e-06
7.88685e-06
1.12196e-06
7.78456e-06
8.23013e-07
7.69948e-06
5.93255e-07
7.63227e-06
4.34081e-07
7.5807e-06
3.15771e-07
7.5411e-06
2.32498e-07
7.51057e-06
1.72242e-07
7.48674e-06
1.29919e-07
7.46779e-06
1.00635e-07
7.45252e-06
7.95497e-08
7.44012e-06
6.39366e-08
7.43018e-06
5.14872e-08
7.42203e-06
4.35007e-08
7.4155e-06
3.63733e-08
7.4102e-06
3.04124e-08
1.63519e-08
5.66266e-06
9.85161e-08
5.55459e-06
1.1104e-07
5.38455e-06
1.35679e-07
5.1825e-06
1.55965e-07
4.95591e-06
1.8335e-07
4.71419e-06
2.1504e-07
4.47463e-06
2.43211e-07
4.25312e-06
2.62163e-07
4.08005e-06
2.57174e-07
3.98877e-06
2.41551e-07
3.98967e-06
2.15922e-07
4.05914e-06
2.03816e-07
4.16994e-06
2.07494e-07
4.30325e-06
2.23788e-07
4.44635e-06
2.46494e-07
4.59004e-06
2.78608e-07
4.72862e-06
3.20258e-07
4.85629e-06
3.73419e-07
4.96614e-06
4.43334e-07
5.05419e-06
5.38283e-07
5.11723e-06
6.70648e-07
5.15061e-06
8.61583e-07
5.15213e-06
1.13627e-06
5.11674e-06
1.53006e-06
5.06459e-06
2.01511e-06
5.05775e-06
2.53267e-06
5.1079e-06
3.03017e-06
5.25411e-06
3.3837e-06
5.65201e-06
3.59613e-06
6.62098e-06
3.66274e-06
8.14703e-06
3.65352e-06
9.42883e-06
3.28482e-06
9.87035e-06
2.36094e-06
9.88475e-06
1.76889e-06
9.79154e-06
1.27164e-06
9.68385e-06
9.4091e-07
9.59208e-06
6.82698e-07
9.51859e-06
5.02324e-07
9.46133e-06
3.67431e-07
9.4169e-06
2.71595e-07
9.38229e-06
2.01902e-07
9.35512e-06
1.52526e-07
9.33343e-06
1.18116e-07
9.31598e-06
9.31796e-08
9.30186e-06
7.46457e-08
9.29062e-06
5.97762e-08
9.28148e-06
5.02132e-08
9.27425e-06
4.17893e-08
9.26838e-06
3.51369e-08
1.9116e-08
7.06122e-06
8.79351e-08
6.99727e-06
1.65406e-07
6.88779e-06
2.30194e-07
6.73825e-06
2.80877e-07
6.55649e-06
3.24414e-07
6.35169e-06
3.61202e-07
6.11707e-06
3.90912e-07
5.85832e-06
4.08988e-07
5.5998e-06
3.88157e-07
5.37485e-06
3.35999e-07
5.21916e-06
2.59864e-07
5.14332e-06
1.98639e-07
5.13888e-06
1.57049e-07
5.18625e-06
1.38232e-07
5.26693e-06
1.40426e-07
5.36632e-06
1.61488e-07
5.4733e-06
2.02241e-07
5.57777e-06
2.62592e-07
5.67157e-06
3.49299e-07
5.74782e-06
4.68933e-07
5.80044e-06
6.36331e-07
5.82533e-06
8.73265e-07
5.82552e-06
1.20192e-06
5.79456e-06
1.6539e-06
5.76518e-06
2.18476e-06
5.8244e-06
2.75876e-06
5.97533e-06
3.32241e-06
6.30395e-06
3.75916e-06
7.0357e-06
4.06124e-06
8.48882e-06
4.14278e-06
1.04185e-05
4.12027e-06
1.17949e-05
3.57793e-06
1.22258e-05
2.57545e-06
1.22507e-05
1.94858e-06
1.21592e-05
1.4171e-06
1.20517e-05
1.05705e-06
1.1957e-05
7.73686e-07
1.18797e-05
5.7287e-07
1.18183e-05
4.21837e-07
1.177e-05
3.13259e-07
1.17319e-05
2.33856e-07
1.17017e-05
1.77028e-07
1.16775e-05
1.37075e-07
1.1658e-05
1.07878e-07
1.16423e-05
8.60855e-08
1.16299e-05
6.85135e-08
1.16199e-05
5.71738e-08
1.16121e-05
4.72994e-08
1.16058e-05
3.9992e-08
2.20425e-08
8.80869e-06
8.0572e-08
8.77347e-06
1.89307e-07
8.70687e-06
2.79599e-07
8.60682e-06
3.52988e-07
8.4697e-06
4.15142e-07
8.29099e-06
4.63887e-07
8.09412e-06
4.89694e-07
7.86387e-06
4.9386e-07
7.59343e-06
4.60645e-07
7.31976e-06
3.88234e-07
7.06931e-06
2.91153e-07
6.87136e-06
2.01349e-07
6.73557e-06
1.31229e-07
6.65617e-06
8.7283e-08
6.621e-06
7.32615e-08
6.61633e-06
8.53566e-08
6.62957e-06
1.25129e-07
6.65088e-06
1.92482e-07
6.67223e-06
2.97146e-07
6.68405e-06
4.44442e-07
6.68236e-06
6.49297e-07
6.66525e-06
9.34775e-07
6.64246e-06
1.31822e-06
6.61101e-06
1.8266e-06
6.62318e-06
2.39842e-06
6.78658e-06
3.03752e-06
7.11694e-06
3.65775e-06
7.75634e-06
4.18604e-06
8.99181e-06
4.55919e-06
1.10944e-05
4.6339e-06
1.33283e-05
4.35792e-06
1.47414e-05
3.69268e-06
1.51447e-05
2.75377e-06
1.51841e-05
2.09156e-06
1.51017e-05
1.54672e-06
1.50023e-05
1.16216e-06
1.49105e-05
8.59695e-07
1.48338e-05
6.41007e-07
1.47712e-05
4.75712e-07
1.4721e-05
3.55201e-07
1.46806e-05
2.66515e-07
1.46482e-05
2.02293e-07
1.4622e-05
1.56664e-07
1.4601e-05
1.22961e-07
1.4584e-05
9.76862e-08
1.45706e-05
7.72344e-08
1.45601e-05
6.39735e-08
1.4552e-05
5.25267e-08
1.45455e-05
4.46394e-08
2.49547e-08
1.10021e-05
7.44049e-08
1.09841e-05
1.94318e-07
1.09483e-05
2.9661e-07
1.08899e-05
3.81678e-07
1.08075e-05
4.53632e-07
1.06901e-05
5.076e-07
1.05226e-05
5.36673e-07
1.03049e-05
5.23549e-07
1.00476e-05
4.77388e-07
9.74164e-06
3.88738e-07
9.44194e-06
2.80679e-07
9.16215e-06
1.77617e-07
8.91406e-06
9.95056e-08
8.7036e-06
5.23696e-08
8.52954e-06
3.76245e-08
8.38456e-06
5.44699e-08
8.26089e-06
1.03922e-07
8.15804e-06
1.89435e-07
8.06618e-06
3.16673e-07
7.97714e-06
4.97704e-07
7.88989e-06
7.45214e-07
7.81215e-06
1.07977e-06
7.75792e-06
1.52205e-06
7.72937e-06
2.07044e-06
7.82978e-06
2.69257e-06
8.17466e-06
3.39149e-06
8.81486e-06
4.0618e-06
9.97822e-06
4.62845e-06
1.19715e-05
5.03793e-06
1.47521e-05
5.02177e-06
1.71402e-05
4.65334e-06
1.83852e-05
3.73565e-06
1.87587e-05
2.85194e-06
1.88162e-05
2.18191e-06
1.87579e-05
1.64119e-06
1.86774e-05
1.24377e-06
1.85972e-05
9.31221e-07
1.85275e-05
6.99889e-07
1.84683e-05
5.24006e-07
1.84195e-05
3.9373e-07
1.83792e-05
2.97195e-07
1.83462e-05
2.26371e-07
1.83192e-05
1.75413e-07
1.82973e-05
1.37276e-07
1.82797e-05
1.08522e-07
1.82659e-05
8.52209e-08
1.82551e-05
7.00227e-08
1.82472e-05
5.69432e-08
1.82409e-05
4.86093e-08
2.76e-08
1.37552e-05
6.74643e-08
1.37499e-05
1.85738e-07
1.37402e-05
2.8842e-07
1.37204e-05
3.74757e-07
1.36841e-05
4.46682e-07
1.36194e-05
4.99697e-07
1.3508e-05
5.26202e-07
1.33215e-05
5.12454e-07
1.30716e-05
4.4918e-07
1.27777e-05
3.49221e-07
1.24309e-05
2.33891e-07
1.20652e-05
1.44516e-07
1.1704e-05
7.52053e-08
1.13588e-05
4.7305e-08
1.10368e-05
5.00401e-08
1.07381e-05
8.90888e-08
1.04623e-05
1.62713e-07
1.02078e-05
2.76622e-07
9.97042e-06
4.37021e-07
9.75514e-06
6.57637e-07
9.57934e-06
9.57353e-07
9.44865e-06
1.34415e-06
9.38591e-06
1.84797e-06
9.42688e-06
2.42216e-06
9.7222e-06
3.10275e-06
1.03891e-05
3.82477e-06
1.15558e-05
4.52858e-06
1.35344e-05
5.06164e-06
1.63086e-05
5.39999e-06
1.96019e-05
5.26969e-06
2.18575e-05
4.5643e-06
2.28802e-05
3.65582e-06
2.32336e-05
2.84134e-06
2.33217e-05
2.1991e-06
2.33031e-05
1.68164e-06
2.32549e-05
1.28718e-06
2.31978e-05
9.76097e-07
2.31437e-05
7.40163e-07
2.30947e-05
5.59492e-07
2.30521e-05
4.23443e-07
2.30154e-05
3.21846e-07
2.29844e-05
2.46247e-07
2.29583e-05
1.91046e-07
2.29371e-05
1.49089e-07
2.29199e-05
1.17247e-07
2.29063e-05
9.14706e-08
2.28958e-05
7.45447e-08
2.28884e-05
5.99126e-08
2.28829e-05
5.12666e-08
2.95783e-08
1.72097e-05
5.82517e-08
1.72134e-05
1.65806e-07
1.7222e-05
2.6023e-07
1.72303e-05
3.39653e-07
1.72319e-05
4.04139e-07
1.72153e-05
4.49133e-07
1.71745e-05
4.68214e-07
1.70705e-05
4.49937e-07
1.68631e-05
3.90604e-07
1.65329e-05
2.96933e-07
1.6151e-05
1.9936e-07
1.57099e-05
1.26767e-07
1.52326e-05
9.18999e-08
1.47541e-05
1.00462e-07
1.42837e-05
1.40872e-07
1.38301e-05
2.20913e-07
1.34026e-05
3.31975e-07
1.30071e-05
4.86784e-07
1.265e-05
6.90483e-07
1.23416e-05
9.60812e-07
1.21061e-05
1.30978e-06
1.19769e-05
1.75287e-06
1.19874e-05
2.29647e-06
1.22534e-05
2.90866e-06
1.29538e-05
3.62338e-06
1.4208e-05
4.28798e-06
1.62198e-05
4.91847e-06
1.92915e-05
5.27254e-06
2.26697e-05
5.27641e-06
2.57654e-05
4.95301e-06
2.75511e-05
4.21423e-06
2.84138e-05
3.39568e-06
2.87736e-05
2.69701e-06
2.8918e-05
2.11608e-06
2.89592e-05
1.64662e-06
2.89595e-05
1.27519e-06
2.89391e-05
9.79885e-07
2.89116e-05
7.50285e-07
2.88814e-05
5.72857e-07
2.88517e-05
4.37095e-07
2.88237e-05
3.34833e-07
2.87982e-05
2.57609e-07
2.8776e-05
2.00267e-07
2.87572e-05
1.55904e-07
2.87418e-05
1.21978e-07
2.87295e-05
9.46226e-08
2.872e-05
7.65353e-08
2.87136e-05
6.0687e-08
2.87095e-05
5.17857e-08
3.02822e-08
2.1544e-05
4.69701e-08
2.15525e-05
1.37601e-07
2.15733e-05
2.17612e-07
2.16031e-05
2.83941e-07
2.164e-05
3.35731e-07
2.16723e-05
3.68501e-07
2.16836e-05
3.77827e-07
2.1644e-05
3.58238e-07
2.15095e-05
3.1446e-07
2.12387e-05
2.52814e-07
2.08185e-05
2.0308e-07
2.02911e-05
1.72878e-07
1.9744e-05
1.91924e-07
1.9164e-05
2.50776e-07
1.85736e-05
3.47879e-07
1.80035e-05
4.79048e-07
1.74724e-05
6.37608e-07
1.69976e-05
8.39398e-07
1.65993e-05
1.08995e-06
1.63068e-05
1.4064e-06
1.61609e-05
1.79807e-06
1.6199e-05
2.27982e-06
1.6512e-05
2.81988e-06
1.73068e-05
3.42894e-06
1.87364e-05
4.04495e-06
2.0903e-05
4.55598e-06
2.39218e-05
4.98284e-06
2.76824e-05
5.1534e-06
3.09163e-05
4.86162e-06
3.32069e-05
4.32731e-06
3.45597e-05
3.66024e-06
3.52895e-05
2.9906e-06
3.56817e-05
2.41377e-06
3.58975e-05
1.92273e-06
3.60151e-05
1.52015e-06
3.60794e-05
1.19173e-06
3.61101e-05
9.27589e-07
3.61213e-05
7.17344e-07
3.61199e-05
5.53281e-07
3.61111e-05
4.25944e-07
3.60978e-05
3.29191e-07
3.60828e-05
2.54926e-07
3.60679e-05
1.98771e-07
3.60542e-05
1.54553e-07
3.60424e-05
1.20379e-07
3.60324e-05
9.29763e-08
3.60247e-05
7.47495e-08
3.60199e-05
5.84494e-08
3.60182e-05
4.90349e-08
2.87887e-08
2.69844e-05
3.35187e-08
2.69956e-05
1.03242e-07
2.70243e-05
1.65538e-07
2.70676e-05
2.15758e-07
2.71224e-05
2.52019e-07
2.71819e-05
2.71489e-07
2.72331e-05
2.726e-07
2.72512e-05
2.57271e-07
2.72031e-05
2.34443e-07
2.70466e-05
2.17901e-07
2.67526e-05
2.32664e-07
2.63077e-05
2.84816e-07
2.57415e-05
3.89033e-07
2.51015e-05
5.27025e-07
2.44742e-05
6.90301e-07
2.39039e-05
8.69971e-07
2.33978e-05
1.07598e-06
2.29999e-05
1.31097e-06
2.27494e-05
1.58889e-06
2.27041e-05
1.91591e-06
2.291e-05
2.30624e-06
2.3436e-05
2.74474e-06
2.449e-05
3.22458e-06
2.61262e-05
3.69496e-06
2.84103e-05
4.0842e-06
3.15484e-05
4.41666e-06
3.49439e-05
4.48729e-06
3.80145e-05
4.38477e-06
4.04003e-05
3.9565e-06
4.20578e-05
3.4602e-06
4.31461e-05
2.92926e-06
4.38489e-05
2.42125e-06
4.43119e-05
1.98385e-06
4.46234e-05
1.60385e-06
4.48344e-05
1.2871e-06
4.49778e-05
1.02158e-06
4.50734e-05
8.0444e-07
4.51357e-05
6.28062e-07
4.51739e-05
4.89031e-07
4.51948e-05
3.80097e-07
4.52036e-05
2.96759e-07
4.52046e-05
2.31661e-07
4.52013e-05
1.81302e-07
4.51959e-05
1.41029e-07
4.51898e-05
1.09491e-07
4.51838e-05
8.4382e-08
4.51791e-05
6.75216e-08
4.51767e-05
5.18978e-08
4.51782e-05
4.19625e-08
2.44183e-08
3.3813e-05
1.95669e-08
3.38198e-05
6.70459e-08
3.3846e-05
1.10583e-07
3.38911e-05
1.42418e-07
3.39529e-05
1.61778e-07
3.40277e-05
1.67222e-07
3.41066e-05
1.60829e-07
3.41737e-05
1.4975e-07
3.42085e-05
1.48013e-07
3.41805e-05
1.74093e-07
3.40654e-05
2.5115e-07
3.38419e-05
3.87958e-07
3.35202e-05
5.80513e-07
3.31298e-05
8.07157e-07
3.27297e-05
1.03914e-06
3.2395e-05
1.25356e-06
3.21857e-05
1.47474e-06
3.21663e-05
1.70163e-06
3.24206e-05
1.95267e-06
3.29693e-05
2.22405e-06
3.38587e-05
2.51026e-06
3.52598e-05
2.82261e-06
3.7163e-05
3.10461e-06
3.95216e-05
3.33638e-06
4.21877e-05
3.46203e-06
4.49594e-05
3.50419e-06
4.7548e-05
3.36473e-06
4.98078e-05
3.11471e-06
5.15575e-05
2.77408e-06
5.28927e-05
2.39985e-06
5.38854e-05
2.04342e-06
5.46226e-05
1.70759e-06
5.51743e-05
1.41879e-06
5.55873e-05
1.1627e-06
5.58953e-05
9.45797e-07
5.61231e-05
7.59127e-07
5.62894e-05
6.03772e-07
5.64091e-05
4.74875e-07
5.64932e-05
3.72545e-07
5.65501e-05
2.92067e-07
5.65868e-05
2.30421e-07
5.66087e-05
1.81657e-07
5.66207e-05
1.43161e-07
5.6626e-05
1.1182e-07
5.66273e-05
8.67252e-08
5.66265e-05
6.67539e-08
5.66259e-05
5.31428e-08
5.66263e-05
4.01894e-08
5.66307e-05
3.06093e-08
1.73486e-08
4.23878e-05
6.21577e-09
4.23849e-05
3.22466e-08
4.24026e-05
5.61899e-08
4.24419e-05
6.81492e-08
4.25021e-05
6.90433e-08
4.25831e-05
5.74702e-08
4.26814e-05
3.77356e-08
4.27861e-05
2.48589e-08
4.28887e-05
2.96597e-08
4.29835e-05
6.83365e-08
4.30633e-05
1.66818e-07
4.31277e-05
3.30102e-07
4.31972e-05
5.37869e-07
4.3291e-05
7.77063e-07
4.34674e-05
9.87973e-07
4.37894e-05
1.14463e-06
4.43013e-05
1.28941e-06
4.50344e-05
1.42913e-06
4.60099e-05
1.57474e-06
4.72367e-05
1.71125e-06
4.87943e-05
1.84318e-06
5.06662e-05
1.95559e-06
5.2792e-05
2.02582e-06
5.50791e-05
2.0473e-06
5.73989e-05
2.00219e-06
5.96547e-05
1.91014e-06
6.17054e-05
1.76078e-06
6.34918e-05
1.58662e-06
6.50004e-05
1.3874e-06
6.62425e-05
1.19439e-06
6.72598e-05
1.0176e-06
6.80805e-05
8.56838e-07
6.87389e-05
7.21097e-07
6.92588e-05
6.00164e-07
6.96655e-05
4.95497e-07
6.9979e-05
4.02319e-07
7.02182e-05
3.21863e-07
7.03982e-05
2.53277e-07
7.0532e-05
1.98398e-07
7.06291e-05
1.55976e-07
7.06979e-05
1.244e-07
7.07443e-05
9.991e-08
7.07739e-05
8.06195e-08
7.07912e-05
6.42847e-08
7.08006e-05
5.03246e-08
7.08052e-05
3.88887e-08
7.08081e-05
3.12772e-08
7.08101e-05
2.4103e-08
7.08152e-05
1.66843e-08
8.52127e-09
5.31532e-05
5.31367e-05
5.3144e-05
5.31639e-05
5.31867e-05
5.32017e-05
5.31999e-05
5.31895e-05
5.31894e-05
5.32342e-05
5.3385e-05
5.37088e-05
5.42534e-05
5.50555e-05
5.60929e-05
5.7317e-05
5.87199e-05
6.02966e-05
6.20496e-05
6.39651e-05
6.60289e-05
6.8202e-05
7.04229e-05
7.2627e-05
7.4738e-05
7.67094e-05
7.84904e-05
8.0066e-05
8.14217e-05
8.25723e-05
8.35397e-05
8.43433e-05
8.50098e-05
8.5555e-05
8.59958e-05
8.63441e-05
8.66129e-05
8.68143e-05
8.69622e-05
8.70694e-05
8.7147e-05
8.72025e-05
8.72416e-05
8.72678e-05
8.72841e-05
8.72938e-05
8.73013e-05
8.73076e-05
8.73132e-05
)
;

boundaryField
{
    AXIS
    {
        type            empty;
        value           nonuniform 0();
    }
    OUTLET
    {
        type            calculated;
        value           nonuniform List<scalar> 
25
(
1.6885e-07
5.0663e-07
8.44613e-07
1.18361e-06
1.52393e-06
1.86574e-06
2.20924e-06
2.55461e-06
2.90199e-06
3.25137e-06
3.81975e-06
4.75535e-06
5.93032e-06
7.40739e-06
9.26522e-06
1.16024e-05
1.4542e-05
1.82375e-05
2.288e-05
2.87076e-05
3.60182e-05
4.51807e-05
5.66353e-05
7.0821e-05
8.73179e-05
)
;
    }
    COFLOW
    {
        type            calculated;
        value           nonuniform List<scalar> 
15
(
-2.36536e-06
-2.93624e-06
-3.64969e-06
-4.54205e-06
-5.65887e-06
-7.0574e-06
-8.80962e-06
-1.1006e-05
-1.37603e-05
-1.72156e-05
-2.15516e-05
-2.69945e-05
-3.38289e-05
-4.24124e-05
-5.31951e-05
)
;
    }
    PILOT
    {
        type            calculated;
        value           nonuniform List<scalar> 5(-6.03681e-07 -7.13457e-07 -8.23291e-07 -9.33091e-07 -1.04289e-06);
    }
    FUEL
    {
        type            calculated;
        value           nonuniform List<scalar> 5(-1.05099e-06 -3.15287e-06 -5.25543e-06 -7.36022e-06 -9.46525e-06);
    }
    WALL
    {
        type            calculated;
        value           uniform 0;
    }
    front
    {
        type            wedge;
        value           nonuniform List<scalar> 
1250
(
1.19545e-20
3.23539e-20
4.77921e-20
6.19102e-20
8.84502e-20
6.04089e-20
1.73055e-19
3.20078e-19
5.8469e-19
1.1702e-18
1.12887e-19
3.21376e-19
5.76244e-19
9.87129e-19
1.30267e-18
2.31375e-19
6.3913e-19
1.22105e-18
1.90365e-18
1.19076e-18
1.75835e-19
3.63875e-19
5.90475e-19
5.95506e-19
9.65452e-19
-1.60892e-20
-1.10014e-19
-6.00356e-19
-1.7494e-18
-3.83594e-19
-1.42467e-19
-3.34931e-19
-7.87906e-19
-1.2893e-18
-7.59779e-19
-1.04378e-19
-2.99071e-19
-5.22579e-19
-6.67171e-19
-5.16618e-19
-2.04188e-19
-4.32483e-19
-7.90469e-19
-1.11873e-18
-1.32739e-18
-1.45378e-20
-6.74964e-21
1.38104e-19
5.67372e-19
1.21026e-18
-1.23265e-19
-3.96581e-19
-9.72187e-19
-2.51334e-18
-5.62318e-18
-2.76501e-19
-6.2862e-19
-1.45421e-18
-2.8819e-18
-4.83815e-18
-4.35465e-19
-1.2574e-18
-2.30817e-18
-3.59185e-18
-4.77591e-18
-3.05105e-19
-6.25941e-19
-1.06607e-18
-1.57706e-18
-3.09463e-18
-5.02056e-19
-1.58838e-18
-3.66682e-18
-7.47426e-18
-4.94585e-18
-1.43368e-18
-3.06731e-18
-5.81364e-18
-8.28333e-18
-7.16267e-18
-3.231e-19
-7.54126e-19
-3.62475e-19
1.3775e-18
-2.12418e-18
-1.16716e-18
-2.09682e-18
-2.5802e-18
-2.2406e-18
-3.63741e-18
3.03187e-18
4.66265e-18
4.69064e-18
2.98915e-18
1.47624e-18
-1.81773e-17
-1.76099e-17
-1.51785e-17
-8.31687e-18
-6.40432e-18
-5.92365e-18
-7.48687e-18
-5.95786e-18
6.13666e-19
-3.3056e-18
-1.70719e-18
-2.77742e-18
-2.41572e-18
-9.64443e-19
-3.87957e-18
-1.55256e-18
-3.10724e-18
-5.52881e-18
-7.55126e-18
3.24131e-19
-7.22562e-19
-1.80997e-18
-3.04441e-18
-4.57596e-18
-6.10566e-18
-1.56179e-18
-4.2801e-18
-8.29546e-18
-1.31307e-17
-9.69883e-18
-1.37988e-18
-3.91975e-18
-6.50494e-18
-8.49943e-18
-7.99686e-18
-1.00514e-18
-2.28262e-18
-3.76853e-18
-4.74299e-18
-4.93778e-18
-3.84394e-19
-1.06582e-18
-1.66161e-18
-2.04107e-18
-2.11553e-18
-1.59333e-19
-4.46196e-19
-6.83137e-19
-8.18291e-19
-8.16567e-19
-6.42598e-20
-1.80441e-19
-2.73745e-19
-3.20144e-19
-2.99418e-19
-1.0605e-18
-3.07073e-18
-5.51531e-18
-7.63414e-18
-5.5474e-18
-2.19343e-18
-6.24426e-18
-1.04625e-17
-1.47004e-17
-1.83398e-17
-1.17509e-18
-3.19118e-18
-4.3258e-18
-4.99656e-18
-2.58669e-17
-7.8695e-19
-2.26562e-18
-4.00339e-18
-6.50566e-18
-1.10133e-17
-4.306e-18
-1.24113e-17
-2.18266e-17
-3.22352e-17
-2.53494e-17
-7.34334e-18
-2.0128e-17
-3.12185e-17
-4.0665e-17
-4.80123e-17
4.7963e-17
7.38484e-17
7.0483e-17
5.10299e-17
5.04466e-17
1.17595e-17
2.90088e-17
3.38427e-17
2.75492e-17
3.98066e-17
-1.02557e-16
-2.03018e-16
-2.17268e-16
-1.99997e-16
-1.80028e-16
-2.71163e-17
-7.16391e-17
-9.96882e-17
-1.12321e-16
-1.13279e-16
-1.28278e-17
-3.55137e-17
-5.39025e-17
-6.60686e-17
-7.18798e-17
-7.13164e-18
-1.994e-17
-3.12663e-17
-3.99687e-17
-4.55134e-17
-8.23965e-18
-2.19758e-17
-3.14411e-17
-3.69492e-17
-4.00978e-17
9.03927e-17
1.50999e-16
1.1958e-16
5.75497e-17
2.39984e-17
2.13588e-17
5.63108e-17
8.03937e-17
9.5486e-17
6.58341e-17
9.56557e-18
2.4022e-17
3.67269e-17
4.33138e-17
4.19288e-17
1.03251e-19
-1.73411e-19
-2.87921e-18
-6.87627e-18
3.25573e-17
-2.71352e-18
-7.5497e-18
-1.15898e-17
-1.38435e-17
-1.27251e-17
1.61872e-17
4.46874e-17
7.30951e-17
1.03808e-16
1.38602e-16
-1.26449e-16
-1.27902e-16
-1.22996e-16
-8.39897e-17
-1.87269e-17
1.92476e-19
6.20426e-19
1.3148e-18
1.05122e-18
1.85019e-19
1.81455e-18
1.68927e-18
1.54456e-18
1.06368e-18
5.31355e-19
1.61048e-18
1.60092e-18
1.41947e-18
1.10108e-18
7.3718e-19
1.59885e-18
2.18138e-18
2.98486e-18
1.9286e-18
1.15676e-18
1.2618e-18
1.08754e-18
1.74059e-19
-2.5979e-19
8.82305e-20
1.87498e-19
-3.33761e-19
-1.90434e-18
-2.1962e-18
-8.54636e-19
-5.27834e-19
-9.60292e-19
-1.99115e-18
-2.88554e-18
-1.4532e-18
-5.125e-19
-8.69982e-19
-1.45772e-18
-1.89419e-18
-1.76028e-18
-1.4172e-18
-1.56847e-18
-1.78761e-18
-2.06101e-18
-2.4572e-18
1.04233e-18
5.99832e-19
-2.19288e-19
-9.40968e-19
-1.83732e-18
-5.24084e-18
-5.0545e-18
-3.74146e-18
-4.17539e-18
-3.23649e-18
-5.29407e-18
-5.60662e-18
-5.73289e-18
-7.18844e-18
-4.95035e-18
-5.42326e-18
-5.78843e-18
-5.99641e-18
-6.17644e-18
-5.12832e-18
-4.1102e-18
-4.48341e-18
-4.45291e-18
-4.53934e-18
-4.11058e-18
-4.5301e-18
-5.41086e-18
-7.22901e-18
-6.14733e-18
-5.0462e-18
-6.42192e-18
-6.38527e-18
-6.14308e-18
-3.73879e-18
-3.86411e-18
-3.45501e-18
-2.95388e-18
-7.1316e-19
-1.91293e-18
-2.87351e-18
-4.32181e-18
-3.92446e-18
-2.86005e-18
-2.83333e-18
-2.98684e-18
9.7726e-19
6.25356e-19
-8.73485e-20
-8.34385e-19
-1.79115e-18
-8.35904e-18
-9.17581e-18
-6.72745e-18
-6.2538e-18
-3.90802e-18
-5.87523e-18
-5.65751e-18
-2.78747e-18
-4.52111e-18
-4.76601e-18
-4.91021e-18
-4.45916e-18
-3.47788e-18
-4.36204e-18
-4.83938e-18
-2.18654e-18
-4.41442e-18
-5.658e-18
-2.52891e-18
-3.3587e-18
-3.91355e-18
-3.40418e-18
-3.28439e-18
-2.64123e-18
-2.91971e-18
-7.12067e-18
-6.76509e-18
-7.94159e-18
-5.63476e-18
-4.35858e-18
-7.16544e-18
-6.74012e-18
-6.55802e-18
-5.69536e-18
-4.87089e-18
-4.62411e-18
-4.02862e-18
-3.03034e-18
-1.63464e-18
-1.96843e-18
-1.82113e-18
-1.11111e-18
1.39863e-19
1.80708e-18
1.35002e-18
-6.65794e-19
-3.82397e-19
-3.02476e-20
2.2311e-19
-1.65558e-20
-2.41514e-19
-1.7892e-19
-1.58637e-19
-2.42664e-19
-5.25972e-19
-4.02141e-18
-3.80227e-18
-4.26361e-18
-2.06053e-18
-3.54957e-19
-2.32909e-17
-2.29246e-17
-1.70325e-17
-1.16191e-17
-7.94452e-18
-2.24009e-17
-1.60105e-17
-5.93451e-18
-7.87709e-18
-8.35657e-18
-1.21915e-17
-1.15922e-17
-1.06804e-17
-1.18543e-17
-1.40911e-17
-2.24805e-17
-2.28618e-17
-2.51049e-17
-1.56821e-17
-7.09787e-18
-3.37029e-17
-2.1108e-17
-8.44482e-18
-6.56771e-18
-2.71334e-18
4.6861e-17
3.78729e-17
2.36966e-17
1.55002e-17
2.54488e-18
4.15764e-17
3.53174e-17
2.40142e-17
2.45864e-17
2.3556e-17
-1.54261e-16
-1.26502e-16
-9.61965e-17
-5.99988e-17
-4.12051e-17
-1.05742e-16
-9.25344e-17
-7.58413e-17
-5.78296e-17
-4.16071e-17
-7.20984e-17
-6.79281e-17
-6.07482e-17
-5.19833e-17
-4.29782e-17
-4.78428e-17
-4.72575e-17
-4.42803e-17
-3.95248e-17
-3.35694e-17
-4.1488e-17
-4.139e-17
-3.99649e-17
-3.73054e-17
-3.34102e-17
7.3558e-18
1.0297e-18
1.985e-18
7.36674e-18
-5.13977e-18
4.47455e-17
3.18448e-17
2.47097e-17
2.12292e-17
1.93291e-17
3.85703e-17
3.47955e-17
3.0942e-17
2.6649e-17
2.22309e-17
2.33339e-17
9.77004e-18
-4.18352e-18
5.21142e-18
1.22714e-17
-1.25228e-17
-1.13018e-17
-7.88031e-18
-1.51401e-18
5.91729e-18
1.40758e-16
1.20675e-16
8.31277e-17
6.06603e-17
4.88057e-17
1.70328e-17
3.14131e-17
3.33649e-17
3.01799e-17
2.49901e-17
4.61921e-20
-7.8774e-20
-2.2503e-19
-1.01495e-19
-2.43826e-20
-3.37811e-20
-1.33678e-19
-1.03846e-19
2.37962e-19
-1.84442e-18
-6.99074e-19
1.34233e-19
3.09288e-19
-1.16296e-18
6.77532e-19
8.04171e-20
-4.32782e-19
-1.38295e-18
-3.83741e-19
1.39007e-20
-4.63989e-20
-5.77071e-19
-5.17687e-19
1.59124e-18
-2.97974e-18
-1.94366e-18
6.83416e-19
1.54268e-18
1.90257e-18
1.70922e-17
3.74196e-19
3.63429e-20
-1.89566e-19
3.91487e-19
6.95317e-19
3.90544e-19
-1.43619e-18
-1.9246e-18
9.56415e-19
-6.54026e-19
1.04411e-18
2.12789e-18
3.57798e-18
7.68597e-18
-1.18021e-17
7.47934e-19
6.6238e-19
1.23418e-18
2.67419e-18
2.86725e-18
2.88291e-18
1.58056e-18
1.66566e-18
2.11776e-18
1.95277e-18
5.79236e-18
4.28107e-18
6.47147e-18
2.19589e-17
-5.40924e-18
6.34865e-19
1.67856e-18
4.8142e-18
1.23892e-17
7.91638e-18
8.85141e-18
5.80669e-18
7.69438e-18
4.40026e-18
4.30834e-18
8.16908e-18
6.43236e-18
9.0396e-18
2.89876e-17
-2.98152e-17
4.79835e-19
2.74702e-18
8.99411e-18
1.0156e-17
9.54372e-18
1.20442e-17
8.12734e-18
7.63296e-18
5.82301e-18
6.54828e-18
1.30234e-17
8.59628e-18
1.03344e-17
2.04586e-17
-6.683e-17
-1.68002e-20
1.77617e-18
3.69581e-18
-5.4351e-19
6.45436e-18
9.55671e-18
8.33643e-18
7.59748e-18
6.68022e-18
7.77129e-18
1.40871e-17
9.84375e-18
1.09639e-17
1.47676e-17
-5.98513e-17
-2.22997e-18
-5.37105e-18
-6.66854e-18
-3.13245e-19
1.17584e-17
9.90174e-18
8.43804e-18
7.51943e-18
6.98549e-18
7.22808e-18
5.96836e-18
9.49035e-18
1.13532e-17
1.23874e-17
-5.07977e-17
-3.82439e-18
-7.64087e-18
-6.1879e-18
-1.38459e-18
6.33062e-18
8.17987e-18
7.89654e-18
7.43791e-18
7.12323e-18
6.69009e-18
6.43008e-18
9.30923e-18
1.22032e-17
1.61797e-17
-4.53772e-17
-3.07078e-18
-4.80787e-18
-4.54917e-18
-1.85411e-18
2.8856e-18
5.95738e-18
7.39055e-18
7.70651e-18
8.03975e-18
4.69767e-18
5.81217e-18
8.82239e-18
1.39615e-17
4.17541e-17
-3.92364e-17
-3.21108e-18
-3.82211e-18
-3.73638e-18
-1.87914e-18
4.31477e-18
2.04275e-17
1.16178e-17
1.02157e-17
1.56801e-17
-6.29539e-18
2.74025e-18
6.89795e-18
1.17645e-17
6.43131e-17
-2.88489e-17
-3.75543e-18
-3.0503e-18
-1.24068e-18
4.31404e-18
6.09349e-18
1.30602e-17
1.10189e-17
9.63672e-18
8.80721e-18
-1.2141e-17
-1.1631e-18
1.69025e-18
-1.26555e-17
7.80749e-17
-2.02203e-17
-4.33835e-18
-4.01737e-18
-3.87171e-18
5.4135e-18
6.6062e-18
9.51771e-18
9.33848e-18
8.0318e-18
5.02731e-18
-6.9439e-18
-3.47054e-18
-4.38824e-18
-3.18908e-17
6.04722e-17
1.68914e-17
-3.60307e-18
-2.96663e-18
-1.36753e-18
3.26645e-18
5.33861e-18
6.80824e-18
7.29882e-18
6.0781e-18
2.9297e-18
-4.51713e-18
-5.46936e-18
-8.48545e-18
-2.57803e-17
4.5154e-17
-4.36727e-17
-4.58636e-18
-5.02218e-18
-6.76406e-18
-5.09001e-18
2.73739e-18
1.34325e-17
-3.0422e-18
1.87317e-18
8.54975e-19
-4.41387e-18
-1.0112e-17
-1.42429e-17
-4.38627e-17
5.80277e-17
2.2219e-17
-3.83972e-18
-3.3964e-18
-1.5995e-18
-1.65344e-18
1.94245e-18
6.56745e-18
7.51217e-19
8.25641e-19
-4.80328e-19
-6.28134e-18
-3.06308e-17
-2.02771e-17
-3.4878e-17
1.07227e-17
2.06742e-17
-3.43806e-18
-4.15292e-18
-5.59928e-18
-3.65188e-18
-2.51676e-18
-7.38921e-18
-2.38386e-18
-1.97661e-19
1.123e-18
2.86689e-18
-1.90423e-17
-2.01563e-17
-2.59418e-17
3.62943e-17
2.14223e-17
-3.30245e-18
-3.8814e-18
-4.53607e-18
-3.9296e-18
-3.57038e-18
-4.89956e-18
-2.49381e-18
9.65272e-19
9.40541e-18
2.28418e-18
-1.20428e-17
-1.77672e-17
-2.06078e-17
2.49914e-17
2.06529e-17
-2.68611e-18
-3.62364e-18
-4.44899e-18
-4.73015e-18
-4.45568e-18
-4.28321e-18
-2.36036e-18
-4.27408e-20
4.06098e-18
6.94301e-19
-8.35833e-18
-1.56094e-17
-2.01831e-17
1.63132e-17
1.86865e-17
-2.66583e-18
-2.28849e-18
-1.43337e-18
1.0069e-18
1.11055e-18
6.44554e-18
6.42719e-18
-4.35663e-18
-3.41931e-19
-8.1054e-19
-6.63625e-18
-1.64965e-17
-4.91465e-17
-3.00427e-17
1.29943e-17
-6.08102e-18
-4.99559e-18
-5.40479e-18
-2.20105e-18
-1.73575e-18
-4.2793e-18
5.88986e-20
-2.14636e-18
2.58397e-20
-1.33351e-19
-4.46335e-18
-1.51986e-17
-4.30436e-17
-6.80045e-17
7.5167e-18
-5.76115e-18
-6.8179e-18
-9.26254e-18
-5.89986e-18
-3.91433e-18
-3.69314e-18
-1.59028e-18
2.1208e-19
7.59187e-18
6.18393e-18
2.43102e-18
-1.09806e-17
-3.71295e-17
-6.23326e-17
3.24125e-17
-4.19453e-18
-4.33912e-18
-2.9033e-18
-4.09674e-18
-5.80452e-18
-1.02262e-17
-5.35394e-18
-8.38012e-19
7.35646e-18
2.3797e-17
2.91585e-17
2.23922e-19
-2.72429e-17
-1.63923e-17
3.15534e-17
-3.51208e-18
-4.3746e-18
-5.8866e-18
-1.03904e-17
-9.01153e-18
-9.10289e-18
-6.6987e-18
-3.02801e-18
3.17469e-18
1.53159e-17
2.18497e-17
5.06989e-18
-1.89797e-17
-1.24927e-17
6.09026e-17
-4.14657e-18
-4.72816e-18
-5.96631e-18
-8.18828e-18
-9.9544e-18
-1.44272e-17
-1.03238e-17
-7.3032e-18
-7.27745e-18
8.15774e-18
1.63521e-17
4.23373e-18
-4.5541e-17
-1.45082e-17
5.71985e-17
-4.55427e-18
-4.87995e-18
-5.66107e-18
-7.05844e-18
-8.70773e-18
-1.0666e-17
-1.02632e-17
-8.71173e-18
-3.60157e-18
2.15349e-17
1.93572e-17
6.0141e-18
-3.42798e-17
-1.67385e-17
5.29e-17
-4.1186e-18
-5.41685e-18
-7.4078e-18
-1.13192e-17
-1.11031e-17
-1.13729e-17
-1.23283e-17
-1.60034e-17
-6.99101e-18
1.17691e-17
1.93608e-17
9.27402e-18
-1.78989e-17
1.41771e-18
5.0021e-17
-5.50507e-19
-2.63597e-18
-4.96033e-18
-7.63249e-18
-9.40075e-18
-1.08786e-17
-1.23821e-17
-1.36777e-17
-7.70006e-18
8.45596e-18
1.80575e-17
4.53215e-18
-6.0928e-17
-5.38375e-17
4.70275e-17
-7.87032e-19
-2.05602e-18
-3.81755e-18
-6.00474e-18
-8.32894e-18
-1.06633e-17
-1.271e-17
-1.32727e-17
-7.56988e-18
6.97725e-18
1.70082e-17
8.35613e-18
-4.36477e-18
-3.36926e-17
1.09128e-16
-1.12094e-18
-2.19196e-18
-3.80396e-18
-6.0705e-18
-8.9565e-18
-1.21308e-17
-1.49955e-17
-1.62244e-17
-1.13968e-17
3.06384e-18
1.22116e-17
1.08812e-18
-4.90826e-17
-3.05574e-17
1.02692e-16
-4.0355e-18
-1.0867e-17
-6.40659e-18
2.03539e-18
-4.41216e-18
-1.03098e-17
-9.09167e-18
1.17369e-17
3.89172e-17
1.80286e-17
1.24241e-17
2.6146e-18
3.36368e-18
-1.63993e-17
1.67909e-16
-6.93031e-18
-7.0399e-18
-3.92771e-18
9.73587e-19
4.05469e-18
1.51845e-17
8.18058e-18
1.71348e-17
3.0661e-17
2.1011e-17
1.22584e-17
3.05777e-18
1.49706e-18
-1.82677e-18
2.3175e-16
-9.52297e-18
-1.29655e-17
-2.10227e-17
-8.2181e-18
1.8237e-18
1.13e-17
1.47057e-17
2.16559e-17
3.01348e-17
2.89054e-17
1.76308e-17
6.64754e-18
4.0111e-18
1.66651e-17
2.92366e-16
-1.82863e-17
-2.56399e-17
-3.56607e-17
-2.01827e-17
-3.88046e-18
8.6436e-18
1.62115e-17
2.03801e-17
1.54398e-17
-2.69912e-17
-3.14478e-18
3.45139e-18
1.01177e-17
3.42718e-17
2.72063e-16
1.8877e-18
4.92202e-18
-1.13543e-17
-2.18047e-17
-3.21215e-17
-1.14934e-17
3.86141e-18
1.13429e-17
8.77831e-18
4.22458e-18
5.01707e-17
1.68133e-17
8.7045e-18
4.72267e-17
2.49443e-16
2.04902e-18
6.84133e-18
1.04673e-17
2.01264e-17
1.05897e-17
2.38364e-17
1.74468e-17
2.20188e-17
4.5248e-17
-3.26317e-17
9.6431e-18
9.45251e-18
5.39019e-17
5.18733e-17
2.19024e-16
-9.57426e-18
-2.49112e-17
-2.09668e-17
-1.94169e-17
1.34711e-17
2.02314e-17
2.48604e-17
2.98296e-17
4.41245e-17
6.16061e-17
8.87816e-17
9.46268e-17
7.30205e-17
8.78819e-17
1.11187e-16
2.46792e-17
3.30541e-17
5.72392e-17
8.20155e-17
7.04892e-17
3.42691e-17
-1.07401e-17
1.59079e-17
3.7413e-17
5.67749e-17
7.00947e-17
3.50844e-17
5.84453e-17
9.89028e-20
7.06595e-17
-1.39202e-17
8.06468e-18
2.64652e-17
3.34239e-17
1.14982e-17
-4.8733e-18
-1.73109e-18
1.38326e-17
3.22193e-17
4.91599e-17
5.73762e-17
3.76021e-17
3.19179e-17
-1.34361e-16
-5.76204e-17
-2.81682e-17
-1.76281e-17
-1.17709e-17
-1.79214e-17
-7.72163e-18
-5.44129e-18
-3.47632e-18
9.34276e-18
2.69108e-17
4.23876e-17
4.88324e-17
3.38719e-17
-2.15152e-17
-1.39822e-16
-9.48523e-17
-3.64397e-17
-3.20361e-17
-2.86056e-17
-2.70715e-17
-2.28569e-17
-1.96012e-17
3.49853e-17
1.83498e-17
1.51684e-17
2.47318e-17
2.43306e-17
-1.77186e-17
7.34978e-17
-1.19975e-16
-1.18671e-16
-2.81617e-17
-2.18275e-17
-1.08581e-17
8.39063e-18
3.92399e-19
2.15159e-18
2.15792e-17
3.54422e-17
7.26846e-17
3.86288e-17
1.80976e-17
-1.0815e-17
1.17886e-17
-8.38508e-17
-1.26591e-16
-3.07143e-17
-2.93822e-17
-2.90365e-17
-3.41222e-17
-1.51347e-17
-1.03532e-19
1.5032e-17
2.59569e-17
3.2633e-17
1.49317e-17
4.67369e-18
-7.2505e-19
6.4384e-17
-1.7822e-16
-1.29501e-16
-1.45514e-17
-2.23366e-17
-2.77157e-17
-3.11476e-17
-3.04045e-17
-2.50241e-17
-1.00474e-17
2.21573e-17
9.29792e-17
1.03421e-16
4.0936e-17
3.6469e-17
1.45709e-16
-1.49977e-16
-2.0959e-16
2.16591e-17
3.05207e-17
1.85205e-17
1.49479e-17
5.94906e-17
1.06637e-16
1.31921e-16
1.38899e-16
1.00347e-16
3.44385e-17
4.1388e-17
6.43951e-17
1.59196e-16
1.29633e-16
-2.63859e-16
1.85262e-17
1.35737e-17
2.44537e-18
2.17406e-17
5.17576e-17
8.4537e-17
1.05873e-16
1.02461e-16
5.51995e-17
9.90904e-17
6.71855e-17
7.22258e-17
6.73438e-17
2.17301e-16
-2.02187e-16
1.82357e-17
2.59525e-17
3.80467e-17
6.22787e-17
6.74444e-17
7.90243e-17
8.91314e-17
8.78444e-17
7.24058e-17
8.04837e-17
6.45495e-17
4.21413e-17
-5.51889e-17
1.45686e-16
-1.51603e-16
1.47446e-17
2.74048e-17
4.57151e-17
7.2846e-17
7.05868e-17
7.20369e-17
7.45763e-17
7.29035e-17
6.55773e-17
6.21085e-17
5.00401e-17
3.42188e-17
-6.90669e-18
1.17968e-16
-1.07746e-16
4.60752e-17
5.0842e-17
6.03282e-17
7.26557e-17
7.96233e-17
7.8489e-17
6.87819e-17
6.21752e-17
5.61951e-17
5.19108e-17
4.08538e-17
-1.52311e-17
-3.86711e-17
5.76095e-17
-6.88818e-17
1.97788e-17
1.27478e-17
-9.55653e-19
-2.86289e-17
-4.85981e-17
-2.5277e-17
6.02164e-17
4.52583e-17
2.88425e-17
2.98411e-18
-6.77304e-17
9.95636e-17
1.2247e-16
1.63711e-16
-1.40661e-16
)
;
    }
    back
    {
        type            wedge;
        value           nonuniform List<scalar> 
1250
(
-1.19396e-20
-3.23195e-20
-4.77723e-20
-6.20377e-20
-8.85944e-20
-6.04238e-20
-1.73122e-19
-3.20134e-19
-5.85005e-19
-1.17045e-18
-1.1292e-19
-3.21483e-19
-5.76329e-19
-9.8752e-19
-1.30291e-18
-2.31415e-19
-6.39231e-19
-1.2211e-18
-1.90402e-18
-1.19103e-18
-1.75871e-19
-3.63992e-19
-5.90554e-19
-5.95816e-19
-9.65718e-19
1.60546e-20
1.09906e-19
6.00299e-19
1.74911e-18
3.83382e-19
1.42449e-19
3.3484e-19
7.87852e-19
1.28903e-18
7.59596e-19
1.04351e-19
2.98997e-19
5.22507e-19
6.66899e-19
5.16447e-19
2.04173e-19
4.32416e-19
7.90433e-19
1.11852e-18
1.32725e-18
1.45148e-20
6.66423e-21
-1.3817e-19
-5.67545e-19
-1.2104e-18
1.23239e-19
3.9652e-19
9.72138e-19
2.51314e-18
5.6231e-18
2.76486e-19
6.28567e-19
1.45417e-18
2.88176e-18
4.83806e-18
4.35447e-19
1.25735e-18
2.30813e-18
3.59168e-18
4.77579e-18
3.05095e-19
6.25897e-19
1.06604e-18
1.57692e-18
3.09454e-18
5.02043e-19
1.58834e-18
3.66678e-18
7.47414e-18
4.94577e-18
1.43367e-18
3.06728e-18
5.81361e-18
8.28321e-18
7.16259e-18
3.23092e-19
7.54099e-19
3.62448e-19
-1.3776e-18
2.12412e-18
1.16715e-18
2.09678e-18
2.58018e-18
2.2405e-18
3.63735e-18
-3.03188e-18
-4.66267e-18
-4.69067e-18
-2.98924e-18
-1.47629e-18
1.81772e-17
1.76098e-17
1.51785e-17
8.31678e-18
6.40427e-18
5.92364e-18
7.48685e-18
5.95784e-18
-6.13755e-19
3.30556e-18
1.70718e-18
2.7774e-18
2.4157e-18
9.64362e-19
3.87951e-18
1.55256e-18
3.10722e-18
5.52878e-18
7.55118e-18
-3.24185e-19
7.22553e-19
1.80994e-18
3.04439e-18
4.57588e-18
6.1056e-18
1.56177e-18
4.28007e-18
8.29542e-18
1.31306e-17
9.69877e-18
1.37986e-18
3.91971e-18
6.50489e-18
8.49931e-18
7.99679e-18
1.00512e-18
2.28258e-18
3.76848e-18
4.74281e-18
4.93766e-18
3.84378e-19
1.06577e-18
1.66157e-18
2.04094e-18
2.11541e-18
1.59319e-19
4.46161e-19
6.83114e-19
8.18182e-19
8.16479e-19
6.42449e-20
1.80405e-19
2.73719e-19
3.20034e-19
2.99354e-19
1.06049e-18
3.0707e-18
5.51529e-18
7.63407e-18
5.54734e-18
2.19342e-18
6.24424e-18
1.04625e-17
1.47003e-17
1.83397e-17
1.17508e-18
3.19116e-18
4.32577e-18
4.99647e-18
2.58668e-17
7.86946e-19
2.26561e-18
4.00337e-18
6.50561e-18
1.10132e-17
4.30599e-18
1.24113e-17
2.18266e-17
3.22352e-17
2.53494e-17
7.34334e-18
2.0128e-17
3.12185e-17
4.06649e-17
4.80123e-17
-4.7963e-17
-7.38484e-17
-7.0483e-17
-5.103e-17
-5.04466e-17
-1.17595e-17
-2.90088e-17
-3.38427e-17
-2.75492e-17
-3.98066e-17
1.02557e-16
2.03018e-16
2.17268e-16
1.99997e-16
1.80028e-16
2.71163e-17
7.16391e-17
9.96882e-17
1.12321e-16
1.13279e-16
1.28278e-17
3.55137e-17
5.39025e-17
6.60686e-17
7.18798e-17
7.13164e-18
1.994e-17
3.12663e-17
3.99687e-17
4.55134e-17
8.23965e-18
2.19758e-17
3.14411e-17
3.69492e-17
4.00978e-17
-9.03927e-17
-1.50999e-16
-1.1958e-16
-5.75497e-17
-2.39984e-17
-2.13588e-17
-5.63108e-17
-8.03937e-17
-9.5486e-17
-6.58341e-17
-9.56557e-18
-2.4022e-17
-3.67269e-17
-4.33138e-17
-4.19288e-17
-1.03249e-19
1.73412e-19
2.87921e-18
6.87627e-18
-3.25573e-17
2.71352e-18
7.54971e-18
1.15898e-17
1.38435e-17
1.27251e-17
-1.61872e-17
-4.46874e-17
-7.30951e-17
-1.03808e-16
-1.38602e-16
1.26449e-16
1.27902e-16
1.22996e-16
8.39897e-17
1.87269e-17
-1.92482e-19
-6.20386e-19
-1.31466e-18
-1.05112e-18
-1.8498e-19
-1.81454e-18
-1.68933e-18
-1.54445e-18
-1.06358e-18
-5.31276e-19
-1.61057e-18
-1.60108e-18
-1.41949e-18
-1.10098e-18
-7.37137e-19
-1.59894e-18
-2.18163e-18
-2.98499e-18
-1.92862e-18
-1.15673e-18
-1.26193e-18
-1.08783e-18
-1.74251e-19
2.59725e-19
-8.82376e-20
-1.87577e-19
3.33479e-19
1.90417e-18
2.1961e-18
8.5461e-19
5.27799e-19
9.60037e-19
1.99095e-18
2.88541e-18
1.45315e-18
5.12386e-19
8.69722e-19
1.45749e-18
1.89404e-18
1.76022e-18
1.41715e-18
1.56828e-18
1.7874e-18
2.06087e-18
2.45715e-18
-1.04236e-18
-6.00056e-19
2.19079e-19
9.40855e-19
1.83728e-18
5.24081e-18
5.0543e-18
3.74127e-18
4.17527e-18
3.23643e-18
5.29403e-18
5.60644e-18
5.73273e-18
7.18832e-18
4.95031e-18
5.4232e-18
5.78825e-18
5.99623e-18
6.17632e-18
5.12828e-18
4.11015e-18
4.48326e-18
4.45276e-18
4.5392e-18
4.11053e-18
4.53008e-18
5.41072e-18
7.22889e-18
6.14722e-18
5.04616e-18
6.4219e-18
6.38514e-18
6.14295e-18
3.73866e-18
3.86406e-18
3.45498e-18
2.95378e-18
7.13021e-19
1.91284e-18
2.87346e-18
4.32179e-18
3.92434e-18
2.85992e-18
2.83322e-18
2.98679e-18
-9.77297e-19
-6.25481e-19
8.72234e-20
8.3429e-19
1.79112e-18
8.35902e-18
9.1757e-18
6.72733e-18
6.25371e-18
3.90798e-18
5.8752e-18
5.6574e-18
2.78736e-18
4.52103e-18
4.76596e-18
4.9102e-18
4.45907e-18
3.47776e-18
4.36192e-18
4.83934e-18
2.18649e-18
4.41431e-18
5.6579e-18
2.52879e-18
3.35867e-18
3.91351e-18
3.40406e-18
3.28427e-18
2.6411e-18
2.91964e-18
7.12063e-18
6.76494e-18
7.94142e-18
5.63464e-18
4.35851e-18
7.16539e-18
6.73996e-18
6.55782e-18
5.69518e-18
4.87079e-18
4.62403e-18
4.02839e-18
3.03007e-18
1.63441e-18
1.96833e-18
1.82111e-18
1.11088e-18
-1.40075e-19
-1.80731e-18
-1.35011e-18
6.65799e-19
3.82211e-19
3.00505e-20
-2.23301e-19
1.64317e-20
2.41461e-19
1.78757e-19
1.58425e-19
2.4246e-19
5.25899e-19
4.02139e-18
3.80214e-18
4.26347e-18
2.06036e-18
3.54894e-19
2.32909e-17
2.29244e-17
1.70323e-17
1.16189e-17
7.94444e-18
2.24008e-17
1.60104e-17
5.93437e-18
7.87693e-18
8.35646e-18
1.21915e-17
1.15921e-17
1.06803e-17
1.18543e-17
1.4091e-17
2.24804e-17
2.28617e-17
2.51048e-17
1.5682e-17
7.09782e-18
3.37029e-17
2.11079e-17
8.44477e-18
6.56766e-18
2.71331e-18
-4.6861e-17
-3.7873e-17
-2.36966e-17
-1.55003e-17
-2.54491e-18
-4.15764e-17
-3.53174e-17
-2.40142e-17
-2.45864e-17
-2.35561e-17
1.54261e-16
1.26502e-16
9.61965e-17
5.99988e-17
4.12051e-17
1.05742e-16
9.25344e-17
7.58412e-17
5.78296e-17
4.1607e-17
7.20984e-17
6.79281e-17
6.07482e-17
5.19833e-17
4.29782e-17
4.78428e-17
4.72575e-17
4.42803e-17
3.95248e-17
3.35694e-17
4.1488e-17
4.139e-17
3.99649e-17
3.73054e-17
3.34102e-17
-7.3558e-18
-1.02971e-18
-1.985e-18
-7.36674e-18
5.13976e-18
-4.47455e-17
-3.18448e-17
-2.47097e-17
-2.12292e-17
-1.93291e-17
-3.85703e-17
-3.47955e-17
-3.0942e-17
-2.6649e-17
-2.22309e-17
-2.33339e-17
-9.77004e-18
4.18352e-18
-5.21142e-18
-1.22714e-17
1.25228e-17
1.13018e-17
7.88031e-18
1.51401e-18
-5.91729e-18
-1.40758e-16
-1.20675e-16
-8.31277e-17
-6.06603e-17
-4.88058e-17
-1.70328e-17
-3.14131e-17
-3.33649e-17
-3.01799e-17
-2.49901e-17
-4.61725e-20
7.87815e-20
2.25015e-19
1.01502e-19
2.43551e-20
3.37652e-20
1.33676e-19
1.03842e-19
-2.37972e-19
1.84443e-18
6.99065e-19
-1.34236e-19
-3.0929e-19
1.16296e-18
-6.77531e-19
-8.03515e-20
4.32841e-19
1.383e-18
3.83737e-19
-1.39258e-20
4.63682e-20
5.77061e-19
5.17668e-19
-1.59128e-18
2.97974e-18
1.94364e-18
-6.8343e-19
-1.54269e-18
-1.90257e-18
-1.70922e-17
-3.74098e-19
-3.62792e-20
1.89636e-19
-3.915e-19
-6.95343e-19
-3.90582e-19
1.43617e-18
1.92458e-18
-9.56457e-19
6.54029e-19
-1.04416e-18
-2.12792e-18
-3.578e-18
-7.68598e-18
1.18021e-17
-7.47874e-19
-6.6233e-19
-1.2341e-18
-2.6742e-18
-2.86728e-18
-2.88296e-18
-1.58056e-18
-1.66567e-18
-2.11782e-18
-1.95275e-18
-5.79242e-18
-4.2811e-18
-6.47149e-18
-2.19589e-17
5.40924e-18
-6.34836e-19
-1.67852e-18
-4.81413e-18
-1.23892e-17
-7.91641e-18
-8.85146e-18
-5.80671e-18
-7.6944e-18
-4.40032e-18
-4.30834e-18
-8.16915e-18
-6.43239e-18
-9.03962e-18
-2.89876e-17
2.98152e-17
-4.79845e-19
-2.747e-18
-8.99406e-18
-1.0156e-17
-9.54376e-18
-1.20443e-17
-8.12737e-18
-7.63299e-18
-5.82308e-18
-6.54826e-18
-1.30234e-17
-8.59633e-18
-1.03344e-17
-2.04586e-17
6.683e-17
1.6767e-20
-1.77618e-18
-3.6958e-18
5.43507e-19
-6.4544e-18
-9.55677e-18
-8.33645e-18
-7.59751e-18
-6.68029e-18
-7.77128e-18
-1.40872e-17
-9.84378e-18
-1.09639e-17
-1.47676e-17
5.98514e-17
2.22992e-18
5.37102e-18
6.66853e-18
3.13251e-19
-1.17585e-17
-9.90181e-18
-8.43807e-18
-7.51946e-18
-6.98555e-18
-7.22806e-18
-5.96844e-18
-9.4904e-18
-1.13532e-17
-1.23874e-17
5.07977e-17
3.82433e-18
7.64082e-18
6.18786e-18
1.3846e-18
-6.33066e-18
-8.17994e-18
-7.89657e-18
-7.43793e-18
-7.12331e-18
-6.69009e-18
-6.43015e-18
-9.30927e-18
-1.22032e-17
-1.61797e-17
4.53772e-17
3.07068e-18
4.80781e-18
4.54911e-18
1.85414e-18
-2.88564e-18
-5.95744e-18
-7.39056e-18
-7.70655e-18
-8.03981e-18
-4.69766e-18
-5.81222e-18
-8.82242e-18
-1.39615e-17
-4.17541e-17
3.92364e-17
3.211e-18
3.82206e-18
3.73628e-18
1.87916e-18
-4.31481e-18
-2.04276e-17
-1.16178e-17
-1.02157e-17
-1.56802e-17
6.2954e-18
-2.74029e-18
-6.89798e-18
-1.17645e-17
-6.43132e-17
2.88489e-17
3.75535e-18
3.05024e-18
1.24059e-18
-4.314e-18
-6.09354e-18
-1.30602e-17
-1.10189e-17
-9.63673e-18
-8.80723e-18
1.2141e-17
1.16308e-18
-1.69028e-18
1.26554e-17
-7.8075e-17
2.02203e-17
4.33828e-18
4.01729e-18
3.87161e-18
-5.41346e-18
-6.60625e-18
-9.51774e-18
-9.33849e-18
-8.03181e-18
-5.02731e-18
6.94391e-18
3.47051e-18
4.3882e-18
3.18907e-17
-6.04723e-17
-1.68914e-17
3.60299e-18
2.96656e-18
1.36742e-18
-3.26641e-18
-5.33867e-18
-6.80827e-18
-7.29882e-18
-6.0781e-18
-2.92971e-18
4.51713e-18
5.46933e-18
8.4854e-18
2.57802e-17
-4.51541e-17
4.36727e-17
4.5863e-18
5.02212e-18
6.76394e-18
5.09007e-18
-2.73744e-18
-1.34326e-17
3.04219e-18
-1.87317e-18
-8.54979e-19
4.41388e-18
1.0112e-17
1.42428e-17
4.38626e-17
-5.80279e-17
-2.2219e-17
3.83966e-18
3.39632e-18
1.59937e-18
1.6535e-18
-1.94251e-18
-6.56749e-18
-7.51221e-19
-8.25644e-19
4.8032e-19
6.28135e-18
3.06307e-17
2.0277e-17
3.48778e-17
-1.07229e-17
-2.06742e-17
3.43799e-18
4.15287e-18
5.59916e-18
3.65193e-18
2.51669e-18
7.38917e-18
2.38386e-18
1.97657e-19
-1.12302e-18
-2.86688e-18
1.90422e-17
2.01562e-17
2.59416e-17
-3.62945e-17
-2.14223e-17
3.30238e-18
3.88132e-18
4.53596e-18
3.92967e-18
3.57031e-18
4.8995e-18
2.49379e-18
-9.65281e-19
-9.40545e-18
-2.28417e-18
1.20427e-17
1.7767e-17
2.06075e-17
-2.49917e-17
-2.06529e-17
2.68602e-18
3.62357e-18
4.44885e-18
4.73021e-18
4.45559e-18
4.28314e-18
2.36034e-18
4.27194e-20
-4.06103e-18
-6.94296e-19
8.35814e-18
1.56092e-17
2.01828e-17
-1.63135e-17
-1.86865e-17
2.66576e-18
2.28843e-18
1.43324e-18
-1.00683e-18
-1.11066e-18
-6.44563e-18
-6.42722e-18
4.35659e-18
3.41847e-19
8.1056e-19
6.63602e-18
1.64963e-17
4.91462e-17
3.00423e-17
-1.29943e-17
6.08093e-18
4.99551e-18
5.40465e-18
2.20115e-18
1.73563e-18
4.27916e-18
-5.89383e-20
2.14629e-18
-2.59574e-20
1.33371e-19
4.46303e-18
1.51984e-17
4.30431e-17
6.80042e-17
-7.51671e-18
5.76106e-18
6.81781e-18
9.26238e-18
5.89992e-18
3.91419e-18
3.69295e-18
1.59024e-18
-2.12157e-19
-7.59204e-18
-6.1839e-18
-2.43139e-18
1.09803e-17
3.71289e-17
6.23322e-17
-3.24125e-17
4.19445e-18
4.33904e-18
2.90309e-18
4.09686e-18
5.80433e-18
1.0226e-17
5.35385e-18
8.37929e-19
-7.35672e-18
-2.3797e-17
-2.91589e-17
-2.24352e-19
2.72423e-17
1.63918e-17
-3.15534e-17
3.51197e-18
4.37449e-18
5.88632e-18
1.03905e-17
9.01126e-18
9.10256e-18
6.69862e-18
3.02791e-18
-3.17502e-18
-1.53158e-17
-2.18505e-17
-5.07037e-18
1.89791e-17
1.24923e-17
-6.09026e-17
4.14643e-18
4.72799e-18
5.966e-18
8.18847e-18
9.9541e-18
1.44268e-17
1.03237e-17
7.30305e-18
7.27703e-18
-8.15767e-18
-1.63528e-17
-4.23425e-18
4.55404e-17
1.45077e-17
-5.71985e-17
4.55413e-18
4.87972e-18
5.6607e-18
7.05873e-18
8.70729e-18
1.06655e-17
1.0263e-17
8.71147e-18
3.60111e-18
-2.15347e-17
-1.9358e-17
-6.01455e-18
3.42791e-17
1.67382e-17
-5.29e-17
4.1184e-18
5.41667e-18
7.40738e-18
1.13194e-17
1.11026e-17
1.13723e-17
1.2328e-17
1.60031e-17
6.99047e-18
-1.1769e-17
-1.93616e-17
-9.27466e-18
1.78984e-17
-1.41814e-18
-5.0021e-17
5.50273e-19
2.63572e-18
4.95978e-18
7.63283e-18
9.40025e-18
1.08779e-17
1.23818e-17
1.36774e-17
7.69935e-18
-8.45577e-18
-1.80585e-17
-4.53287e-18
6.09275e-17
5.38372e-17
-4.70275e-17
7.86841e-19
2.05576e-18
3.81702e-18
6.00515e-18
8.32832e-18
1.06625e-17
1.27096e-17
1.32722e-17
7.56918e-18
-6.97702e-18
-1.70093e-17
-8.35673e-18
4.36433e-18
3.36923e-17
-1.09128e-16
1.12071e-18
2.19176e-18
3.80344e-18
6.07076e-18
8.95591e-18
1.213e-17
1.49952e-17
1.62241e-17
1.1396e-17
-3.0637e-18
-1.22125e-17
-1.08862e-18
4.90822e-17
3.05571e-17
-1.02692e-16
4.03532e-18
1.08667e-17
6.40611e-18
-2.03504e-18
4.41161e-18
1.0309e-17
9.0914e-18
-1.17373e-17
-3.89179e-17
-1.80286e-17
-1.24248e-17
-2.61497e-18
-3.36396e-18
1.6399e-17
-1.67909e-16
6.93016e-18
7.03971e-18
3.92725e-18
-9.73277e-19
-4.0552e-18
-1.51852e-17
-8.18082e-18
-1.7135e-17
-3.06616e-17
-2.10109e-17
-1.22589e-17
-3.05813e-18
-1.49737e-18
1.82657e-18
-2.3175e-16
9.52284e-18
1.29653e-17
2.10223e-17
8.2183e-18
-1.82405e-18
-1.13005e-17
-1.47059e-17
-2.16561e-17
-3.01351e-17
-2.89053e-17
-1.76313e-17
-6.64779e-18
-4.01137e-18
-1.66652e-17
-2.92366e-16
1.82862e-17
2.56398e-17
3.56605e-17
2.01828e-17
3.88017e-18
-8.64397e-18
-1.62116e-17
-2.03802e-17
-1.54401e-17
2.69913e-17
3.14435e-18
-3.45165e-18
-1.01179e-17
-3.4272e-17
-2.72063e-16
-1.88776e-18
-4.92207e-18
1.13542e-17
2.18048e-17
3.21212e-17
1.14931e-17
-3.86147e-18
-1.1343e-17
-8.77853e-18
-4.22455e-18
-5.0171e-17
-1.68135e-17
-8.70466e-18
-4.72268e-17
-2.49443e-16
-2.04906e-18
-6.84138e-18
-1.04674e-17
-2.01263e-17
-1.05899e-17
-2.38366e-17
-1.74469e-17
-2.20189e-17
-4.52482e-17
3.26317e-17
-9.6433e-18
-9.45264e-18
-5.3902e-17
-5.18733e-17
-2.19024e-16
9.57423e-18
2.49112e-17
2.09667e-17
1.94169e-17
-1.34712e-17
-2.02315e-17
-2.48605e-17
-2.98296e-17
-4.41246e-17
-6.16061e-17
-8.87818e-17
-9.4627e-17
-7.30207e-17
-8.78819e-17
-1.11187e-16
-2.46792e-17
-3.30541e-17
-5.72393e-17
-8.20154e-17
-7.04892e-17
-3.42692e-17
1.07401e-17
-1.59079e-17
-3.74131e-17
-5.67748e-17
-7.00948e-17
-3.50845e-17
-5.84454e-17
-9.89561e-20
-7.06595e-17
1.39202e-17
-8.0647e-18
-2.64652e-17
-3.34239e-17
-1.14983e-17
4.87321e-18
1.73106e-18
-1.38327e-17
-3.22194e-17
-4.91599e-17
-5.73763e-17
-3.76021e-17
-3.19179e-17
1.34361e-16
5.76204e-17
2.81681e-17
1.76281e-17
1.17709e-17
1.79214e-17
7.72157e-18
5.44123e-18
3.47631e-18
-9.34278e-18
-2.69109e-17
-4.23876e-17
-4.88325e-17
-3.38719e-17
2.15151e-17
1.39822e-16
9.48523e-17
3.64397e-17
3.20361e-17
2.86056e-17
2.70715e-17
2.28569e-17
1.96011e-17
-3.49853e-17
-1.83498e-17
-1.51684e-17
-2.47318e-17
-2.43306e-17
1.77186e-17
-7.34978e-17
1.19975e-16
1.18671e-16
2.81617e-17
2.18275e-17
1.0858e-17
-8.39061e-18
-3.92441e-19
-2.15162e-18
-2.15792e-17
-3.54423e-17
-7.26846e-17
-3.86287e-17
-1.80976e-17
1.0815e-17
-1.17886e-17
8.38508e-17
1.26591e-16
3.07143e-17
2.93822e-17
2.90365e-17
3.41222e-17
1.51346e-17
1.03509e-19
-1.5032e-17
-2.59569e-17
-3.2633e-17
-1.49316e-17
-4.67372e-18
7.25024e-19
-6.4384e-17
1.7822e-16
1.29501e-16
1.45514e-17
2.23366e-17
2.77157e-17
3.11476e-17
3.04045e-17
2.50241e-17
1.00474e-17
-2.21573e-17
-9.29792e-17
-1.03421e-16
-4.0936e-17
-3.6469e-17
-1.45709e-16
1.49977e-16
2.0959e-16
-2.16591e-17
-3.05207e-17
-1.85205e-17
-1.49479e-17
-5.94906e-17
-1.06637e-16
-1.31921e-16
-1.38899e-16
-1.00347e-16
-3.44385e-17
-4.13881e-17
-6.43951e-17
-1.59196e-16
-1.29633e-16
2.63859e-16
-1.85262e-17
-1.35737e-17
-2.44537e-18
-2.17406e-17
-5.17576e-17
-8.4537e-17
-1.05873e-16
-1.02461e-16
-5.51995e-17
-9.90904e-17
-6.71855e-17
-7.22258e-17
-6.73438e-17
-2.17301e-16
2.02187e-16
-1.82357e-17
-2.59525e-17
-3.80467e-17
-6.22787e-17
-6.74445e-17
-7.90243e-17
-8.91314e-17
-8.78444e-17
-7.24058e-17
-8.04837e-17
-6.45495e-17
-4.21413e-17
5.51889e-17
-1.45686e-16
1.51603e-16
-1.47446e-17
-2.74048e-17
-4.57151e-17
-7.28459e-17
-7.05869e-17
-7.20369e-17
-7.45763e-17
-7.29035e-17
-6.55773e-17
-6.21085e-17
-5.00401e-17
-3.42188e-17
6.90669e-18
-1.17968e-16
1.07746e-16
-4.60752e-17
-5.0842e-17
-6.03282e-17
-7.26557e-17
-7.96233e-17
-7.8489e-17
-6.87819e-17
-6.21752e-17
-5.61951e-17
-5.19108e-17
-4.08538e-17
1.52311e-17
3.86711e-17
-5.76095e-17
6.88818e-17
-1.97788e-17
-1.27478e-17
9.55653e-19
2.86289e-17
4.85981e-17
2.5277e-17
-6.02164e-17
-4.52583e-17
-2.88425e-17
-2.98411e-18
6.77304e-17
-9.95636e-17
-1.2247e-16
-1.63711e-16
1.40661e-16
)
;
    }
}


// ************************************************************************* //
