/*--------------------------------*- C++ -*----------------------------------*\
| =========                 |                                                 |
| \\      /  F ield         | OpenFOAM: The Open Source CFD Toolbox           |
|  \\    /   O peration     | Version:  2.4.x                                 |
|   \\  /    A nd           | Web:      www.OpenFOAM.org                      |
|    \\/     M anipulation  |                                                 |
\*---------------------------------------------------------------------------*/
FoamFile
{
    version     2.0;
    format      ascii;
    class       volScalarField;
    location    "0.03";
    object      p;
}
// * * * * * * * * * * * * * * * * * * * * * * * * * * * * * * * * * * * * * //

dimensions      [1 -1 -2 0 0 0 0];

internalField   nonuniform List<scalar> 
1250
(
100123
100027
100016
100012
100010
100009
100009
100008
100008
100008
100007
100008
100007
100008
100007
100008
100008
100008
100009
100010
100010
100010
100009
100008
100008
100008
100007
100006
100006
100007
100006
100006
100006
100006
100005
100005
100005
100005
100004
100004
100004
100003
100003
100003
100002
100002
100001
100001
100001
100000
100120
100029
100015
100011
100009
100008
100007
100008
100007
100007
100007
100007
100007
100007
100007
100007
100008
100008
100009
100009
100010
100009
100009
100008
100008
100007
100007
100006
100006
100007
100006
100006
100006
100006
100005
100005
100005
100005
100004
100004
100004
100003
100003
100003
100002
100002
100001
100001
100001
100000
100132
100031
100015
100011
100009
100008
100008
100008
100008
100007
100007
100007
100007
100007
100007
100007
100008
100008
100009
100009
100010
100009
100009
100008
100008
100007
100007
100006
100006
100007
100006
100006
100006
100006
100005
100005
100005
100005
100004
100004
100004
100003
100003
100003
100002
100002
100001
100001
100001
100000
100168
100032
100013
100010
100009
100008
100008
100008
100008
100007
100007
100007
100007
100007
100007
100007
100008
100008
100009
100009
100010
100009
100009
100008
100008
100007
100007
100007
100006
100007
100006
100006
100006
100006
100005
100005
100005
100005
100004
100004
100004
100003
100003
100003
100002
100002
100001
100001
100001
100000
100190
100025
100010
100010
100009
100008
100008
100008
100008
100007
100007
100007
100007
100007
100007
100007
100008
100008
100009
100009
100009
100009
100008
100008
100008
100008
100007
100007
100007
100007
100006
100006
100006
100006
100005
100005
100005
100005
100004
100004
100004
100003
100003
100003
100002
100002
100001
100001
100001
100000
99988.2
100004
100007
100008
100008
100008
100008
100008
100007
100007
100007
100007
100007
100007
100007
100007
100008
100008
100008
100009
100009
100009
100008
100008
100008
100008
100007
100007
100007
100007
100006
100006
100006
100006
100005
100005
100005
100005
100004
100004
100004
100003
100003
100003
100002
100002
100001
100001
100001
100000
99990.4
100005
100007
100008
100008
100008
100008
100008
100007
100007
100007
100007
100007
100007
100007
100007
100007
100008
100008
100009
100009
100008
100008
100008
100008
100008
100007
100007
100007
100007
100006
100006
100006
100006
100005
100005
100005
100005
100004
100004
100004
100003
100003
100003
100002
100002
100001
100001
100001
100000
99999
100005
100006
100007
100007
100008
100008
100008
100007
100007
100007
100007
100007
100007
100007
100007
100007
100008
100008
100009
100009
100008
100008
100008
100008
100008
100007
100007
100007
100007
100006
100006
100006
100006
100005
100005
100005
100005
100004
100004
100004
100003
100003
100003
100002
100002
100001
100001
100001
100000
100002
100006
100007
100007
100007
100008
100008
100007
100007
100007
100007
100007
100007
100007
100007
100007
100007
100007
100008
100008
100008
100008
100008
100008
100008
100008
100007
100008
100007
100007
100006
100006
100006
100006
100005
100005
100005
100005
100004
100004
100004
100003
100003
100003
100002
100002
100001
100001
100001
100000
100004
100006
100007
100007
100007
100008
100008
100007
100007
100007
100007
100007
100007
100007
100007
100007
100007
100007
100008
100008
100008
100008
100008
100008
100008
100008
100008
100008
100007
100007
100006
100006
100006
100006
100005
100005
100005
100005
100004
100004
100004
100003
100003
100003
100002
100002
100001
100001
100001
100000
100009
100007
100007
100008
100008
100008
100008
100007
100007
100007
100007
100007
100007
100007
100007
100007
100007
100007
100007
100008
100008
100008
100008
100008
100008
100008
100008
100008
100007
100007
100006
100006
100006
100006
100005
100005
100005
100005
100004
100004
100004
100003
100003
100003
100002
100002
100001
100001
100001
100000
100010
100008
100008
100008
100008
100008
100008
100007
100007
100007
100007
100007
100007
100007
100007
100007
100007
100007
100007
100007
100008
100008
100008
100008
100008
100008
100008
100007
100007
100007
100006
100006
100006
100006
100005
100005
100005
100005
100004
100004
100004
100003
100003
100003
100002
100002
100001
100001
100001
100000
100009
100008
100008
100008
100008
100008
100008
100008
100007
100007
100007
100007
100007
100007
100007
100007
100007
100007
100007
100007
100007
100007
100007
100007
100007
100008
100008
100007
100007
100007
100006
100006
100006
100006
100005
100005
100005
100005
100004
100004
100004
100003
100003
100003
100002
100002
100001
100001
100001
100000
100008
100008
100008
100008
100008
100008
100008
100008
100007
100007
100007
100007
100007
100007
100007
100007
100007
100007
100007
100007
100007
100007
100007
100007
100007
100008
100008
100007
100007
100007
100006
100006
100006
100006
100005
100005
100005
100005
100004
100004
100004
100003
100003
100003
100002
100002
100001
100001
100001
100000
100008
100008
100008
100008
100008
100008
100008
100007
100007
100007
100007
100007
100007
100007
100007
100007
100007
100007
100007
100007
100007
100007
100007
100007
100008
100008
100008
100007
100007
100007
100006
100006
100006
100006
100005
100005
100005
100005
100004
100004
100004
100003
100003
100003
100002
100002
100001
100001
100001
100000
100008
100008
100008
100008
100008
100008
100007
100007
100007
100007
100007
100007
100007
100007
100007
100007
100007
100007
100007
100007
100007
100007
100007
100007
100008
100008
100007
100007
100007
100007
100006
100006
100006
100006
100005
100005
100005
100005
100004
100004
100004
100003
100003
100003
100002
100002
100001
100001
100001
100000
100008
100008
100008
100008
100008
100008
100007
100007
100007
100007
100007
100007
100007
100007
100007
100007
100007
100007
100007
100007
100007
100007
100007
100007
100007
100007
100007
100007
100007
100007
100006
100006
100006
100006
100005
100005
100005
100005
100004
100004
100004
100003
100003
100003
100002
100002
100001
100001
100001
100000
100008
100008
100008
100008
100008
100007
100007
100007
100007
100007
100007
100007
100007
100007
100007
100007
100007
100007
100007
100007
100007
100007
100007
100007
100007
100007
100007
100007
100007
100007
100006
100006
100006
100006
100005
100005
100005
100004
100004
100004
100004
100003
100003
100003
100002
100002
100001
100001
100001
100000
100008
100008
100008
100008
100007
100007
100007
100007
100007
100007
100007
100007
100007
100007
100007
100007
100007
100007
100007
100007
100007
100007
100007
100007
100007
100007
100007
100007
100007
100006
100006
100006
100006
100006
100005
100005
100005
100004
100004
100004
100004
100003
100003
100003
100002
100002
100001
100001
100001
100000
100008
100007
100007
100007
100007
100007
100007
100007
100007
100007
100007
100007
100007
100007
100007
100007
100007
100007
100007
100007
100007
100007
100007
100007
100007
100007
100007
100007
100007
100006
100006
100006
100006
100006
100005
100005
100005
100004
100004
100004
100004
100003
100003
100003
100002
100002
100001
100001
100001
100000
100007
100007
100007
100007
100007
100007
100007
100007
100007
100007
100007
100007
100007
100007
100007
100007
100007
100007
100007
100007
100007
100006
100007
100007
100007
100007
100007
100007
100007
100006
100006
100006
100006
100005
100005
100005
100005
100004
100004
100004
100004
100003
100003
100003
100002
100002
100001
100001
100001
100000
100007
100007
100007
100007
100007
100007
100007
100007
100007
100007
100007
100007
100007
100007
100007
100007
100007
100007
100007
100007
100007
100007
100007
100007
100007
100007
100007
100007
100006
100006
100006
100006
100006
100005
100005
100005
100005
100004
100004
100004
100004
100003
100003
100003
100002
100002
100001
100001
100001
100000
100007
100007
100007
100007
100007
100007
100007
100007
100007
100007
100007
100007
100007
100007
100007
100007
100007
100007
100007
100007
100007
100007
100007
100007
100007
100007
100007
100007
100006
100006
100006
100006
100006
100005
100005
100005
100005
100004
100004
100004
100004
100003
100003
100003
100002
100002
100001
100001
100001
100000
100007
100007
100007
100007
100007
100007
100007
100007
100007
100007
100007
100007
100007
100007
100007
100007
100007
100007
100007
100007
100007
100007
100007
100007
100007
100007
100007
100006
100006
100006
100006
100006
100006
100005
100005
100005
100005
100004
100004
100004
100004
100003
100003
100003
100002
100002
100001
100001
100001
100000
100007
100007
100007
100007
100007
100007
100007
100007
100007
100007
100007
100007
100007
100007
100007
100007
100007
100007
100007
100007
100007
100007
100007
100007
100007
100007
100007
100006
100006
100006
100006
100006
100006
100005
100005
100005
100005
100004
100004
100004
100004
100003
100003
100003
100002
100002
100001
100001
100001
100000
)
;

boundaryField
{
    AXIS
    {
        type            empty;
    }
    OUTLET
    {
        type            fixedValue;
        value           uniform 100000;
    }
    COFLOW
    {
        type            zeroGradient;
    }
    PILOT
    {
        type            zeroGradient;
    }
    FUEL
    {
        type            zeroGradient;
    }
    WALL
    {
        type            zeroGradient;
    }
    front
    {
        type            wedge;
    }
    back
    {
        type            wedge;
    }
}


// ************************************************************************* //
