/*--------------------------------*- C++ -*----------------------------------*\
| =========                 |                                                 |
| \\      /  F ield         | OpenFOAM: The Open Source CFD Toolbox           |
|  \\    /   O peration     | Version:  2.4.x                                 |
|   \\  /    A nd           | Web:      www.OpenFOAM.org                      |
|    \\/     M anipulation  |                                                 |
\*---------------------------------------------------------------------------*/
FoamFile
{
    version     2.0;
    format      ascii;
    class       surfaceScalarField;
    location    "0.03";
    object      phi;
}
// * * * * * * * * * * * * * * * * * * * * * * * * * * * * * * * * * * * * * //

dimensions      [1 0 -1 0 0 0 0];

internalField   nonuniform List<scalar> 
2425
(
1.06663e-06
-1.5532e-08
1.03644e-06
3.04203e-08
9.7786e-07
5.87721e-08
9.11102e-07
6.69203e-08
8.45069e-07
6.61622e-08
7.82772e-07
6.24051e-08
7.28738e-07
5.41341e-08
6.79074e-07
4.97694e-08
6.32988e-07
4.61861e-08
5.88536e-07
4.45467e-08
5.48083e-07
4.05351e-08
5.12515e-07
3.56302e-08
4.79041e-07
3.35227e-08
4.48918e-07
3.01405e-08
4.20251e-07
2.86674e-08
3.93404e-07
2.67735e-08
3.66692e-07
2.67266e-08
3.39202e-07
2.78262e-08
3.06693e-07
3.18717e-08
2.67304e-07
3.68367e-08
2.23339e-07
4.17843e-08
1.86252e-07
3.68384e-08
1.63289e-07
3.04439e-08
1.49151e-07
2.28079e-08
1.44898e-07
1.99279e-08
1.51585e-07
1.70215e-08
1.69309e-07
1.55453e-08
1.87647e-07
1.17898e-08
1.95475e-07
1.03336e-08
1.93577e-07
8.4e-09
1.89723e-07
6.00122e-09
1.86015e-07
4.57401e-09
1.83155e-07
3.37022e-09
1.81057e-07
2.50734e-09
1.79598e-07
1.83793e-09
1.78619e-07
1.34328e-09
1.77977e-07
9.93864e-10
1.77566e-07
7.50482e-10
1.77311e-07
5.80967e-10
1.77158e-07
4.63329e-10
1.77059e-07
3.90778e-10
1.76983e-07
3.48609e-10
1.76917e-07
3.14751e-10
1.76861e-07
2.8126e-10
1.76805e-07
2.53956e-10
1.76736e-07
2.3725e-10
1.76654e-07
2.16826e-10
1.7659e-07
1.65102e-10
1.76573e-07
7.94341e-11
1.70156e-11
3.21299e-06
-7.53175e-08
3.07572e-06
1.68372e-07
2.87887e-06
2.56196e-07
2.67403e-06
2.72242e-07
2.47615e-06
2.64423e-07
2.29727e-06
2.41611e-07
2.13828e-06
2.13427e-07
1.99153e-06
1.96839e-07
1.8504e-06
1.87613e-07
1.72232e-06
1.72912e-07
1.60709e-06
1.5601e-07
1.50303e-06
1.39886e-07
1.40819e-06
1.28519e-07
1.32085e-06
1.17551e-07
1.23909e-06
1.10451e-07
1.16e-06
1.05676e-07
1.08361e-06
1.03217e-07
1.00414e-06
1.08194e-07
9.10266e-07
1.23926e-07
7.95401e-07
1.44165e-07
6.68136e-07
1.62429e-07
5.60761e-07
1.43397e-07
4.94311e-07
1.19439e-07
4.52148e-07
9.10258e-08
4.39937e-07
7.96839e-08
4.59614e-07
6.85382e-08
5.12669e-07
6.22372e-08
5.66812e-07
4.78224e-08
5.89485e-07
4.19218e-08
5.8363e-07
3.36659e-08
5.7189e-07
2.41562e-08
5.60786e-07
1.82716e-08
5.52215e-07
1.34688e-08
5.45962e-07
9.9896e-09
5.41629e-07
7.30769e-09
5.38741e-07
5.32317e-09
5.36871e-07
3.92009e-09
5.35697e-07
2.94359e-09
5.34991e-07
2.26385e-09
5.3459e-07
1.79465e-09
5.34354e-07
1.50259e-09
5.34189e-07
1.33e-09
5.34054e-07
1.19822e-09
5.33941e-07
1.06943e-09
5.3382e-07
9.67919e-10
5.33651e-07
9.11169e-10
5.33438e-07
8.36152e-10
5.33264e-07
6.40064e-10
5.33211e-07
3.19532e-10
7.52226e-11
5.26087e-06
-8.019e-08
4.92009e-06
5.10223e-07
4.54735e-06
6.29865e-07
4.20418e-06
6.16176e-07
3.89826e-06
5.70967e-07
3.62382e-06
5.16601e-07
3.36221e-06
4.75498e-07
3.1205e-06
4.39036e-07
2.90491e-06
4.03698e-07
2.7116e-06
3.66675e-07
2.53816e-06
3.29864e-07
2.38153e-06
2.96837e-07
2.23882e-06
2.71483e-07
2.10686e-06
2.4968e-07
1.98201e-06
2.35446e-07
1.86075e-06
2.26721e-07
1.7423e-06
2.22062e-07
1.61896e-06
2.32821e-07
1.47112e-06
2.68973e-07
1.29175e-06
3.11605e-07
1.09363e-06
3.50328e-07
9.27118e-07
3.12059e-07
8.23387e-07
2.61118e-07
7.56007e-07
2.02368e-07
7.37875e-07
1.79235e-07
7.71047e-07
1.54374e-07
8.58344e-07
1.40925e-07
9.48759e-07
1.06756e-07
9.84889e-07
9.5177e-08
9.74665e-07
7.57928e-08
9.55103e-07
5.42862e-08
9.36715e-07
4.09498e-08
9.22533e-07
3.01878e-08
9.12207e-07
2.23643e-08
9.0506e-07
1.63481e-08
9.00309e-07
1.18937e-08
8.97249e-07
8.74123e-09
8.95344e-07
6.54636e-09
8.94217e-07
5.0192e-09
8.93596e-07
3.9653e-09
8.93253e-07
3.30631e-09
8.93025e-07
2.91796e-09
8.92847e-07
2.62492e-09
8.92702e-07
2.33932e-09
8.92543e-07
2.11611e-09
8.92295e-07
1.99903e-09
8.91971e-07
1.83766e-09
8.91714e-07
1.39854e-09
8.91641e-07
7.04562e-10
1.75672e-10
6.93816e-06
3.42644e-07
6.24179e-06
1.20792e-06
5.70983e-06
1.16297e-06
5.28502e-06
1.04201e-06
4.89242e-06
9.64365e-07
4.53211e-06
8.77624e-07
4.21675e-06
7.91503e-07
3.93909e-06
7.17371e-07
3.69044e-06
6.5302e-07
3.46687e-06
5.90878e-07
3.26588e-06
5.31431e-07
3.08256e-06
4.80583e-07
2.91311e-06
4.41328e-07
2.75502e-06
4.08126e-07
2.60458e-06
3.86235e-07
2.45649e-06
3.74754e-07
2.30932e-06
3.70235e-07
2.15199e-06
3.91779e-07
1.96193e-06
4.5614e-07
1.73499e-06
5.26204e-07
1.48432e-06
5.88858e-07
1.27443e-06
5.30583e-07
1.14158e-06
4.45581e-07
1.05488e-06
3.56088e-07
1.03433e-06
3.14555e-07
1.08287e-06
2.73191e-07
1.20299e-06
2.52493e-07
1.33225e-06
2.19359e-07
1.37937e-06
1.70506e-07
1.36487e-06
1.33876e-07
1.33775e-06
9.58989e-08
1.3124e-06
7.22352e-08
1.29285e-06
5.32735e-08
1.27862e-06
3.94525e-08
1.26878e-06
2.8842e-08
1.26224e-06
2.098e-08
1.25803e-06
1.54104e-08
1.25543e-06
1.15288e-08
1.2539e-06
8.82701e-09
1.25307e-06
6.96091e-09
1.25263e-06
5.79099e-09
1.25235e-06
5.10215e-09
1.25214e-06
4.58535e-09
1.25197e-06
4.08056e-09
1.25179e-06
3.68517e-09
1.25148e-06
3.48282e-09
1.25106e-06
3.20737e-09
1.25071e-06
2.44972e-09
1.25061e-06
1.2483e-09
3.1868e-10
7.10602e-06
2.70244e-06
6.30226e-06
2.01301e-06
5.89518e-06
1.57124e-06
5.50737e-06
1.43101e-06
5.17945e-06
1.29335e-06
4.88924e-06
1.16878e-06
4.6223e-06
1.05929e-06
4.37685e-06
9.63687e-07
4.14879e-06
8.8193e-07
3.93904e-06
8.01434e-07
3.74683e-06
7.24368e-07
3.56673e-06
6.61302e-07
3.3979e-06
6.10752e-07
3.23737e-06
5.69322e-07
3.07991e-06
5.44359e-07
2.92149e-06
5.3353e-07
2.76089e-06
5.32783e-07
2.58322e-06
5.71438e-07
2.36531e-06
6.71638e-07
2.10991e-06
7.74807e-07
1.83052e-06
8.58008e-07
1.59617e-06
7.90505e-07
1.44326e-06
6.6124e-07
1.34457e-06
5.44401e-07
1.3259e-06
4.8178e-07
1.39389e-06
4.27344e-07
1.5486e-06
3.942e-07
1.71524e-06
3.5785e-07
1.77255e-06
2.6576e-07
1.75394e-06
2.06609e-07
1.71967e-06
1.48284e-07
1.68783e-06
1.11562e-07
1.66328e-06
8.23353e-08
1.64543e-06
6.09759e-08
1.63307e-06
4.46021e-08
1.62487e-06
3.2458e-08
1.6196e-06
2.38453e-08
1.61635e-06
1.78349e-08
1.61447e-06
1.36479e-08
1.61346e-06
1.07516e-08
1.61295e-06
8.93006e-09
1.61265e-06
7.85795e-09
1.61242e-06
7.05651e-09
1.61226e-06
6.2709e-09
1.61207e-06
5.65031e-09
1.61173e-06
5.33435e-09
1.61124e-06
4.9211e-09
1.61081e-06
3.78343e-09
1.61067e-06
1.94991e-09
5.03739e-10
3.30883e-06
-2.02934e-09
4.34876e-06
9.74059e-07
4.70415e-06
1.217e-06
4.77471e-06
1.36184e-06
4.73983e-06
1.32952e-06
4.64688e-06
1.26289e-06
4.52089e-06
1.18632e-06
4.38182e-06
1.10379e-06
4.24168e-06
1.02308e-06
4.10452e-06
9.39595e-07
3.96863e-06
8.61168e-07
3.83097e-06
7.99775e-07
3.68949e-06
7.5302e-07
3.54412e-06
7.15716e-07
3.39735e-06
6.92262e-07
3.24596e-06
6.86023e-07
3.0874e-06
6.94534e-07
2.90394e-06
7.57337e-07
2.67882e-06
8.94752e-07
2.40939e-06
1.04495e-06
2.12166e-06
1.12348e-06
1.8875e-06
1.05288e-06
1.72407e-06
9.04109e-07
1.62188e-06
7.62013e-07
1.61051e-06
6.71841e-07
1.70308e-06
6.07605e-07
1.89445e-06
5.62406e-07
2.09694e-06
5.19067e-07
2.164e-06
3.77735e-07
2.14152e-06
2.92413e-07
2.1007e-06
2.10457e-07
2.06303e-06
1.58186e-07
2.03397e-06
1.16855e-07
2.01286e-06
8.65646e-08
1.99825e-06
6.33762e-08
1.98855e-06
4.61579e-08
1.98233e-06
3.39311e-08
1.97852e-06
2.5385e-08
1.97633e-06
1.94237e-08
1.9752e-06
1.52918e-08
1.97466e-06
1.2684e-08
1.97436e-06
1.11485e-08
1.97416e-06
1.00036e-08
1.97403e-06
8.8767e-09
1.97388e-06
7.9759e-09
1.97354e-06
7.51452e-09
1.97301e-06
6.94589e-09
1.97252e-06
5.37739e-09
1.97236e-06
2.79841e-09
7.29516e-10
1.51835e-06
-8.0634e-07
2.62039e-06
-1.26919e-07
3.3439e-06
4.94778e-07
3.77269e-06
9.34575e-07
4.00239e-06
1.10122e-06
4.10796e-06
1.15859e-06
4.14024e-06
1.15521e-06
4.1247e-06
1.12049e-06
4.08238e-06
1.06653e-06
4.02397e-06
9.99198e-07
3.95137e-06
9.34886e-07
3.86823e-06
8.83979e-07
3.77774e-06
8.44686e-07
3.67898e-06
8.15851e-07
3.56583e-06
8.07094e-07
3.43683e-06
8.17332e-07
3.29312e-06
8.42736e-07
3.11866e-06
9.34867e-07
2.90325e-06
1.11153e-06
2.63701e-06
1.31842e-06
2.36068e-06
1.39852e-06
2.14323e-06
1.31516e-06
1.98179e-06
1.15685e-06
1.88502e-06
1.00311e-06
1.88732e-06
8.84087e-07
2.01016e-06
8.14032e-07
2.24044e-06
7.52688e-07
2.47698e-06
6.99076e-07
2.55318e-06
5.07053e-07
2.52716e-06
3.89449e-07
2.48065e-06
2.81165e-07
2.43794e-06
2.11217e-07
2.40496e-06
1.56218e-07
2.38102e-06
1.1578e-07
2.36444e-06
8.48641e-08
2.35345e-06
6.18769e-08
2.34642e-06
4.5531e-08
2.34214e-06
3.40837e-08
2.33972e-06
2.60848e-08
2.33851e-06
2.05269e-08
2.33799e-06
1.70054e-08
2.33774e-06
1.49293e-08
2.33761e-06
1.33843e-08
2.33755e-06
1.18573e-08
2.33748e-06
1.06203e-08
2.3372e-06
9.97811e-09
2.33667e-06
9.24164e-09
2.33615e-06
7.20243e-09
2.33598e-06
3.77999e-09
9.95122e-10
9.39574e-07
-9.22005e-07
1.59573e-06
-7.818e-07
2.3047e-06
-2.12896e-07
2.85887e-06
3.81794e-07
3.23744e-06
7.23994e-07
3.47942e-06
9.17848e-07
3.63334e-06
1.00246e-06
3.72406e-06
1.031e-06
3.77417e-06
1.01774e-06
3.79516e-06
9.79598e-07
3.79023e-06
9.41246e-07
3.76672e-06
9.08969e-07
3.72884e-06
8.8436e-07
3.67544e-06
8.7137e-07
3.606e-06
8.7912e-07
3.51771e-06
9.09076e-07
3.40201e-06
9.66709e-07
3.24709e-06
1.09716e-06
3.05048e-06
1.31632e-06
2.8039e-06
1.56167e-06
2.55843e-06
1.66389e-06
2.36645e-06
1.57198e-06
2.2156e-06
1.40983e-06
2.13343e-06
1.2577e-06
2.15669e-06
1.11842e-06
2.31585e-06
1.0475e-06
2.58811e-06
9.59297e-07
2.85674e-06
8.93326e-07
2.93949e-06
6.47736e-07
2.91054e-06
4.95606e-07
2.85934e-06
3.58991e-07
2.81246e-06
2.69666e-07
2.77623e-06
1.99732e-07
2.74994e-06
1.48129e-07
2.73174e-06
1.08728e-07
2.71969e-06
7.93871e-08
2.71201e-06
5.84911e-08
2.70736e-06
4.38246e-08
2.70478e-06
3.35533e-08
2.70356e-06
2.63958e-08
2.7031e-06
2.18413e-08
2.70296e-06
1.91506e-08
2.70294e-06
1.71507e-08
2.70301e-06
1.51671e-08
2.70306e-06
1.35385e-08
2.70288e-06
1.26771e-08
2.70239e-06
1.17622e-08
2.70187e-06
9.22668e-09
2.70171e-06
4.88368e-09
1.30136e-09
7.99583e-07
-7.87921e-07
1.05871e-06
-1.03987e-06
1.61236e-06
-7.65735e-07
2.15526e-06
-1.60306e-07
2.57998e-06
3.00184e-07
2.89646e-06
6.02343e-07
3.12565e-06
7.74324e-07
3.29203e-06
8.65883e-07
3.41312e-06
8.98133e-07
3.49839e-06
8.96029e-07
3.55285e-06
8.88703e-07
3.58329e-06
8.80661e-07
3.59348e-06
8.76713e-07
3.58438e-06
8.83632e-07
3.55424e-06
9.13116e-07
3.50301e-06
9.66006e-07
3.42343e-06
1.0564e-06
3.29556e-06
1.2362e-06
3.1087e-06
1.50136e-06
2.90805e-06
1.78188e-06
2.72748e-06
1.90454e-06
2.5579e-06
1.82315e-06
2.42299e-06
1.65046e-06
2.36811e-06
1.52138e-06
2.42003e-06
1.37133e-06
2.62015e-06
1.29518e-06
2.93908e-06
1.17418e-06
3.23732e-06
1.09733e-06
3.32287e-06
7.99145e-07
3.29157e-06
6.08849e-07
3.23671e-06
4.42513e-07
3.18662e-06
3.32476e-07
3.14785e-06
2.46652e-07
3.11975e-06
1.83081e-07
3.10028e-06
1.34604e-07
3.08741e-06
9.84416e-08
3.07924e-06
7.26449e-08
3.07434e-06
5.44921e-08
3.07169e-06
4.17448e-08
3.07052e-06
3.28322e-08
3.0702e-06
2.71344e-08
3.07022e-06
2.37576e-08
3.07036e-06
2.12501e-08
3.0706e-06
1.87557e-08
3.07082e-06
1.66803e-08
3.07079e-06
1.5561e-08
3.0704e-06
1.44606e-08
3.06992e-06
1.14168e-08
3.06976e-06
6.10039e-09
1.65044e-09
9.59423e-07
-7.04245e-07
9.88523e-07
-1.06894e-06
1.29173e-06
-1.07007e-06
1.70064e-06
-5.69697e-07
2.09109e-06
-9.03418e-08
2.41704e-06
2.76676e-07
2.68011e-06
5.12001e-07
2.88495e-06
6.62275e-07
3.04204e-06
7.4285e-07
3.16179e-06
7.78666e-07
3.25346e-06
7.99909e-07
3.32131e-06
8.16156e-07
3.36771e-06
8.34239e-07
3.39366e-06
8.62628e-07
3.39734e-06
9.15297e-07
3.37853e-06
9.93581e-07
3.33165e-06
1.11753e-06
3.24387e-06
1.34134e-06
3.12371e-06
1.64624e-06
2.99086e-06
1.94878e-06
2.85723e-06
2.08909e-06
2.72039e-06
2.05906e-06
2.61377e-06
1.90472e-06
2.59115e-06
1.78546e-06
2.67716e-06
1.63146e-06
2.92277e-06
1.55265e-06
3.29175e-06
1.43513e-06
3.61374e-06
1.30981e-06
3.70289e-06
9.56311e-07
3.67033e-06
7.26819e-07
3.61298e-06
5.30217e-07
3.56069e-06
3.98543e-07
3.52015e-06
2.96199e-07
3.49078e-06
2.20078e-07
3.47044e-06
1.62105e-07
3.45701e-06
1.18776e-07
3.44853e-06
8.78099e-08
3.44352e-06
6.5956e-08
3.4409e-06
5.05621e-08
3.43986e-06
3.97595e-08
3.43973e-06
3.28177e-08
3.43997e-06
2.86859e-08
3.44034e-06
2.56197e-08
3.44081e-06
2.25639e-08
3.44127e-06
1.99835e-08
3.44145e-06
1.85728e-08
3.44119e-06
1.72944e-08
3.44078e-06
1.37374e-08
3.44065e-06
7.41717e-09
2.045e-09
1.8266e-06
-1.61604e-07
1.54958e-06
-7.92825e-07
1.44349e-06
-9.68438e-07
1.60028e-06
-7.30727e-07
1.88732e-06
-3.80301e-07
2.1845e-06
-2.20912e-08
2.45494e-06
2.41499e-07
2.6908e-06
4.27638e-07
2.88959e-06
5.46317e-07
3.0467e-06
6.24908e-07
3.17077e-06
6.80419e-07
3.27165e-06
7.20706e-07
3.35147e-06
7.6094e-07
3.41012e-06
8.1192e-07
3.44788e-06
8.87773e-07
3.46287e-06
9.93774e-07
3.44664e-06
1.15348e-06
3.39638e-06
1.41922e-06
3.33055e-06
1.75109e-06
3.24207e-06
2.08283e-06
3.13633e-06
2.27304e-06
3.03159e-06
2.28373e-06
2.95751e-06
2.16629e-06
2.97079e-06
2.06556e-06
3.10497e-06
1.91864e-06
3.42114e-06
1.8451e-06
3.86387e-06
1.71247e-06
4.2275e-06
1.53832e-06
4.32515e-06
1.12529e-06
4.2906e-06
8.54263e-07
4.2286e-06
6.25835e-07
4.17209e-06
4.70697e-07
4.12816e-06
3.50559e-07
4.09636e-06
2.60777e-07
4.07435e-06
1.92494e-07
4.05987e-06
1.41349e-07
4.0508e-06
1.04717e-07
4.04554e-06
7.87754e-08
4.04292e-06
6.04351e-08
4.04207e-06
4.75119e-08
4.04224e-06
3.91573e-08
4.04283e-06
3.41558e-08
4.04356e-06
3.04461e-08
4.04439e-06
2.67475e-08
4.0452e-06
2.35807e-08
4.04568e-06
2.18344e-08
4.04562e-06
2.03736e-08
4.04531e-06
1.62746e-08
4.04522e-06
8.89715e-09
2.51346e-09
2.76023e-06
1.97809e-08
2.43256e-06
-4.6761e-07
2.08623e-06
-6.33534e-07
1.95073e-06
-6.09967e-07
2.02539e-06
-4.68673e-07
2.22155e-06
-2.26855e-07
2.46187e-06
-1.21317e-09
2.70462e-06
1.85047e-07
2.9291e-06
3.24661e-07
3.1318e-06
4.27286e-07
3.31055e-06
5.08142e-07
3.46419e-06
5.74992e-07
3.59369e-06
6.41015e-07
3.69839e-06
7.18816e-07
3.77801e-06
8.23171e-07
3.82607e-06
9.66837e-07
3.83462e-06
1.17277e-06
3.80862e-06
1.48271e-06
3.75527e-06
1.8544e-06
3.69642e-06
2.20923e-06
3.63337e-06
2.44756e-06
3.56653e-06
2.50818e-06
3.53774e-06
2.44528e-06
3.60204e-06
2.36087e-06
3.8169e-06
2.24663e-06
4.24482e-06
2.17301e-06
4.80446e-06
2.01772e-06
5.23692e-06
1.79192e-06
5.34953e-06
1.31432e-06
5.31215e-06
9.97544e-07
5.24264e-06
7.34502e-07
5.17924e-06
5.52853e-07
5.12977e-06
4.12796e-07
5.09403e-06
3.07532e-07
5.06932e-06
2.27597e-07
5.05314e-06
1.67569e-07
5.04313e-06
1.24453e-07
5.03751e-06
9.37895e-08
5.03493e-06
7.20135e-08
5.03442e-06
5.65956e-08
5.0351e-06
4.65541e-08
5.03628e-06
4.04951e-08
5.03763e-06
3.60011e-08
5.03907e-06
3.15289e-08
5.04046e-06
2.7651e-08
5.04144e-06
2.55035e-08
5.04171e-06
2.38518e-08
5.0416e-06
1.91587e-08
5.04158e-06
1.06396e-08
3.10298e-09
3.59025e-06
8.53001e-08
3.33052e-06
-2.1111e-07
3.01613e-06
-3.38297e-07
2.74362e-06
-3.71868e-07
2.58422e-06
-3.5235e-07
2.57433e-06
-2.5284e-07
2.68157e-06
-1.29125e-07
2.86126e-06
-3.09472e-09
3.07269e-06
1.12599e-07
3.28862e-06
2.15931e-07
3.49208e-06
3.12383e-07
3.67723e-06
4.00119e-07
3.83998e-06
4.91109e-07
3.97831e-06
5.96611e-07
4.09002e-06
7.32729e-07
4.16977e-06
9.16045e-07
4.21303e-06
1.16979e-06
4.22421e-06
1.5225e-06
4.20986e-06
1.93216e-06
4.20389e-06
2.32179e-06
4.1912e-06
2.61964e-06
4.18206e-06
2.73483e-06
4.22324e-06
2.7347e-06
4.36905e-06
2.6856e-06
4.70193e-06
2.60876e-06
5.27836e-06
2.53251e-06
5.98275e-06
2.33851e-06
6.49113e-06
2.06233e-06
6.61974e-06
1.51961e-06
6.58121e-06
1.15463e-06
6.50556e-06
8.55215e-07
6.43643e-06
6.44342e-07
6.38227e-06
4.82587e-07
6.34322e-06
3.60211e-07
6.31629e-06
2.67431e-07
6.29879e-06
1.97543e-07
6.28817e-06
1.47163e-07
6.28249e-06
1.11143e-07
6.28027e-06
8.54248e-08
6.2804e-06
6.71134e-08
6.28192e-06
5.50783e-08
6.28402e-06
4.77375e-08
6.28632e-06
4.22878e-08
6.28869e-06
3.68904e-08
6.29098e-06
3.21597e-08
6.29273e-06
2.95288e-08
6.29355e-06
2.76868e-08
6.29378e-06
2.23827e-08
6.29388e-06
1.26792e-08
3.84536e-09
4.5468e-06
8.83473e-08
4.38453e-06
-5.10839e-08
4.14084e-06
-1.19143e-07
3.87058e-06
-1.55397e-07
3.60101e-06
-1.67794e-07
3.40508e-06
-1.54964e-07
3.33043e-06
-1.3409e-07
3.37424e-06
-9.54393e-08
3.49602e-06
-3.56546e-08
3.66151e-06
3.9611e-08
3.84527e-06
1.26806e-07
4.02996e-06
2.20494e-07
4.20338e-06
3.28621e-07
4.35733e-06
4.59759e-07
4.48685e-06
6.28235e-07
4.58775e-06
8.51686e-07
4.65897e-06
1.1518e-06
4.70503e-06
1.54737e-06
4.73353e-06
1.99152e-06
4.78532e-06
2.42086e-06
4.83512e-06
2.76934e-06
4.91119e-06
2.96974e-06
5.04871e-06
3.0541e-06
5.31537e-06
3.05584e-06
5.81294e-06
3.01536e-06
6.58368e-06
2.95453e-06
7.45809e-06
2.65319e-06
8.05208e-06
2.34288e-06
8.1925e-06
1.73762e-06
8.15623e-06
1.32024e-06
8.07727e-06
9.85133e-07
8.00493e-06
7.43127e-07
7.94799e-06
5.58625e-07
7.90706e-06
4.1801e-07
7.87898e-06
3.11551e-07
7.86097e-06
2.31071e-07
7.8504e-06
1.72785e-07
7.84522e-06
1.30844e-07
7.84388e-06
1.00701e-07
7.84515e-06
7.91024e-08
7.84797e-06
6.47485e-08
7.85148e-06
5.58654e-08
7.8552e-06
4.92519e-08
7.85895e-06
4.27589e-08
7.86255e-06
3.70216e-08
7.86546e-06
3.38097e-08
7.86715e-06
3.17902e-08
7.86793e-06
2.59039e-08
7.86824e-06
1.50398e-08
4.77602e-09
5.68355e-06
7.42559e-08
5.59469e-06
3.84556e-08
5.42626e-06
2.55479e-08
5.20318e-06
7.42343e-09
4.93249e-06
-1.7802e-08
4.65833e-06
-4.60492e-08
4.4478e-06
-9.31664e-08
4.34445e-06
-1.27708e-07
4.34317e-06
-1.30391e-07
4.41633e-06
-9.74259e-08
4.53614e-06
-3.32221e-08
4.67563e-06
5.83412e-08
4.81453e-06
1.78196e-07
4.94369e-06
3.32417e-07
5.05698e-06
5.321e-07
5.15246e-06
7.95026e-07
5.23141e-06
1.13773e-06
5.29986e-06
1.57324e-06
5.36184e-06
2.05019e-06
5.47289e-06
2.5211e-06
5.60591e-06
2.92779e-06
5.78515e-06
3.21601e-06
6.05222e-06
3.37876e-06
6.50347e-06
3.4518e-06
7.22948e-06
3.46215e-06
8.24175e-06
3.38506e-06
9.34338e-06
3.12457e-06
9.99579e-06
2.60693e-06
1.01405e-05
1.96238e-06
1.01098e-05
1.48749e-06
1.00325e-05
1.1188e-06
9.96125e-06
8.45362e-07
9.90496e-06
6.3821e-07
9.86471e-06
4.79149e-07
9.8374e-06
3.58808e-07
9.82035e-06
2.67451e-07
9.81098e-06
2.00899e-07
9.80729e-06
1.52639e-07
9.80766e-06
1.17688e-07
9.81082e-06
9.24643e-08
9.81566e-06
7.54786e-08
9.82126e-06
6.47647e-08
9.82708e-06
5.67411e-08
9.83286e-06
4.89705e-08
9.83835e-06
4.20767e-08
9.84293e-06
3.81799e-08
9.84595e-06
3.60015e-08
9.84759e-06
2.961e-08
9.84824e-06
1.77175e-08
5.93148e-09
7.08838e-06
5.7559e-08
7.05355e-06
7.86057e-08
6.95385e-06
1.05383e-07
6.77895e-06
1.1159e-07
6.53657e-06
8.79613e-08
6.2434e-06
2.03145e-08
5.96555e-06
-6.97212e-08
5.75535e-06
-1.56409e-07
5.63402e-06
-2.02082e-07
5.58904e-06
-1.98345e-07
5.59936e-06
-1.52481e-07
5.64592e-06
-6.29294e-08
5.71288e-06
6.61826e-08
5.78584e-06
2.39154e-07
5.8582e-06
4.69212e-07
5.92509e-06
7.69779e-07
5.98828e-06
1.14973e-06
6.06699e-06
1.62388e-06
6.16227e-06
2.13094e-06
6.33832e-06
2.64521e-06
6.55769e-06
3.10529e-06
6.86935e-06
3.47773e-06
7.33162e-06
3.73555e-06
8.04403e-06
3.88597e-06
9.07696e-06
3.93731e-06
1.04319e-05
3.84815e-06
1.17157e-05
3.54037e-06
1.23925e-05
2.83563e-06
1.25479e-05
2.1684e-06
1.25304e-05
1.64326e-06
1.24635e-05
1.24661e-06
1.24003e-05
9.44642e-07
1.23501e-05
7.16772e-07
1.23146e-05
5.40524e-07
1.22911e-05
4.07061e-07
1.22774e-05
3.05259e-07
1.22712e-05
2.30537e-07
1.22705e-05
1.75865e-07
1.2274e-05
1.35926e-07
1.22801e-05
1.06877e-07
1.2288e-05
8.70146e-08
1.22967e-05
7.41796e-08
1.23056e-05
6.44682e-08
1.23143e-05
5.52404e-08
1.23224e-05
4.70741e-08
1.23294e-05
4.23786e-08
1.23344e-05
4.00371e-08
1.23374e-05
3.33027e-08
1.23385e-05
2.06839e-08
7.34101e-09
8.84371e-06
4.25785e-08
8.84598e-06
8.70737e-08
8.80299e-06
1.34212e-07
8.6884e-06
1.57412e-07
8.48504e-06
1.32963e-07
8.20808e-06
4.92673e-08
7.88398e-06
-7.94036e-08
7.58905e-06
-1.88899e-07
7.35601e-06
-2.57508e-07
7.18757e-06
-2.67902e-07
7.07594e-06
-2.23973e-07
7.00525e-06
-1.29802e-07
6.96352e-06
1.27482e-08
6.9426e-06
2.09395e-07
6.93734e-06
4.69657e-07
6.94942e-06
8.04577e-07
6.98795e-06
1.21829e-06
7.06754e-06
1.72252e-06
7.19384e-06
2.25867e-06
7.44223e-06
2.81289e-06
7.7967e-06
3.33186e-06
8.31262e-06
3.78188e-06
9.04559e-06
4.12663e-06
1.01137e-05
4.32988e-06
1.15701e-05
4.38729e-06
1.32596e-05
4.18156e-06
1.46949e-05
3.82715e-06
1.53523e-05
3.00623e-06
1.55265e-05
2.32647e-06
1.55309e-05
1.77292e-06
1.54863e-05
1.35568e-06
1.54404e-05
1.03224e-06
1.54038e-05
7.87847e-07
1.53789e-05
5.97523e-07
1.5364e-05
4.52906e-07
1.53572e-05
3.42091e-07
1.5357e-05
2.59964e-07
1.53618e-05
1.99267e-07
1.53702e-05
1.54501e-07
1.53812e-05
1.21683e-07
1.53936e-05
9.88548e-08
1.54067e-05
8.366e-08
1.54199e-05
7.19789e-08
1.54327e-05
6.11411e-08
1.54445e-05
5.16644e-08
1.54548e-05
4.60562e-08
1.54626e-05
4.34849e-08
1.54675e-05
3.66827e-08
1.54695e-05
2.38546e-08
9.00738e-09
1.10438e-05
2.98151e-08
1.10751e-05
7.48877e-08
1.10824e-05
1.2418e-07
1.10358e-05
1.4988e-07
1.08864e-05
1.27669e-07
1.0601e-05
3.32627e-08
1.02517e-05
-9.67103e-08
9.8815e-06
-2.23355e-07
9.54993e-06
-2.88674e-07
9.26541e-06
-2.93753e-07
9.0248e-06
-2.36173e-07
8.82469e-06
-1.23038e-07
8.66214e-06
4.26013e-08
8.53203e-06
2.68648e-07
8.43574e-06
5.60526e-07
8.38453e-06
9.28354e-07
8.39185e-06
1.37295e-06
8.47566e-06
1.90591e-06
8.65558e-06
2.46694e-06
9.02159e-06
3.06575e-06
9.56235e-06
3.63491e-06
1.03531e-05
4.16051e-06
1.14558e-05
4.56867e-06
1.29905e-05
4.79563e-06
1.4942e-05
4.79502e-06
1.70199e-05
4.59867e-06
1.84264e-05
3.93718e-06
1.90176e-05
3.10735e-06
1.92118e-05
2.41781e-06
1.92524e-05
1.85704e-06
1.92449e-05
1.4307e-06
1.92289e-05
1.09654e-06
1.92161e-05
8.4267e-07
1.92097e-05
6.43718e-07
1.92096e-05
4.9159e-07
1.9215e-05
3.74273e-07
1.9225e-05
2.86406e-07
1.92388e-05
2.20742e-07
1.92552e-05
1.71848e-07
1.92733e-05
1.3573e-07
1.92924e-05
1.10134e-07
1.93117e-05
9.24912e-08
1.9331e-05
7.86188e-08
1.93494e-05
6.6091e-08
1.93662e-05
5.54007e-08
1.93808e-05
4.88359e-08
1.93925e-05
4.59028e-08
1.94003e-05
3.93107e-08
1.94037e-05
2.6939e-08
1.08186e-08
1.38054e-05
1.64834e-08
1.38587e-05
4.89408e-08
1.3904e-05
8.76386e-08
1.39106e-05
1.06438e-07
1.38273e-05
8.21096e-08
1.3599e-05
-2.12081e-10
1.32188e-05
-1.24553e-07
1.2804e-05
-2.28198e-07
1.23739e-05
-2.84232e-07
1.19668e-05
-2.57209e-07
1.15899e-05
-1.72744e-07
1.12509e-05
-2.42733e-08
1.09662e-05
1.80622e-07
1.07278e-05
4.43109e-07
1.05474e-05
7.73042e-07
1.04446e-05
1.17489e-06
1.04407e-05
1.65077e-06
1.05568e-05
2.20773e-06
1.08406e-05
2.7883e-06
1.13917e-05
3.42799e-06
1.2216e-05
4.04063e-06
1.3395e-05
4.60211e-06
1.49927e-05
5.02892e-06
1.71084e-05
5.18557e-06
1.96817e-05
5.17161e-06
2.17877e-05
4.66333e-06
2.29974e-05
3.89334e-06
2.35507e-05
3.07924e-06
2.37816e-05
2.41727e-06
2.38784e-05
1.87364e-06
2.39245e-05
1.45552e-06
2.39526e-05
1.12496e-06
2.39755e-05
8.71297e-07
2.39974e-05
6.7126e-07
2.40203e-05
5.16886e-07
2.40447e-05
3.96829e-07
2.40708e-05
3.05892e-07
2.40984e-05
2.372e-07
2.41269e-05
1.85602e-07
2.41556e-05
1.47232e-07
2.41841e-05
1.19498e-07
2.42123e-05
9.961e-08
2.42398e-05
8.3508e-08
2.42657e-05
6.93775e-08
2.4289e-05
5.77864e-08
2.43092e-05
5.04333e-08
2.43257e-05
4.69854e-08
2.43375e-05
4.05972e-08
2.43432e-05
2.9286e-08
1.25079e-08
1.72687e-05
3.48751e-09
1.73391e-05
1.71463e-08
1.74153e-05
3.97404e-08
1.74723e-05
4.74213e-08
1.74647e-05
2.28473e-08
1.73234e-05
-3.78757e-08
1.7004e-05
-1.229e-07
1.65381e-05
-1.84695e-07
1.60543e-05
-1.93299e-07
1.55539e-05
-1.28301e-07
1.50587e-05
6.89463e-09
1.46031e-05
2.06361e-07
1.41965e-05
4.58241e-07
1.38593e-05
7.65291e-07
1.36144e-05
1.13421e-06
1.35032e-05
1.57343e-06
1.35496e-05
2.08054e-06
1.37733e-05
2.63176e-06
1.42861e-05
3.23517e-06
1.51422e-05
3.87555e-06
1.63891e-05
4.4908e-06
1.80583e-05
5.01581e-06
2.03484e-05
5.32975e-06
2.3212e-05
5.38846e-06
2.5799e-05
5.08494e-06
2.75927e-05
4.41244e-06
2.8626e-05
3.64012e-06
2.91632e-05
2.90731e-06
2.94594e-05
2.30002e-06
2.96358e-05
1.80165e-06
2.97554e-05
1.41277e-06
2.98445e-05
1.10295e-06
2.99171e-05
8.62062e-07
2.99796e-05
6.70393e-07
3.00362e-05
5.20594e-07
3.00887e-05
4.03e-07
3.01388e-05
3.12884e-07
3.01869e-05
2.44245e-07
3.0233e-05
1.92357e-07
3.0277e-05
1.53556e-07
3.0319e-05
1.24907e-07
3.03594e-05
1.03452e-07
3.03979e-05
8.54867e-08
3.04337e-05
7.01485e-08
3.04654e-05
5.82325e-08
3.04926e-05
5.05089e-08
3.05152e-05
4.64227e-08
3.05322e-05
3.98865e-08
3.05417e-05
2.98891e-08
1.34747e-08
2.16152e-05
-8.88756e-09
2.17007e-05
-1.44456e-08
2.1798e-05
-8.32834e-09
2.18902e-05
-1.01533e-08
2.19447e-05
-3.027e-08
2.19105e-05
-6.52521e-08
2.17274e-05
-9.49242e-08
2.13812e-05
-9.08035e-08
2.08957e-05
-1.90454e-08
2.03373e-05
1.20183e-07
1.97977e-05
3.30214e-07
1.9283e-05
5.91361e-07
1.88269e-05
9.01966e-07
1.84715e-05
1.25405e-06
1.82558e-05
1.65209e-06
1.8226e-05
2.10896e-06
1.84168e-05
2.62988e-06
1.88893e-05
3.14249e-06
1.98208e-05
3.72901e-06
2.12085e-05
4.29107e-06
2.30986e-05
4.77303e-06
2.54568e-05
5.08658e-06
2.84157e-05
5.20225e-06
3.11274e-05
5.05263e-06
3.32779e-05
4.53794e-06
3.47083e-05
3.88871e-06
3.56108e-05
3.2055e-06
3.61796e-05
2.58194e-06
3.6563e-05
2.05963e-06
3.68363e-05
1.63079e-06
3.70445e-05
1.2916e-06
3.72092e-05
1.01941e-06
3.73456e-05
8.04343e-07
3.74616e-05
6.31303e-07
3.75637e-05
4.93908e-07
3.76551e-05
3.85077e-07
3.77385e-05
3.0096e-07
3.78152e-05
2.36642e-07
3.78858e-05
1.87917e-07
3.79511e-05
1.51314e-07
3.80118e-05
1.23626e-07
3.80687e-05
1.0192e-07
3.81218e-05
8.31364e-08
3.81702e-05
6.74638e-08
3.82127e-05
5.60306e-08
3.82488e-05
4.85105e-08
3.8279e-05
4.38041e-08
3.83027e-05
3.66636e-08
3.83175e-05
2.77895e-08
1.31532e-08
2.70677e-05
-1.73071e-08
2.71613e-05
-3.73564e-08
2.72692e-05
-4.40877e-08
2.73817e-05
-5.23173e-08
2.74805e-05
-6.6448e-08
2.75359e-05
-7.58514e-08
2.75115e-05
-5.78659e-08
2.73726e-05
1.76835e-08
2.71081e-05
1.77728e-07
2.67318e-05
4.21906e-07
2.62931e-05
7.36491e-07
2.58567e-05
1.09072e-06
2.5497e-05
1.46812e-06
2.52911e-05
1.85318e-06
2.53163e-05
2.24728e-06
2.55583e-05
2.65766e-06
2.60892e-05
3.09696e-06
2.71846e-05
3.54473e-06
2.87983e-05
3.99178e-06
3.0881e-05
4.36709e-06
3.33483e-05
4.61031e-06
3.59264e-05
4.70817e-06
3.84148e-05
4.5452e-06
4.05631e-05
4.21129e-06
4.22067e-05
3.71073e-06
4.34184e-05
3.1487e-06
4.43013e-05
2.59514e-06
4.49557e-05
2.10076e-06
4.5457e-05
1.68698e-06
4.58494e-05
1.34878e-06
4.61648e-05
1.07927e-06
4.64229e-05
8.61232e-07
4.66394e-05
6.85888e-07
4.68243e-05
5.42608e-07
4.69859e-05
4.26676e-07
4.7129e-05
3.34094e-07
4.72571e-05
2.62436e-07
4.73723e-05
2.07949e-07
4.74763e-05
1.66917e-07
4.75705e-05
1.36095e-07
4.76565e-05
1.12127e-07
4.77354e-05
9.23286e-08
4.78074e-05
7.47134e-08
4.78721e-05
6.01875e-08
4.79285e-05
5.00452e-08
4.79763e-05
4.34686e-08
4.8016e-05
3.86735e-08
4.80479e-05
3.03848e-08
4.807e-05
2.15504e-08
1.03612e-08
3.39118e-05
-1.88998e-08
3.40105e-05
-4.62563e-08
3.41243e-05
-6.31755e-08
3.42513e-05
-7.91868e-08
3.43836e-05
-9.30999e-08
3.45088e-05
-9.02841e-08
3.46124e-05
-4.62057e-08
3.4681e-05
6.80725e-08
3.47087e-05
2.76336e-07
3.47007e-05
5.75338e-07
3.46826e-05
9.43847e-07
3.4701e-05
1.34274e-06
3.48243e-05
1.73689e-06
3.51286e-05
2.1003e-06
3.56926e-05
2.42844e-06
3.655e-05
2.72846e-06
3.77312e-05
3.01232e-06
3.93111e-05
3.29311e-06
4.12268e-05
3.5158e-06
4.33797e-05
3.66367e-06
4.56354e-05
3.6901e-06
4.78618e-05
3.5944e-06
4.98869e-05
3.35637e-06
5.16442e-05
3.03095e-06
5.31121e-05
2.62268e-06
5.43083e-05
2.207e-06
5.52743e-05
1.81394e-06
5.6054e-05
1.47198e-06
5.66877e-05
1.18913e-06
5.72056e-05
9.60134e-07
5.76344e-05
7.76621e-07
5.79935e-05
6.26449e-07
5.82988e-05
5.03071e-07
5.85621e-05
3.99867e-07
5.87928e-05
3.14228e-07
5.89968e-05
2.45562e-07
5.91784e-05
1.93131e-07
5.93406e-05
1.54202e-07
5.9486e-05
1.25525e-07
5.9617e-05
1.0414e-07
5.97355e-05
8.69824e-08
5.98428e-05
7.19519e-08
5.9939e-05
5.82763e-08
6.00243e-05
4.68536e-08
6.00986e-05
3.89066e-08
6.0162e-05
3.37694e-08
6.02143e-05
2.96955e-08
6.02554e-05
2.13327e-08
6.02839e-05
1.2992e-08
6.45532e-09
4.25054e-05
-1.04119e-08
4.26039e-05
-3.37078e-08
4.2715e-05
-5.72184e-08
4.28464e-05
-8.62308e-08
4.29975e-05
-1.11145e-07
4.31634e-05
-1.12501e-07
4.33506e-05
-7.72675e-08
4.35671e-05
2.277e-08
4.38131e-05
2.20522e-07
4.4126e-05
4.77949e-07
4.45597e-05
7.60437e-07
4.51541e-05
1.0479e-06
4.59371e-05
1.31835e-06
4.69324e-05
1.54712e-06
4.81581e-05
1.72538e-06
4.96029e-05
1.8641e-06
5.12704e-05
1.98827e-06
5.31565e-05
2.09248e-06
5.51959e-05
2.15434e-06
5.73195e-05
2.1659e-06
5.94442e-05
2.10591e-06
6.14945e-05
1.98513e-06
6.34053e-05
1.79144e-06
6.51404e-05
1.5659e-06
6.66606e-05
1.32094e-06
6.79663e-05
1.0892e-06
6.90692e-05
8.82946e-07
6.99945e-05
7.10968e-07
7.07709e-05
5.73277e-07
7.14237e-05
4.65851e-07
7.19754e-05
3.81901e-07
7.2444e-05
3.13253e-07
7.28457e-05
2.54793e-07
7.31938e-05
2.02918e-07
7.34991e-05
1.57233e-07
7.37696e-05
1.19916e-07
7.40109e-05
9.25499e-08
7.42268e-05
7.43676e-08
7.44199e-05
6.29761e-08
7.45931e-05
5.50988e-08
7.47491e-05
4.8041e-08
7.48892e-05
4.08824e-08
7.50141e-05
3.35082e-08
7.51241e-05
2.70041e-08
7.522e-05
2.22403e-08
7.53022e-05
1.88886e-08
7.53717e-05
1.45917e-08
7.54248e-05
8.43513e-09
7.54608e-05
1.94564e-09
-3.65913e-10
5.33113e-05
5.34143e-05
5.34985e-05
5.35595e-05
5.36014e-05
5.36486e-05
5.37383e-05
5.39359e-05
5.434e-05
5.50116e-05
5.59771e-05
5.72435e-05
5.87953e-05
6.05914e-05
6.25794e-05
6.47164e-05
6.69838e-05
6.93559e-05
7.17832e-05
7.421e-05
7.65622e-05
7.87795e-05
8.0791e-05
8.25682e-05
8.40949e-05
8.53867e-05
8.64706e-05
8.73814e-05
8.81537e-05
8.88174e-05
8.93958e-05
8.99038e-05
9.03511e-05
9.07435e-05
9.10868e-05
9.13884e-05
9.16576e-05
9.19026e-05
9.21293e-05
9.23402e-05
9.25351e-05
9.27127e-05
9.28717e-05
9.30119e-05
9.31335e-05
9.32369e-05
9.33196e-05
9.33785e-05
9.34118e-05
)
;

boundaryField
{
    AXIS
    {
        type            empty;
        value           nonuniform 0();
    }
    OUTLET
    {
        type            calculated;
        value           nonuniform List<scalar> 
25
(
1.76577e-07
5.33217e-07
8.91648e-07
1.25061e-06
1.61068e-06
1.97237e-06
2.33599e-06
2.70172e-06
3.06978e-06
3.44066e-06
4.04523e-06
5.04159e-06
6.29388e-06
7.86822e-06
9.84823e-06
1.23386e-05
1.54697e-05
1.94041e-05
2.43443e-05
3.05442e-05
3.83221e-05
4.80783e-05
6.02946e-05
7.54762e-05
9.34222e-05
)
;
    }
    COFLOW
    {
        type            calculated;
        value           nonuniform List<scalar> 
15
(
-2.36509e-06
-2.9359e-06
-3.64927e-06
-4.54152e-06
-5.6582e-06
-7.05657e-06
-8.80858e-06
-1.10047e-05
-1.37587e-05
-1.72135e-05
-2.1549e-05
-2.69913e-05
-3.38248e-05
-4.24073e-05
-5.31887e-05
)
;
    }
    PILOT
    {
        type            calculated;
        value           nonuniform List<scalar> 5(-6.03611e-07 -7.13374e-07 -8.23195e-07 -9.32983e-07 -1.04277e-06);
    }
    FUEL
    {
        type            calculated;
        value           nonuniform List<scalar> 5(-1.05087e-06 -3.15251e-06 -5.25483e-06 -7.35939e-06 -9.46418e-06);
    }
    WALL
    {
        type            calculated;
        value           uniform 0;
    }
    front
    {
        type            wedge;
        value           nonuniform List<scalar> 
1250
(
1.32018e-20
3.62929e-20
5.51508e-20
7.21966e-20
9.77148e-20
6.83599e-20
2.00195e-19
3.85534e-19
7.33854e-19
1.46832e-18
1.21086e-19
3.47751e-19
6.33755e-19
1.10697e-18
1.53805e-18
2.36749e-19
6.60123e-19
1.25706e-18
1.98483e-18
1.21269e-18
1.54855e-19
3.21427e-19
5.12461e-19
4.31822e-19
7.49572e-19
-2.0573e-20
-1.16681e-19
-5.65121e-19
-1.38869e-18
-4.20691e-19
-1.36698e-19
-3.20663e-19
-7.47257e-19
-1.21124e-18
-7.37275e-19
-9.68472e-20
-2.77971e-19
-4.86209e-19
-6.1832e-19
-4.77707e-19
-1.92149e-19
-4.09192e-19
-7.54143e-19
-1.07962e-18
-1.30282e-18
-8.35734e-21
1.08193e-20
1.69758e-19
6.2396e-19
1.32608e-18
-1.30015e-19
-4.1517e-19
-1.00669e-18
-2.55627e-18
-5.79154e-18
-2.88454e-19
-6.55504e-19
-1.5125e-18
-3.00848e-18
-5.12934e-18
-4.46773e-19
-1.28824e-18
-2.35893e-18
-3.6581e-18
-4.85583e-18
-2.59533e-19
-5.336e-19
-9.0713e-19
-1.37991e-18
-2.94124e-18
-5.47544e-19
-1.72133e-18
-3.90934e-18
-7.18247e-18
-5.20553e-18
-1.34473e-18
-2.88813e-18
-5.52663e-18
-7.93205e-18
-6.81869e-18
-4.65483e-19
-1.13037e-18
-9.66235e-19
5.45953e-19
-2.52081e-18
-6.06804e-19
-1.13516e-18
-1.35699e-18
-1.14773e-18
-2.4449e-18
1.3212e-18
2.38466e-18
2.13846e-18
1.21036e-18
4.23994e-19
-1.43607e-17
-1.48084e-17
-1.23874e-17
-6.40886e-18
-5.48664e-18
-2.07631e-18
-3.31778e-18
-1.93697e-18
8.28685e-19
-1.29402e-18
-2.76815e-19
-6.55726e-19
-6.1148e-19
-4.5006e-19
-1.08742e-18
-4.64162e-19
-1.33056e-18
-2.34041e-18
-3.03815e-18
-7.13895e-19
-6.4395e-19
-1.8337e-18
-3.07014e-18
-4.28907e-18
-5.23426e-18
-1.22977e-18
-3.51358e-18
-5.98362e-18
-7.90255e-18
-7.71999e-18
-1.14369e-18
-3.21879e-18
-5.15304e-18
-6.68273e-18
-7.40083e-18
-1.16104e-18
-3.25023e-18
-5.12391e-18
-6.56506e-18
-7.40382e-18
-1.02974e-18
-2.85978e-18
-4.35538e-18
-5.21031e-18
-5.15366e-18
-5.79184e-19
-1.59065e-18
-2.2904e-18
-2.42772e-18
-1.84258e-18
3.28085e-19
9.44999e-19
1.6499e-18
2.39479e-18
2.79353e-18
-3.09781e-18
-9.05258e-18
-1.68854e-17
-2.74732e-17
-1.44897e-17
-3.91953e-18
-1.11308e-17
-1.8518e-17
-2.586e-17
-3.2019e-17
-1.03575e-18
-2.72576e-18
-3.15489e-18
-3.08497e-18
-2.42467e-17
-8.40082e-19
-2.38954e-18
-4.06776e-18
-6.29348e-18
-1.02517e-17
-4.97087e-18
-1.44066e-17
-2.59264e-17
-3.99423e-17
-2.89436e-17
-7.0539e-18
-1.95046e-17
-3.07102e-17
-4.03996e-17
-4.62841e-17
4.52423e-17
8.34505e-17
7.50114e-17
5.58831e-17
5.44964e-17
1.07792e-17
2.65971e-17
3.06203e-17
2.54821e-17
3.73086e-17
-1.09498e-16
-2.07019e-16
-2.11227e-16
-2.03758e-16
-1.8302e-16
-2.65285e-17
-6.98764e-17
-9.7288e-17
-1.10577e-16
-1.12352e-16
-1.30578e-17
-3.22817e-17
-5.05393e-17
-6.28149e-17
-6.90738e-17
-6.83664e-18
-1.69596e-17
-2.74813e-17
-3.55753e-17
-4.08228e-17
-6.33851e-18
-1.67453e-17
-2.48183e-17
-2.93012e-17
-3.18451e-17
1.09212e-16
1.4181e-16
1.23229e-16
6.52806e-17
3.34309e-17
2.61122e-17
5.29034e-17
8.17379e-17
1.01723e-16
7.24517e-17
8.74245e-18
2.36143e-17
3.64733e-17
4.40853e-17
4.3691e-17
-4.85365e-19
-1.93609e-18
-5.68573e-18
-1.09259e-17
2.97073e-17
-2.41095e-18
-7.12934e-18
-1.11836e-17
-1.36919e-17
-1.298e-17
1.19818e-17
3.58154e-17
6.44072e-17
9.37644e-17
1.27789e-16
-1.26003e-16
-1.41942e-16
-1.367e-16
-8.31668e-17
-1.71492e-17
1.89035e-19
5.94172e-19
1.16627e-18
1.06514e-18
1.73705e-19
2.11239e-18
2.01607e-18
1.59751e-18
1.05346e-18
5.1613e-19
1.86107e-18
1.75874e-18
1.46234e-18
1.0933e-18
7.08732e-19
1.57794e-18
2.11199e-18
2.71992e-18
1.8323e-18
1.10022e-18
1.11579e-18
1.01935e-18
2.19513e-19
-4.02858e-19
1.75012e-19
1.53136e-19
-2.87115e-19
-1.68694e-18
-1.97844e-18
-7.18667e-19
-5.04824e-19
-9.01769e-19
-1.89957e-18
-2.65802e-18
-1.33292e-18
-4.74921e-19
-8.28992e-19
-1.40932e-18
-1.83414e-18
-1.62821e-18
-1.41512e-18
-1.55285e-18
-1.76598e-18
-2.02818e-18
-2.37796e-18
1.3316e-18
7.07648e-19
-1.99445e-19
-8.88424e-19
-1.74863e-18
-6.75266e-18
-5.92196e-18
-3.95877e-18
-4.76855e-18
-3.25884e-18
-6.02095e-18
-5.89309e-18
-5.6912e-18
-6.75241e-18
-4.74319e-18
-5.50207e-18
-5.63163e-18
-5.6732e-18
-5.74259e-18
-4.70781e-18
-4.04027e-18
-4.4706e-18
-4.40592e-18
-4.45071e-18
-3.96852e-18
-4.71326e-18
-5.58638e-18
-7.17687e-18
-6.03287e-18
-4.75323e-18
-5.99857e-18
-5.80912e-18
-5.55247e-18
-2.83137e-18
-3.15658e-18
-3.64028e-18
-3.15432e-18
-1.36314e-18
-1.78859e-18
-2.42746e-18
-3.09613e-18
-2.82916e-18
-2.05441e-18
-2.03179e-18
-2.19536e-18
1.4329e-19
-1.25445e-19
-4.6091e-19
-8.47059e-19
-1.29673e-18
-7.91638e-18
-7.33554e-18
-5.9799e-18
-5.58409e-18
-3.59078e-18
-3.09138e-18
-3.14424e-18
-2.11072e-18
-2.97536e-18
-3.52256e-18
-1.70559e-18
-2.01263e-18
-2.12987e-18
-2.48844e-18
-2.91404e-18
-1.33312e-18
-2.24077e-18
-2.94409e-18
-1.71148e-18
-1.98873e-18
-4.23929e-18
-3.76029e-18
-3.51756e-18
-3.18633e-18
-3.17754e-18
-7.18926e-18
-7.29014e-18
-7.72548e-18
-6.63733e-18
-5.80809e-18
-7.76813e-18
-7.99658e-18
-8.09094e-18
-7.80416e-18
-7.51731e-18
-7.5842e-18
-6.9815e-18
-5.2953e-18
-2.54746e-18
-4.17197e-18
-3.89725e-18
-1.07292e-18
3.83222e-18
1.07601e-17
9.66415e-18
-5.03375e-19
1.45594e-18
3.61595e-18
5.01081e-18
3.65484e-18
3.3519e-18
4.00009e-18
4.38131e-18
3.88894e-18
2.47172e-18
-8.30005e-18
-7.26773e-18
-9.53254e-18
-2.28535e-18
2.24601e-18
-4.06202e-17
-3.79013e-17
-2.43415e-17
-1.46641e-17
-8.81373e-18
-2.19015e-17
-1.55959e-17
-6.27821e-18
-7.5451e-18
-8.15795e-18
-1.15294e-17
-1.12141e-17
-1.06258e-17
-1.17441e-17
-1.38295e-17
-2.43986e-17
-2.38344e-17
-2.49279e-17
-1.54226e-17
-6.3758e-18
-3.23985e-17
-1.95139e-17
-7.34672e-18
-4.86251e-18
-1.0998e-18
4.95704e-17
4.22966e-17
2.86423e-17
2.11678e-17
6.53553e-18
4.02405e-17
3.57089e-17
2.60201e-17
2.71085e-17
2.64601e-17
-1.56017e-16
-1.2958e-16
-9.75576e-17
-6.1466e-17
-4.25495e-17
-1.05738e-16
-9.35373e-17
-7.76843e-17
-6.04186e-17
-4.47099e-17
-7.00295e-17
-6.67862e-17
-6.06044e-17
-5.2806e-17
-4.46471e-17
-4.31827e-17
-4.29173e-17
-4.04804e-17
-3.64085e-17
-3.12119e-17
-3.29719e-17
-3.29055e-17
-3.17918e-17
-2.97288e-17
-2.66959e-17
1.7766e-17
1.20387e-17
1.32374e-17
1.83598e-17
5.46126e-18
5.26837e-17
4.10022e-17
3.45503e-17
3.11923e-17
2.88789e-17
4.12664e-17
3.81477e-17
3.47042e-17
3.07376e-17
2.65072e-17
1.97825e-17
6.69489e-18
-6.8881e-18
2.8063e-18
9.56726e-18
-1.33427e-17
-1.27255e-17
-1.01014e-17
-4.62403e-18
1.94997e-18
1.29825e-16
1.07924e-16
7.3806e-17
5.21442e-17
4.00583e-17
1.47338e-17
2.56884e-17
2.56123e-17
2.12367e-17
1.5309e-17
3.83262e-20
-9.69665e-20
-2.5832e-19
-1.52264e-19
-1.03365e-19
-1.54203e-19
-3.06506e-19
-3.05819e-19
1.10004e-19
-1.88612e-18
-8.17848e-19
6.16783e-20
2.51491e-19
-1.42891e-18
4.50694e-19
5.13197e-20
-5.02617e-19
-1.53318e-18
-5.8569e-19
-2.93488e-19
-5.25118e-19
-1.31073e-18
-1.42703e-18
1.16913e-18
-3.69404e-18
-2.4379e-18
4.2911e-19
1.36302e-18
1.72669e-18
1.76908e-17
3.14835e-19
-8.94675e-20
-4.11956e-19
3.99575e-20
1.15972e-19
-5.77463e-19
-3.15469e-18
-4.63203e-18
-1.39872e-19
-1.62449e-18
6.93161e-19
1.73809e-18
3.26333e-18
7.49609e-18
-1.36149e-17
6.77899e-19
5.50322e-19
1.01296e-18
2.38649e-18
2.20669e-18
1.78136e-18
-2.9342e-19
-4.04092e-19
6.79214e-19
8.93503e-19
6.78043e-18
3.87828e-18
6.08694e-18
2.18676e-17
-4.59058e-18
6.81082e-19
1.78827e-18
5.28196e-18
1.41971e-17
8.2649e-18
9.36255e-18
4.84614e-18
8.15916e-18
3.21069e-18
3.30591e-18
9.11241e-18
6.07729e-18
8.69069e-18
2.88251e-17
-3.63234e-17
7.82602e-19
3.73989e-18
1.16944e-17
1.18956e-17
1.03877e-17
1.34919e-17
7.8786e-18
7.71418e-18
4.85773e-18
6.13534e-18
1.63587e-17
8.60551e-18
1.00952e-17
2.15943e-17
-6.23547e-17
2.41026e-19
2.37833e-18
4.92448e-18
8.405e-19
7.07197e-18
9.95849e-18
8.04255e-18
7.24507e-18
5.86259e-18
8.00688e-18
1.98607e-17
1.02483e-17
1.07931e-17
1.64753e-17
-5.48651e-17
-1.87123e-18
-4.17568e-18
-4.54639e-18
1.14831e-18
1.07831e-17
8.81303e-18
7.47496e-18
6.71823e-18
6.04079e-18
6.90821e-18
6.11117e-18
9.42455e-18
1.09761e-17
1.38532e-17
-4.91867e-17
-3.63175e-18
-7.17829e-18
-4.97594e-18
-4.46422e-19
5.23138e-18
6.48983e-18
6.36413e-18
6.09449e-18
5.87052e-18
5.71735e-18
5.78893e-18
8.54435e-18
1.13497e-17
1.70854e-17
-4.26382e-17
-2.87743e-18
-4.36963e-18
-3.6855e-18
-9.98491e-19
2.74578e-18
5.33774e-18
5.85685e-18
5.93244e-18
6.38955e-18
3.27585e-18
4.30349e-18
7.24768e-18
1.25956e-17
4.3666e-17
-3.15465e-17
-2.99167e-18
-3.28072e-18
-2.70692e-18
-5.19249e-19
3.98116e-18
1.23985e-17
7.95517e-18
7.31775e-18
1.18984e-17
-6.122e-18
8.36797e-19
4.56448e-18
9.83889e-18
6.7925e-17
-1.68975e-17
-3.49686e-18
-2.61929e-18
-7.53472e-19
3.66222e-18
4.74369e-18
7.90023e-18
6.80575e-18
6.07304e-18
5.46787e-18
-9.92446e-18
-2.78443e-18
-9.05835e-19
-1.62176e-17
8.04367e-17
-1.63342e-18
-3.9029e-18
-3.477e-18
-2.8288e-18
3.89536e-18
4.29676e-18
5.34114e-18
5.05642e-18
4.29568e-18
2.44452e-18
-5.6498e-18
-4.48827e-18
-6.35548e-18
-3.52389e-17
5.96351e-17
1.31767e-17
-3.44679e-18
-2.91648e-18
-1.83293e-18
1.13029e-18
2.53328e-18
3.4939e-18
2.82737e-18
2.29294e-18
7.30668e-19
-3.89204e-18
-6.06174e-18
-9.83679e-18
-2.92874e-17
4.24842e-17
-2.44218e-17
-4.24557e-18
-4.62617e-18
-6.1664e-18
-4.73423e-18
5.78737e-20
4.94152e-18
-2.86315e-18
-6.06047e-19
-8.28323e-19
-4.05312e-18
-1.02548e-17
-1.48258e-17
-4.69826e-17
5.60818e-17
1.98781e-17
-3.27799e-18
-3.00326e-18
-1.47707e-18
-2.41385e-18
-1.18746e-18
2.42369e-19
-1.88909e-18
-1.4523e-18
-1.50308e-18
-4.7565e-18
-2.47495e-17
-2.0038e-17
-3.82653e-17
8.5145e-18
1.80501e-17
-2.911e-18
-3.652e-18
-5.00431e-18
-4.06512e-18
-3.93764e-18
-6.17344e-18
-3.87953e-18
-2.0051e-18
-1.06154e-20
1.78358e-18
-1.5185e-17
-1.95973e-17
-2.96534e-17
3.33328e-17
1.73195e-17
-2.52166e-18
-3.09633e-18
-3.72124e-18
-3.73834e-18
-3.85632e-18
-4.4564e-18
-3.29393e-18
-1.1285e-18
5.11242e-18
1.54694e-18
-9.62195e-18
-1.72777e-17
-2.39513e-17
2.24032e-17
1.58353e-17
-1.73739e-18
-2.23679e-18
-2.61469e-18
-2.70707e-18
-2.67458e-18
-2.38401e-18
-1.73708e-18
-1.3452e-18
1.40311e-18
2.21426e-19
-6.84103e-18
-1.50816e-17
-2.0978e-17
1.65309e-17
1.40693e-17
-2.60535e-18
-2.21437e-18
-1.56668e-18
1.26649e-19
2.69305e-19
3.26592e-18
3.26551e-18
-4.50794e-18
-1.18052e-18
-7.79755e-19
-5.61018e-18
-1.59304e-17
-5.05376e-17
-2.82565e-17
9.39164e-18
-4.61215e-18
-4.41034e-18
-4.64704e-18
-3.24414e-18
-2.8584e-18
-3.80349e-18
-1.4251e-18
-2.22829e-18
-1.14116e-19
5.08788e-19
-4.19314e-18
-1.54583e-17
-4.54586e-17
-6.38556e-17
5.02897e-18
-3.55944e-18
-4.36528e-18
-5.44378e-18
-4.91104e-18
-4.56688e-18
-4.76919e-18
-3.17386e-18
-8.38799e-19
7.47967e-18
6.59125e-18
2.90535e-19
-1.36904e-17
-4.03085e-17
-6.31612e-17
2.9501e-17
-2.4963e-18
-2.94297e-18
-3.0481e-18
-4.67041e-18
-6.59114e-18
-1.01009e-17
-6.65651e-18
-1.63773e-18
8.52804e-18
3.16635e-17
3.82444e-17
-1.3583e-18
-3.00449e-17
-1.58812e-17
2.91114e-17
-3.57961e-18
-4.56334e-18
-6.43332e-18
-1.01595e-17
-1.03389e-17
-1.08599e-17
-8.29693e-18
-2.79315e-18
8.05061e-18
2.86382e-17
3.56992e-17
6.70293e-18
-1.77835e-17
-9.50339e-18
6.04681e-17
-5.78877e-18
-6.59648e-18
-8.18545e-18
-1.08949e-17
-1.39155e-17
-2.03431e-17
-1.46586e-17
-8.52578e-18
-7.31241e-18
1.97105e-17
2.97468e-17
6.25978e-18
-4.71236e-17
-8.36355e-18
5.58775e-17
-7.79329e-18
-8.7852e-18
-1.03047e-17
-1.25904e-17
-1.54415e-17
-1.86592e-17
-1.60801e-17
-8.55758e-18
3.95219e-18
5.39583e-17
3.50029e-17
8.02577e-18
-3.32368e-17
-7.24969e-18
5.13947e-17
-1.13058e-17
-1.45592e-17
-1.98445e-17
-3.06187e-17
-2.68857e-17
-2.48635e-17
-2.32779e-17
-2.8399e-17
7.29512e-19
3.74586e-17
3.23437e-17
1.06908e-17
-1.4088e-17
1.09139e-17
4.69049e-17
-2.64028e-19
-8.91439e-18
-1.7248e-17
-2.5284e-17
-2.73729e-17
-2.66152e-17
-2.44238e-17
-2.10669e-17
-8.48465e-19
2.46582e-17
2.48526e-17
2.34472e-18
-5.95476e-17
-4.35225e-17
4.15126e-17
-3.34909e-19
-5.90941e-18
-1.24247e-17
-1.86479e-17
-2.23703e-17
-2.32713e-17
-2.15191e-17
-1.62064e-17
-1.74761e-18
1.56825e-17
1.8033e-17
4.7239e-18
-8.13223e-19
-2.84581e-17
9.84352e-17
3.77761e-19
-2.87986e-18
-7.9199e-18
-1.35513e-17
-1.74321e-17
-1.93696e-17
-1.93174e-17
-1.66844e-17
-7.9023e-18
6.02868e-18
9.27782e-18
-4.68816e-18
-5.12642e-17
-2.85044e-17
9.15901e-17
-5.21428e-18
-1.63821e-17
-6.13361e-18
8.65664e-18
-2.19428e-18
-7.70189e-18
-2.64089e-18
2.29646e-17
4.68115e-17
1.79916e-17
8.17338e-18
-1.72606e-18
1.31139e-18
-1.38686e-17
1.54756e-16
-6.59814e-18
-5.33616e-18
2.60416e-20
7.43597e-18
1.29268e-17
2.73104e-17
1.89837e-17
2.68074e-17
3.60246e-17
2.10078e-17
9.30669e-18
1.67104e-18
5.43924e-18
3.85495e-18
2.1379e-16
-9.48621e-18
-1.30339e-17
-2.04297e-17
-4.41632e-18
8.83578e-18
2.02422e-17
2.38819e-17
2.92454e-17
3.38466e-17
2.79606e-17
1.5156e-17
7.08422e-18
1.06586e-17
2.50904e-17
2.70553e-16
-1.78381e-17
-2.51301e-17
-3.52935e-17
-1.73375e-17
4.65731e-19
1.36404e-17
2.09262e-17
2.34467e-17
1.55283e-17
-2.70949e-17
-3.72168e-18
4.97229e-18
1.56996e-17
4.09857e-17
2.42065e-16
4.01215e-18
6.27688e-18
-1.05624e-17
-2.08848e-17
-3.04927e-17
-1.04007e-17
4.26614e-18
1.02529e-17
6.41661e-18
1.48497e-18
4.68122e-17
1.59181e-17
1.11632e-17
4.52625e-17
2.06082e-16
3.43952e-18
8.02354e-18
1.18393e-17
2.19516e-17
1.13875e-17
2.43863e-17
1.53532e-17
1.82038e-17
3.70675e-17
-3.68335e-17
7.09608e-18
9.73839e-18
5.78329e-17
4.58877e-17
1.61732e-16
-6.06011e-18
-2.13437e-17
-1.75245e-17
-1.54422e-17
1.68296e-17
2.01786e-17
2.24687e-17
2.60514e-17
3.87489e-17
5.54798e-17
8.26856e-17
9.16271e-17
6.7527e-17
6.1867e-17
4.06861e-17
2.84362e-17
3.8336e-17
6.4831e-17
8.69363e-17
7.48265e-17
3.47991e-17
-1.44899e-17
1.29417e-17
3.36776e-17
5.22608e-17
6.4324e-17
2.77605e-17
4.28163e-17
-4.44056e-17
-3.27626e-18
-1.47157e-17
7.67905e-18
2.6289e-17
3.28731e-17
1.04932e-17
-7.1736e-18
-4.88842e-18
9.67235e-18
2.72065e-17
4.3072e-17
4.8975e-17
2.51394e-17
9.46081e-18
-1.60788e-16
-1.23175e-16
-3.17814e-17
-2.19074e-17
-1.68427e-17
-2.39481e-17
-1.36177e-17
-1.16246e-17
-1.00536e-17
1.46285e-18
1.7449e-17
3.1215e-17
3.48851e-17
1.588e-17
-3.97734e-17
-1.51718e-16
-1.3995e-16
-3.89372e-17
-3.54588e-17
-3.2883e-17
-3.21812e-17
-2.89689e-17
-2.70413e-17
2.66375e-17
9.34468e-18
4.89084e-18
1.16957e-17
8.50675e-18
-3.29623e-17
5.40275e-17
-1.19593e-16
-1.36217e-16
-2.65262e-17
-2.1046e-17
-1.1409e-17
4.37534e-18
-2.1974e-18
-1.18965e-18
1.66433e-17
2.89656e-17
6.54142e-17
2.67559e-17
5.13075e-18
-1.97235e-17
8.00227e-18
-8.81458e-17
-1.15645e-16
-2.47922e-17
-2.43446e-17
-2.52958e-17
-3.08058e-17
-1.42964e-17
-5.01423e-19
1.30155e-17
2.23602e-17
2.77999e-17
9.37109e-18
-3.56622e-19
1.4059e-18
7.9256e-17
-1.30102e-16
-9.69049e-17
-4.16866e-18
-1.19282e-17
-1.77847e-17
-2.19591e-17
-2.21726e-17
-1.78609e-17
-4.70436e-18
2.46701e-17
8.94135e-17
9.93077e-17
4.16966e-17
4.37671e-17
1.60724e-16
-7.02423e-17
-1.70215e-16
3.07678e-17
3.8662e-17
2.69483e-17
1.96844e-17
6.92742e-17
1.16885e-16
1.39017e-16
1.40912e-16
9.923e-17
3.40709e-17
4.22616e-17
6.8608e-17
1.61859e-16
1.3781e-16
-2.14976e-16
2.29581e-17
1.83754e-17
7.70057e-18
2.59139e-17
5.46257e-17
8.4999e-17
1.03114e-16
9.61339e-17
4.36227e-17
9.11877e-17
5.96125e-17
6.48706e-17
5.86887e-17
2.09191e-16
-1.54531e-16
1.5067e-17
2.20799e-17
3.3276e-17
5.66115e-17
5.88975e-17
6.74322e-17
7.39031e-17
6.94124e-17
5.21309e-17
5.94892e-17
4.34789e-17
2.16665e-17
-6.79058e-17
1.54731e-16
-1.02964e-16
9.77773e-18
2.11601e-17
3.82351e-17
6.32971e-17
5.81295e-17
5.54596e-17
5.39659e-17
4.88531e-17
3.91917e-17
3.41325e-17
2.08021e-17
2.33053e-18
-3.28296e-17
1.03823e-16
-6.37794e-17
3.62077e-17
3.88817e-17
4.58123e-17
5.51795e-17
5.88431e-17
5.47744e-17
4.33919e-17
3.51374e-17
2.84374e-17
2.41795e-17
1.34736e-17
-3.98382e-17
-7.14421e-17
5.38475e-17
-3.97223e-17
8.92749e-18
-1.71577e-19
-1.65101e-17
-4.68811e-17
-7.02711e-17
-4.68784e-17
3.4129e-17
2.17618e-17
7.17913e-18
-1.69373e-17
-8.02786e-17
9.54391e-17
1.22759e-16
1.43912e-16
-1.14645e-16
)
;
    }
    back
    {
        type            wedge;
        value           nonuniform List<scalar> 
1250
(
-1.31869e-20
-3.62604e-20
-5.5135e-20
-7.23198e-20
-9.78987e-20
-6.83713e-20
-2.00242e-19
-3.85615e-19
-7.3416e-19
-1.46859e-18
-1.21116e-19
-3.47862e-19
-6.33842e-19
-1.10736e-18
-1.53834e-18
-2.36782e-19
-6.60223e-19
-1.25714e-18
-1.98521e-18
-1.21301e-18
-1.54885e-19
-3.2155e-19
-5.12548e-19
-4.32128e-19
-7.49721e-19
2.05302e-20
1.16566e-19
5.65031e-19
1.38841e-18
4.20421e-19
1.36678e-19
3.2058e-19
7.47227e-19
1.21097e-18
7.37132e-19
9.68227e-20
2.77881e-19
4.86153e-19
6.1804e-19
4.77519e-19
1.92134e-19
4.09127e-19
7.54091e-19
1.07941e-18
1.3027e-18
8.33311e-21
-1.09041e-20
-1.69819e-19
-6.24142e-19
-1.3262e-18
1.29989e-19
4.15093e-19
1.00661e-18
2.55608e-18
5.79141e-18
2.88443e-19
6.55457e-19
1.51245e-18
3.00833e-18
5.12926e-18
4.46755e-19
1.28819e-18
2.35888e-18
3.65794e-18
4.85575e-18
2.59521e-19
5.33551e-19
9.07096e-19
1.37978e-18
2.94116e-18
5.47529e-19
1.72129e-18
3.90931e-18
7.18234e-18
5.20544e-18
1.34472e-18
2.88809e-18
5.52659e-18
7.9319e-18
6.81863e-18
4.65468e-19
1.13034e-18
9.66202e-19
-5.46092e-19
2.52072e-18
6.0679e-19
1.13512e-18
1.35696e-18
1.14759e-18
2.44478e-18
-1.32122e-18
-2.38471e-18
-2.13849e-18
-1.21054e-18
-4.24083e-19
1.43607e-17
1.48083e-17
1.23873e-17
6.40869e-18
5.48651e-18
2.07629e-18
3.31772e-18
1.93693e-18
-8.28874e-19
1.29386e-18
2.76799e-19
6.55667e-19
6.11408e-19
4.49884e-19
1.0873e-18
4.64146e-19
1.33053e-18
2.34038e-18
3.03801e-18
7.13799e-19
6.43938e-19
1.83366e-18
3.07011e-18
4.28895e-18
5.23417e-18
1.22976e-18
3.51353e-18
5.9836e-18
7.90246e-18
7.71994e-18
1.14368e-18
3.21876e-18
5.153e-18
6.68265e-18
7.40076e-18
1.16104e-18
3.25021e-18
5.12389e-18
6.56498e-18
7.40375e-18
1.02973e-18
2.85977e-18
4.35536e-18
5.21024e-18
5.1536e-18
5.79179e-19
1.59064e-18
2.29038e-18
2.42766e-18
1.84254e-18
-3.28089e-19
-9.45013e-19
-1.64991e-18
-2.39484e-18
-2.79356e-18
3.0978e-18
9.05257e-18
1.68853e-17
2.74732e-17
1.44897e-17
3.91952e-18
1.11308e-17
1.8518e-17
2.586e-17
3.20189e-17
1.03575e-18
2.72576e-18
3.15488e-18
3.08495e-18
2.42467e-17
8.40082e-19
2.38954e-18
4.06776e-18
6.29346e-18
1.02517e-17
4.97087e-18
1.44066e-17
2.59264e-17
3.99422e-17
2.89436e-17
7.0539e-18
1.95046e-17
3.07102e-17
4.03996e-17
4.62841e-17
-4.52423e-17
-8.34505e-17
-7.50114e-17
-5.58831e-17
-5.44964e-17
-1.07792e-17
-2.65971e-17
-3.06203e-17
-2.54821e-17
-3.73086e-17
1.09498e-16
2.07019e-16
2.11227e-16
2.03758e-16
1.8302e-16
2.65285e-17
6.98764e-17
9.7288e-17
1.10577e-16
1.12352e-16
1.30578e-17
3.22817e-17
5.05393e-17
6.28149e-17
6.90738e-17
6.83664e-18
1.69596e-17
2.74813e-17
3.55753e-17
4.08228e-17
6.33851e-18
1.67453e-17
2.48183e-17
2.93011e-17
3.18451e-17
-1.09212e-16
-1.4181e-16
-1.23229e-16
-6.52807e-17
-3.34309e-17
-2.61122e-17
-5.29034e-17
-8.17379e-17
-1.01723e-16
-7.24517e-17
-8.74245e-18
-2.36143e-17
-3.64733e-17
-4.40853e-17
-4.3691e-17
4.85367e-19
1.93609e-18
5.68573e-18
1.09259e-17
-2.97073e-17
2.41095e-18
7.12934e-18
1.11836e-17
1.36919e-17
1.298e-17
-1.19818e-17
-3.58154e-17
-6.44072e-17
-9.37644e-17
-1.27789e-16
1.26003e-16
1.41942e-16
1.367e-16
8.31668e-17
1.71492e-17
-1.89038e-19
-5.94131e-19
-1.1661e-18
-1.06505e-18
-1.73668e-19
-2.11241e-18
-2.01612e-18
-1.59739e-18
-1.05334e-18
-5.16061e-19
-1.86123e-18
-1.75891e-18
-1.46236e-18
-1.09322e-18
-7.08667e-19
-1.5781e-18
-2.11222e-18
-2.72005e-18
-1.83232e-18
-1.10019e-18
-1.11586e-18
-1.01957e-18
-2.19669e-19
4.02805e-19
-1.75019e-19
-1.53239e-19
2.86893e-19
1.68677e-18
1.97834e-18
7.18652e-19
5.0476e-19
9.01526e-19
1.89938e-18
2.65792e-18
1.33287e-18
4.74823e-19
8.28717e-19
1.40909e-18
1.83398e-18
1.62813e-18
1.41505e-18
1.5526e-18
1.76579e-18
2.02802e-18
2.37792e-18
-1.33166e-18
-7.07873e-19
1.9927e-19
8.88312e-19
1.74857e-18
6.7526e-18
5.92179e-18
3.9586e-18
4.76845e-18
3.25879e-18
6.02088e-18
5.89289e-18
5.69103e-18
6.75229e-18
4.74314e-18
5.50202e-18
5.63143e-18
5.67303e-18
5.74247e-18
4.70775e-18
4.04023e-18
4.47043e-18
4.40574e-18
4.45056e-18
3.96845e-18
4.71324e-18
5.58623e-18
7.17674e-18
6.03275e-18
4.75317e-18
5.99854e-18
5.80898e-18
5.55232e-18
2.83123e-18
3.15649e-18
3.64024e-18
3.15415e-18
1.36296e-18
1.78845e-18
2.42739e-18
3.09609e-18
2.82896e-18
2.05422e-18
2.03163e-18
2.1953e-18
-1.43365e-19
1.25255e-19
4.60628e-19
8.46862e-19
1.29663e-18
7.91631e-18
7.3353e-18
5.97962e-18
5.58386e-18
3.59068e-18
3.09129e-18
3.14398e-18
2.11042e-18
2.97513e-18
3.52243e-18
1.70553e-18
2.01238e-18
2.12959e-18
2.48818e-18
2.91396e-18
1.33306e-18
2.24055e-18
2.94384e-18
1.71127e-18
1.98862e-18
4.23925e-18
3.7601e-18
3.51736e-18
3.18613e-18
3.17744e-18
7.18923e-18
7.28997e-18
7.72529e-18
6.63717e-18
5.80801e-18
7.7681e-18
7.99641e-18
8.09077e-18
7.804e-18
7.51725e-18
7.58417e-18
6.98137e-18
5.29511e-18
2.54734e-18
4.17191e-18
3.89723e-18
1.07281e-18
-3.83237e-18
-1.07603e-17
-9.6642e-18
5.03362e-19
-1.45601e-18
-3.61605e-18
-5.01088e-18
-3.65489e-18
-3.35193e-18
-4.00017e-18
-4.3814e-18
-3.88902e-18
-2.47176e-18
8.30005e-18
7.26768e-18
9.53248e-18
2.28529e-18
-2.24604e-18
4.06202e-17
3.79013e-17
2.43415e-17
1.4664e-17
8.8137e-18
2.19015e-17
1.55959e-17
6.27817e-18
7.54506e-18
8.15792e-18
1.15294e-17
1.12141e-17
1.06258e-17
1.17441e-17
1.38294e-17
2.43986e-17
2.38344e-17
2.49279e-17
1.54225e-17
6.37578e-18
3.23985e-17
1.95139e-17
7.3467e-18
4.86251e-18
1.09979e-18
-4.95704e-17
-4.22966e-17
-2.86423e-17
-2.11678e-17
-6.53554e-18
-4.02405e-17
-3.57089e-17
-2.60201e-17
-2.71085e-17
-2.64601e-17
1.56017e-16
1.2958e-16
9.75576e-17
6.1466e-17
4.25495e-17
1.05738e-16
9.35373e-17
7.76843e-17
6.04186e-17
4.47099e-17
7.00295e-17
6.67862e-17
6.06044e-17
5.2806e-17
4.46471e-17
4.31827e-17
4.29173e-17
4.04804e-17
3.64085e-17
3.12118e-17
3.29719e-17
3.29055e-17
3.17918e-17
2.97288e-17
2.66958e-17
-1.7766e-17
-1.20387e-17
-1.32374e-17
-1.83598e-17
-5.46127e-18
-5.26837e-17
-4.10022e-17
-3.45503e-17
-3.11923e-17
-2.88789e-17
-4.12664e-17
-3.81477e-17
-3.47042e-17
-3.07376e-17
-2.65072e-17
-1.97825e-17
-6.69489e-18
6.8881e-18
-2.8063e-18
-9.56726e-18
1.33427e-17
1.27255e-17
1.01014e-17
4.62403e-18
-1.94998e-18
-1.29825e-16
-1.07924e-16
-7.3806e-17
-5.21442e-17
-4.00583e-17
-1.47338e-17
-2.56884e-17
-2.56123e-17
-2.12367e-17
-1.5309e-17
-3.8309e-20
9.69743e-20
2.58308e-19
1.52272e-19
1.03341e-19
1.54193e-19
3.06503e-19
3.05818e-19
-1.10005e-19
1.88612e-18
8.17851e-19
-6.16749e-20
-2.51486e-19
1.42891e-18
-4.50692e-19
-5.1228e-20
5.02674e-19
1.53323e-18
5.85677e-19
2.93473e-19
5.25105e-19
1.31072e-18
1.42702e-18
-1.16914e-18
3.69405e-18
2.4379e-18
-4.29104e-19
-1.36301e-18
-1.72668e-18
-1.76908e-17
-3.14718e-19
8.95439e-20
4.12047e-19
-3.99831e-20
-1.15981e-19
5.77447e-19
3.15468e-18
4.63202e-18
1.39856e-19
1.6245e-18
-6.93162e-19
-1.73808e-18
-3.26332e-18
-7.49608e-18
1.36149e-17
-6.77825e-19
-5.50262e-19
-1.01287e-18
-2.38651e-18
-2.20669e-18
-1.78138e-18
2.93409e-19
4.04085e-19
-6.79231e-19
-8.935e-19
-6.78043e-18
-3.87827e-18
-6.08692e-18
-2.18676e-17
4.59058e-18
-6.81056e-19
-1.78822e-18
-5.28188e-18
-1.41972e-17
-8.2649e-18
-9.36256e-18
-4.84615e-18
-8.15917e-18
-3.21071e-18
-3.30591e-18
-9.11241e-18
-6.07728e-18
-8.69068e-18
-2.88251e-17
3.63234e-17
-7.82615e-19
-3.73987e-18
-1.16943e-17
-1.18956e-17
-1.03877e-17
-1.34919e-17
-7.8786e-18
-7.71419e-18
-4.85773e-18
-6.13534e-18
-1.63587e-17
-8.6055e-18
-1.00952e-17
-2.15943e-17
6.23547e-17
-2.41057e-19
-2.37834e-18
-4.92446e-18
-8.4052e-19
-7.07196e-18
-9.95847e-18
-8.04254e-18
-7.24506e-18
-5.86258e-18
-8.00688e-18
-1.98607e-17
-1.02483e-17
-1.0793e-17
-1.64753e-17
5.48651e-17
1.87117e-18
4.17565e-18
4.54638e-18
-1.14832e-18
-1.07831e-17
-8.81301e-18
-7.47495e-18
-6.71822e-18
-6.04076e-18
-6.90821e-18
-6.11114e-18
-9.42454e-18
-1.09761e-17
-1.38532e-17
4.91867e-17
3.6317e-18
7.17825e-18
4.9759e-18
4.46424e-19
-5.23137e-18
-6.4898e-18
-6.36411e-18
-6.09447e-18
-5.87048e-18
-5.71734e-18
-5.78891e-18
-8.54436e-18
-1.13497e-17
-1.70855e-17
4.26382e-17
2.87733e-18
4.36957e-18
3.68545e-18
9.98504e-19
-2.74579e-18
-5.33771e-18
-5.85683e-18
-5.93241e-18
-6.38952e-18
-3.27585e-18
-4.30348e-18
-7.2477e-18
-1.25957e-17
-4.36661e-17
3.15465e-17
2.99159e-18
3.28065e-18
2.70683e-18
5.19275e-19
-3.98118e-18
-1.23985e-17
-7.95516e-18
-7.31773e-18
-1.18983e-17
6.122e-18
-8.36827e-19
-4.56456e-18
-9.83901e-18
-6.79251e-17
1.68975e-17
3.49679e-18
2.61923e-18
7.53376e-19
-3.66219e-18
-4.74372e-18
-7.90022e-18
-6.80574e-18
-6.07302e-18
-5.46786e-18
9.92447e-18
2.78437e-18
9.05737e-19
1.62174e-17
-8.04369e-17
1.63342e-18
3.9028e-18
3.47694e-18
2.8287e-18
-3.89532e-18
-4.29681e-18
-5.34115e-18
-5.05642e-18
-4.29568e-18
-2.44454e-18
5.6498e-18
4.48813e-18
6.35529e-18
3.52386e-17
-5.96354e-17
-1.31767e-17
3.44669e-18
2.91639e-18
1.83281e-18
-1.13023e-18
-2.53335e-18
-3.49396e-18
-2.82739e-18
-2.29296e-18
-7.30713e-19
3.89206e-18
6.06155e-18
9.83657e-18
2.92871e-17
-4.24845e-17
2.44218e-17
4.24548e-18
4.62607e-18
6.16625e-18
4.73431e-18
-5.79783e-20
-4.94162e-18
2.86312e-18
6.06018e-19
8.28236e-19
4.05316e-18
1.02545e-17
1.48256e-17
4.69822e-17
-5.60821e-17
-1.9878e-17
3.2779e-18
3.00316e-18
1.47687e-18
2.41393e-18
1.18733e-18
-2.42545e-19
1.88904e-18
1.45225e-18
1.50293e-18
4.75655e-18
2.47492e-17
2.00377e-17
3.82649e-17
-8.51481e-18
-1.80501e-17
2.9109e-18
3.65189e-18
5.00408e-18
4.06522e-18
3.93746e-18
6.17324e-18
3.87945e-18
2.00502e-18
1.04126e-20
-1.78354e-18
1.51846e-17
1.95969e-17
2.96529e-17
-3.33331e-17
-1.73195e-17
2.52152e-18
3.09618e-18
3.72096e-18
3.73852e-18
3.85609e-18
4.45611e-18
3.29387e-18
1.12839e-18
-5.11269e-18
-1.54685e-18
9.62139e-18
1.72773e-17
2.39508e-17
-2.24036e-17
-1.58353e-17
1.73726e-18
2.2366e-18
2.61428e-18
2.70729e-18
2.67427e-18
2.38361e-18
1.73697e-18
1.34498e-18
-1.40347e-18
-2.21353e-19
6.84026e-18
1.5081e-17
2.09775e-17
-1.65313e-17
-1.40693e-17
2.60512e-18
2.21416e-18
1.56624e-18
-1.2644e-19
-2.69773e-19
-3.26642e-18
-3.26572e-18
4.50767e-18
1.18002e-18
7.79808e-19
5.60949e-18
1.59297e-17
5.05368e-17
2.8256e-17
-9.39165e-18
4.61191e-18
4.41007e-18
4.64644e-18
3.24442e-18
2.8579e-18
3.80281e-18
1.42494e-18
2.22807e-18
1.13467e-19
-5.08595e-19
4.19228e-18
1.54577e-17
4.54578e-17
6.38552e-17
-5.02896e-18
3.55918e-18
4.365e-18
5.44327e-18
4.9113e-18
4.5664e-18
4.76853e-18
3.17369e-18
8.38575e-19
-7.48039e-18
-6.59115e-18
-2.91604e-19
1.36898e-17
4.03077e-17
6.31608e-17
-2.95009e-17
2.49612e-18
2.94273e-18
3.04751e-18
4.67079e-18
6.59056e-18
1.01001e-17
6.65625e-18
1.63741e-18
-8.52882e-18
-3.16636e-17
-3.82454e-17
1.35773e-18
3.00442e-17
1.58808e-17
-2.91114e-17
3.57944e-18
4.56315e-18
6.43279e-18
1.01598e-17
1.03384e-17
1.08591e-17
8.2967e-18
2.7927e-18
-8.05137e-18
-2.8638e-17
-3.57003e-17
-6.70352e-18
1.77829e-17
9.50307e-18
-6.04681e-17
5.7886e-18
6.59625e-18
8.18502e-18
1.08952e-17
1.3915e-17
2.03423e-17
1.46583e-17
8.52559e-18
7.31168e-18
-1.97104e-17
-2.97477e-17
-6.26036e-18
4.71231e-17
8.36325e-18
-5.58775e-17
7.79311e-18
8.78502e-18
1.03043e-17
1.25907e-17
1.54409e-17
1.86585e-17
1.60798e-17
8.55731e-18
-3.95286e-18
-5.39582e-17
-3.50037e-17
-8.02619e-18
3.32364e-17
7.24943e-18
-5.13947e-17
1.13056e-17
1.4559e-17
1.9844e-17
3.0619e-17
2.68852e-17
2.48628e-17
2.32776e-17
2.83987e-17
-7.30125e-19
-3.74585e-17
-3.23443e-17
-1.06911e-17
1.40877e-17
-1.09141e-17
-4.69049e-17
2.63889e-19
8.91423e-18
1.72476e-17
2.52843e-17
2.73726e-17
2.66147e-17
2.44237e-17
2.10667e-17
8.48022e-19
-2.46581e-17
-2.48531e-17
-2.34502e-18
5.95473e-17
4.35224e-17
-4.15126e-17
3.34811e-19
5.90929e-18
1.24244e-17
1.86481e-17
2.23699e-17
2.32709e-17
2.1519e-17
1.62062e-17
1.74725e-18
-1.56824e-17
-1.80334e-17
-4.72415e-18
8.1298e-19
2.8458e-17
-9.84352e-17
-3.77846e-19
2.87978e-18
7.91968e-18
1.35514e-17
1.74319e-17
1.93693e-17
1.93173e-17
1.66843e-17
7.90203e-18
-6.02861e-18
-9.27813e-18
4.68797e-18
5.1264e-17
2.85043e-17
-9.15901e-17
5.21421e-18
1.6382e-17
6.13347e-18
-8.65652e-18
2.19409e-18
7.70169e-18
2.64084e-18
-2.29647e-17
-4.68117e-17
-1.79917e-17
-8.17367e-18
1.7259e-18
-1.31149e-18
1.38686e-17
-1.54756e-16
6.5981e-18
5.33611e-18
-2.61685e-20
-7.43589e-18
-1.2927e-17
-2.73105e-17
-1.89838e-17
-2.68075e-17
-3.60247e-17
-2.10078e-17
-9.30687e-18
-1.67116e-18
-5.43934e-18
-3.85502e-18
-2.1379e-16
9.48618e-18
1.30339e-17
2.04296e-17
4.41637e-18
-8.8359e-18
-2.02423e-17
-2.38819e-17
-2.92455e-17
-3.38467e-17
-2.79606e-17
-1.51561e-17
-7.08432e-18
-1.06586e-17
-2.50905e-17
-2.70553e-16
1.78381e-17
2.51301e-17
3.52934e-17
1.73375e-17
-4.65832e-19
-1.36405e-17
-2.09263e-17
-2.34467e-17
-1.55284e-17
2.70949e-17
3.72154e-18
-4.97238e-18
-1.56997e-17
-4.09857e-17
-2.42065e-16
-4.01217e-18
-6.2769e-18
1.05624e-17
2.08848e-17
3.04926e-17
1.04006e-17
-4.26616e-18
-1.02529e-17
-6.41668e-18
-1.48498e-18
-4.68123e-17
-1.59182e-17
-1.11632e-17
-4.52625e-17
-2.06082e-16
-3.43953e-18
-8.02355e-18
-1.18393e-17
-2.19515e-17
-1.13876e-17
-2.43864e-17
-1.53532e-17
-1.82039e-17
-3.70675e-17
3.68335e-17
-7.09614e-18
-9.73842e-18
-5.7833e-17
-4.58877e-17
-1.61732e-16
6.0601e-18
2.13437e-17
1.75245e-17
1.54423e-17
-1.68296e-17
-2.01786e-17
-2.24687e-17
-2.60514e-17
-3.8749e-17
-5.54798e-17
-8.26856e-17
-9.16271e-17
-6.7527e-17
-6.1867e-17
-4.06861e-17
-2.84362e-17
-3.8336e-17
-6.4831e-17
-8.69362e-17
-7.48266e-17
-3.47991e-17
1.44898e-17
-1.29417e-17
-3.36776e-17
-5.22608e-17
-6.4324e-17
-2.77605e-17
-4.28163e-17
4.44056e-17
3.27627e-18
1.47157e-17
-7.67905e-18
-2.6289e-17
-3.2873e-17
-1.04933e-17
7.17358e-18
4.88842e-18
-9.67236e-18
-2.72065e-17
-4.3072e-17
-4.89751e-17
-2.51394e-17
-9.46083e-18
1.60788e-16
1.23175e-16
3.17814e-17
2.19074e-17
1.68427e-17
2.39481e-17
1.36176e-17
1.16246e-17
1.00536e-17
-1.46286e-18
-1.7449e-17
-3.1215e-17
-3.48851e-17
-1.588e-17
3.97734e-17
1.51718e-16
1.3995e-16
3.89372e-17
3.54588e-17
3.2883e-17
3.21812e-17
2.89689e-17
2.70413e-17
-2.66375e-17
-9.34468e-18
-4.89085e-18
-1.16957e-17
-8.50677e-18
3.29623e-17
-5.40275e-17
1.19593e-16
1.36217e-16
2.65261e-17
2.1046e-17
1.14089e-17
-4.37534e-18
2.19737e-18
1.18964e-18
-1.66433e-17
-2.89656e-17
-6.54142e-17
-2.67559e-17
-5.13077e-18
1.97235e-17
-8.00228e-18
8.81458e-17
1.15645e-16
2.47922e-17
2.43446e-17
2.52958e-17
3.08058e-17
1.42964e-17
5.01414e-19
-1.30155e-17
-2.23602e-17
-2.77999e-17
-9.37109e-18
3.56612e-19
-1.4059e-18
-7.9256e-17
1.30102e-16
9.69049e-17
4.16866e-18
1.19282e-17
1.77847e-17
2.19591e-17
2.21725e-17
1.78609e-17
4.70436e-18
-2.46701e-17
-8.94135e-17
-9.93077e-17
-4.16966e-17
-4.37671e-17
-1.60724e-16
7.02423e-17
1.70215e-16
-3.07678e-17
-3.8662e-17
-2.69483e-17
-1.96844e-17
-6.92742e-17
-1.16885e-16
-1.39017e-16
-1.40912e-16
-9.923e-17
-3.40709e-17
-4.22617e-17
-6.8608e-17
-1.61859e-16
-1.3781e-16
2.14976e-16
-2.29581e-17
-1.83754e-17
-7.70057e-18
-2.59139e-17
-5.46257e-17
-8.4999e-17
-1.03114e-16
-9.61339e-17
-4.36227e-17
-9.11877e-17
-5.96125e-17
-6.48706e-17
-5.86887e-17
-2.09191e-16
1.54531e-16
-1.5067e-17
-2.20799e-17
-3.3276e-17
-5.66115e-17
-5.88975e-17
-6.74322e-17
-7.39031e-17
-6.94124e-17
-5.21309e-17
-5.94892e-17
-4.34789e-17
-2.16665e-17
6.79058e-17
-1.54731e-16
1.02964e-16
-9.77773e-18
-2.11601e-17
-3.82351e-17
-6.32971e-17
-5.81295e-17
-5.54596e-17
-5.39659e-17
-4.88531e-17
-3.91917e-17
-3.41325e-17
-2.08021e-17
-2.33053e-18
3.28296e-17
-1.03823e-16
6.37794e-17
-3.62077e-17
-3.88817e-17
-4.58123e-17
-5.51795e-17
-5.88431e-17
-5.47744e-17
-4.33919e-17
-3.51374e-17
-2.84374e-17
-2.41795e-17
-1.34736e-17
3.98382e-17
7.14421e-17
-5.38475e-17
3.97223e-17
-8.92749e-18
1.71579e-19
1.65101e-17
4.68811e-17
7.02711e-17
4.68784e-17
-3.4129e-17
-2.17618e-17
-7.17912e-18
1.69373e-17
8.02786e-17
-9.54391e-17
-1.22759e-16
-1.43912e-16
1.14645e-16
)
;
    }
}


// ************************************************************************* //
